9.148547265767134062e-01 -2.115629805944042729e+01 -1.630570016826972335e+01
0.000000000000000000e+00 0.000000000000000000e+00 0.000000000000000000e+00
2.779909386566655760e-01 -6.147131061183138456e+00 -1.671367043119072804e+01
-6.220226971637128344e+00 2.425107577401445269e+01 -7.703683125623597583e+00
-2.691186870937971598e-01 7.190924643224605006e+00 2.489088761472352029e+00
-4.359808179399586314e-01 1.700861879452755332e+01 1.955519865433907600e-01
-9.205763977793909314e-01 4.149407965707851531e+01 -1.625851148060521467e+01
-4.845538319029630969e+01 4.587596925836350437e+01 -4.113200236228196616e+01
-1.331969591056694435e+00 6.232480056513438171e+01 -2.005591624391908923e+01
-1.507506227865235138e+00 7.257015310002287833e+01 -1.823464269470253996e+01
-2.190072375636748614e+00 1.063827691329612293e+02 -2.323513440153595866e+01
1.009972979272005356e+00 -2.449557422870001844e+01 -1.730375043334709417e+01
1.106252180592262713e+00 -2.705129052325237993e+01 -1.972021867368147241e+01
1.254124968789990024e+00 -2.818237717711207679e+01 -2.276244054873376754e+01
1.502007852056319148e+00 -3.003047283540351131e+01 -2.355629758364517556e+01
1.595269251026576462e+00 -3.313901106136292185e+01 -2.282928020465093155e+01
1.852790755243151732e+00 -3.693564482186751263e+01 -2.175482523480522090e+01
2.058439798919588171e+00 -4.062498646551052417e+01 -2.322260884911073830e+01
2.391404858804505817e+00 -4.562523607284740734e+01 -3.015912749269111615e+01
2.899997482618091316e-01 -3.384098485099008347e+00 -3.453383710342638135e+00
-5.423040315352460006e+00 -2.604512212120239312e+00 -1.219871235094949213e+01
-7.260214380280294222e+01 7.512871960370382851e+01 -7.139479184647288434e+01
-2.859667036319771682e+01 3.868754791357379474e+01 -3.453673339117649732e+01
-3.517039383150397924e+01 3.820496455929880852e+01 -3.513143132979628547e+01
-4.157029767185461822e+01 3.865621767722797841e+01 -3.703792081016680982e+01
-5.029667720334620640e+01 4.363856296246881072e+01 -4.244694172045523572e+01
-2.338941476354487747e+01 4.046102593622609334e+01 -3.533073537671655373e+01
-3.831768130863875399e+01 5.868118112913428064e+01 -3.170475550094164063e+01
-3.102299567197900032e+01 5.780099777285302309e+01 -3.141907647849214058e+01
-4.515394189337060737e+01 5.778453646402368094e+01 -3.400666516364886149e+01
-4.958947591706859015e+01 5.525900462984030526e+01 -3.663536921745124175e+01
-5.513434195114023595e+01 3.878502885135674916e+01 -4.597977861316324066e+01
-2.006747679334078427e+01 -5.387901736562933763e+01 -3.782532010643672038e+01
-5.089060571272243294e+01 4.814845510151175034e+01 -4.330282510025540432e+01
-7.350567128609121426e+01 4.469049578266844946e+01 -7.526794865911604404e+01
-6.238922167068131586e+01 4.492222612143488902e+01 -5.242004500691758295e+01
-3.173135631521355293e+01 8.390942233571747622e+00 -2.953774646093001621e+01
-6.380826979615965122e+00 -2.025735225990049315e+01 -1.714430885818031314e+01
-4.794145104660175960e+00 -2.706271723637197368e+01 -2.056670245198079883e+01
-1.351502748486318062e+01 -2.257423149287029318e+01 -2.082255287709619651e+01
-1.771165841055959334e+01 -2.534350077951054914e+01 -2.525497406381421683e+01
-9.742393937030083606e+00 -2.761508073305946809e+01 -2.286945797737963559e+01
-1.363068103066322756e+01 -2.836568769796146228e+01 -2.689182991301253978e+01
-2.504193277260501560e+01 -3.481657230312055873e+01 -3.545271070659233459e+01
-5.110429391419389233e+00 2.054332462107738844e-01 -4.110516912098361453e-01
-6.324546159796470057e+00 7.090306968815957234e+00 1.848268333922310713e+00
-5.992474238725147728e+01 6.425478884057224604e+01 -3.895649133745429538e+01
-1.973792531786902771e+01 2.633675791039628677e+01 -2.813587205633387001e+01
-1.897937806901484947e+01 2.812089884364410874e+00 -1.611864030344525389e+01
-1.961320829292041168e+01 6.841473342558195725e+00 -1.790778464289715899e+01
-5.089260121171823670e+01 9.826692357090742291e+00 -3.802359193285786176e+01
-6.330358455715761501e+00 1.625893261633295239e+01 -1.842250057849980749e+00
-4.562964955377064058e+01 7.178667350051972562e+01 -2.727924281476750679e+01
-5.423218284139301204e+01 6.949906765259271424e+01 -3.280808266782871385e+01
-6.698150384058763507e+01 8.720626457057282721e+01 -5.765477362045695742e+01
-1.654702301530709008e+01 6.466539111651962912e+01 -2.177094248784866792e+01
-2.481177445905553114e+01 5.494507285400670327e+01 -3.331537100056591783e+01
-3.000601623722046440e+01 -2.883399327430152681e+01 -3.681506606435321771e+01
-6.170908140781204310e+01 -1.779310390742424275e+01 -9.632794151249669312e+01
-1.423040004796292735e+01 -1.048656595112015477e+00 -1.860643977453058540e+01
-9.191852046887950323e+00 -3.165879253469159771e+00 -1.829018169631862989e+01
-2.221958770328785704e+01 -2.954162474338103905e+01 -3.581639556606839392e+01
-1.916466023791895879e+01 -2.898057268869659353e+01 -3.379841822515572858e+01
-5.814125572024749289e+01 7.459646747249550458e+01 -3.552972394883397556e+01
-1.874991854800512669e+01 -9.778070852587182615e-02 -1.980033572812808274e+01
-3.360156562874723107e+01 7.083407710223296760e+01 -2.328803369393260425e+01
-3.498294305920518354e+01 7.674550812060728333e+01 -2.161609206778296510e+01
-4.113295540842789677e+01 1.026852874515567038e+02 -3.150120189737618404e+01
-6.261158998986424962e+01 8.077848854256522770e+01 -4.466851604872746151e+01
-3.745626302191939772e+01 8.949287792652056339e+01 -2.595514225233568695e+01
-6.409277249454068226e+01 6.772313172795536218e+01 -4.437315583901166605e+01
-6.842918425927064163e+01 7.083693557115833528e+01 -5.664416869230183949e+01
-5.704836061309353390e+00 -2.419784828374248775e+01 -1.802441689804004454e+01
-1.147943801562061772e+01 -2.571966014989578042e+01 -2.146779787715315635e+01
-1.570659248757805138e+01 -2.703596429787122446e+01 -2.546745180803927155e+01
-1.261377077210246256e+01 -2.274000882504064514e+00 -2.019170299900279986e+01
-2.057579318157531745e+01 -2.944050969110964999e+01 -3.475212688192611665e+01
-1.833653821069396983e+01 -3.048142541562292607e+01 -3.078682601582250555e+01
-1.865795254804571712e+01 -2.834913412639723518e+01 -3.364591837142902619e+01
-1.142739287786926816e+01 8.513259991246034941e-01 -9.876176011041945202e+00
-1.218918524295454020e+01 -2.791183450777680619e+01 -2.803483789644835156e+01
-8.350831644687207955e+00 -2.786499665526031322e+01 -2.545548529177274943e+01
-3.845966871396231834e+00 -2.802897474872030159e+01 -2.342792396698560964e+01
-5.572201917805728044e+00 -4.540252369992511206e+01 -3.012665389729110288e+01
-5.365192896332154682e+00 -3.999040120204877269e+01 -2.339172753728235676e+01
-5.197937930814450880e+00 -3.610808075531483041e+01 -2.226080055451731354e+01
-4.859232310538363464e+00 -3.244793950546254280e+01 -2.333585969477768529e+01
-4.342999312996704830e+00 -2.986864886982825951e+01 -2.422251717054099274e+01
-1.325201888910977210e+01 -2.925654432211706890e+01 -2.845881804029673745e+01
-1.416841944027012623e+01 -3.022054759995663886e+01 -2.737531113643136749e+01
-1.546046890209997926e+01 -3.204663585073026155e+01 -2.649501651047687645e+01
-1.673301896255685506e+01 -3.422394439639761998e+01 -2.771289343371077862e+01
-2.421781218551317139e+01 -1.734403584472607918e+01 -2.702724100610041802e+01
-7.135967250282504892e+01 1.612940181673525686e+01 -1.043603684910736575e+02
1.136603129815818569e-01 -4.424282255870950920e+00 -1.207774514905610985e+01
-1.571579313002450284e+01 -2.905465926780481567e+01 -3.141826255989206018e+01
-1.688570946558120767e+01 -2.957389534262117436e+01 -3.071287189709848420e+01
-7.157189252565415494e+00 -6.163807107498211479e+00 -1.828666957307834906e+01
-1.662825586548887813e+01 -4.182663885084512145e+00 -2.450496554561837925e+01
-8.137957977861052683e+00 -4.787134635946583394e+00 -1.816627799693569045e+01
-2.618620717099350870e+01 2.234302950269785626e+01 -3.061617083398753536e+01
-3.666860061630852385e+01 1.762730876790603318e+01 -3.287932181252316610e+01
-2.034309424526541932e+01 3.929083782216975074e+00 -2.164947701416718573e+01
-5.708066879032234908e+01 9.659019412260074944e+01 -4.351152958389501890e+01
-5.296362302584840620e+01 8.745404078925372460e+01 -3.454913102889514676e+01
-4.836599909345107307e+01 7.765600177376371960e+01 -2.782411190436920378e+01
-1.999432465002364268e+01 -3.883151558330748543e+01 -3.284556904343820349e+01
-1.887509129955605758e+01 7.432782776000890124e+01 -1.862118030458617568e+01
-2.085752195741618920e+01 8.910264744987945562e+01 -2.106989919274033696e+01
-2.333003507714443359e+01 1.055034666887297163e+02 -2.451621401490185193e+01
-4.709260372561285379e+01 4.044620729762674216e+01 -3.986577991157377454e+01
-6.163555233233484643e+01 3.371008624822370336e+01 -4.967588888342537956e+01
-2.013090425594257837e+01 4.235207615712831597e+01 -3.618728111704062655e+01
-5.631010613544462728e+01 5.363032379676577222e+01 -4.254464981613361374e+01
-1.554322466156337335e+01 3.084340594083846554e+01 -2.574295890451317703e+01
-1.569021090163456122e+01 5.149532221707651125e+00 -9.711178263217448148e+00
-6.795526778620528319e+01 2.960657931713468827e+01 -5.743648013666120278e+01
-5.712657084292627019e+01 2.781369689879853269e+01 -4.386152945661507374e+01
-4.853184763936079804e+01 2.450482269408525937e+01 -3.772335329606884358e+01
-3.601208594369349925e+01 2.569064332910846460e+01 -3.509135294401505689e+01
-2.701371905757670078e+01 2.870271340331758836e+01 -3.342291562641266722e+01
-2.045545770804240249e+01 3.196872235769666659e+01 -3.157198333232548038e+01
-7.180727720982859275e+00 3.981087420676940525e+01 -1.881047486381328326e+01
-6.590993544542199345e+01 1.439738442707387556e+01 -5.620327599864578616e+01
-6.153924070867728346e+01 5.533209967946419283e+01 -4.566308377297556120e+01
-2.808695743991823424e+00 -3.065978466744797348e+00 -3.793643100127903622e+00
-1.862973012703468711e+01 1.886621492333171801e+01 -2.558474529614460025e+01
-7.528574531906564005e+01 4.656345023270689154e+01 -9.756039123252975287e+01
-1.572925370061296846e+01 3.568119336819317056e+01 -3.054510328695048571e+01
-2.106203459070404094e+01 3.773117826855839407e+00 -2.786456188890308994e+01
-5.284233476780380556e+01 4.822544665391747998e+01 -4.471456621074302262e+01
-1.609797489328302333e+01 1.004049788019603362e+01 -1.194446765679387923e+01
-6.776039916895483373e+01 -3.959852393561689166e-01 -1.022395855195791512e+02
-2.030925725034764184e+01 4.516753746588777574e+01 -3.772286249847361006e+01
-1.149164538343028497e+01 1.393431486843003242e+01 -5.682101357094281546e+00
-4.698146500887104793e+01 -3.712494869787099105e+01 -6.092936917670845531e+01
-4.632128828722488123e+01 -4.284537686064173556e+01 -7.382172229232035932e+01
-7.163099772964034173e+01 1.509098575146995458e+01 -8.012898098983167472e+01
-5.539959983810639699e+01 -2.742437400994726460e+01 -6.903865190144394148e+01
-7.137334912065917081e+01 5.864025763206306863e+01 -6.777162710263347378e+01
-2.100992895124562310e+01 -5.946674850490848740e+01 -4.241813892804949404e+01
-2.318745176324515711e+00 -4.154357804599166926e+00 -1.243734008754636022e+01
-2.394369201386177792e+01 1.382870294278128220e+01 -2.806596007035927087e+01
-6.764579860554427171e+01 4.396510907506987564e+01 -5.907933804673363909e+01
-4.163162680944191862e+01 4.286923622447050519e+01 -3.724224884874766417e+01
-3.571606387351848610e+01 4.205034069833120469e+01 -3.574249819744272116e+01
-1.995866708553201718e+01 -3.175575784108265864e+01 -3.196285405744699304e+01
-6.310651569786206494e+01 8.665604538752170738e-01 -5.881685370390558631e+01
-9.586273003679208315e+00 -6.824763607707500057e+01 -4.510446042127571786e+01
-2.823185567377465333e+01 -5.812136478901150127e+01 -5.724463335987034895e+01
-3.641310474720494739e+01 -5.189809989480136920e+01 -6.434139245330996459e+01
-1.843973787842714263e+00 8.875418603834069131e+01 -1.993835127052208023e+01
3.573841760143899648e+00 -6.999607073064150597e+01 -4.338518378536160469e+01
-3.012081186430974356e+01 4.245902854155148987e+01 -3.551782472692394066e+01
-2.502260166455980794e+01 4.363760263971635567e+01 -3.643438451445321391e+01
-2.186233307938354287e+01 4.444335525731754899e+01 -3.777911578922856961e+01
-6.622554895198115332e+01 5.715155891282669387e+01 -5.233131411822072465e+01
-2.563944098739683142e+01 5.005527591118816844e+01 -3.488869957276431677e+01
-3.126275303348046108e+01 5.216742582818894647e+01 -3.386563057849343039e+01
-3.732422278150836092e+01 5.276546389776012091e+01 -3.417807279132144060e+01
-4.337839803667922212e+01 5.189772530629465308e+01 -3.586119108140381684e+01
-4.709083323770622087e+01 5.031952231919040486e+01 -3.796223667622423648e+01
-7.540309119088479406e+01 6.226932835139272981e+01 -8.592215566086633771e+01
-4.567343534427365626e+01 4.426810859330062442e+01 -3.935947100857381287e+01
4.233619507734669440e-01 -1.068110587909475484e+01 -1.814043635165738877e+01
-1.911311818804269791e+01 -1.365028120508208076e+01 -2.399469243756027126e+01
-1.447922800127011733e+01 -8.577013588721575654e-02 -1.616142215069266541e+01
-7.732849672825373943e+00 -1.153298227385398711e+01 -1.857956333327405218e+01
-1.011598320069680979e+00 5.207349429209857306e+01 -2.055510973889873938e+01
-3.824526945248931042e+01 -4.586914532988397042e+01 -5.495869632058544596e+01
-2.981411789516188193e+01 -5.251645373643849268e+01 -4.902503671284920017e+01
-1.009025079152478810e+01 -6.495104384301025391e+01 -3.661539663293957148e+01
-5.441604452440276418e+01 -3.218403732197499778e+01 -8.593672073348737683e+01
-2.194137221523029524e+01 4.707416406506574447e+01 -3.663482399899650233e+01
-1.112485031288320947e+01 2.809514774003325499e+01 -1.694255292287846970e+01
3.526538307106833248e+00 -6.646029136710028240e+01 -3.515455563574028020e+01
-1.958025283229362046e+01 -6.388188523772290495e+01 -4.997676689665529182e+01
-6.808012260699950957e+01 6.148916238063604350e-02 -7.971974368503698827e+01
-9.322175080318345408e+00 -2.949813433409097740e+01 -2.613162457306613007e+01
-1.019769111677016049e+01 -3.129143020960624000e+01 -2.498212862060177741e+01
-1.106471226042134326e+01 -3.409462948993387954e+01 -2.398514160307131959e+01
-1.171473563327984913e+01 -3.759235671571445181e+01 -2.508292395948227949e+01
-1.346720580544399581e+01 -4.261238808413788348e+01 -3.059336341426090300e+01
-1.685816381269055952e+01 -2.882899153246426849e+01 -3.059016635838836251e+01
-1.889441894001758371e+01 -2.840819177958704600e+01 -3.054421957499038243e+01
-2.081864966744941015e+01 -2.742481704986558810e+01 -3.046244556427883765e+01
-2.811397552949803824e+01 -2.273364220412772951e+01 -3.154380416633097539e+01
-5.412814957933733240e+01 -4.158073339249245493e+00 -4.548721239278282980e+01
-1.136641740226747110e+01 3.578483402122281376e+01 -2.270176581573878494e+01
-1.546494954621232587e+01 5.066828785148897651e+01 -3.247252541303367934e+01
-1.925364250727008653e+01 4.938708683860913595e+01 -3.531442361214813985e+01
-1.550231934598282280e+01 -2.780945249007443820e+01 -3.128262844591817426e+01
-5.324917839468765379e+01 -1.945423935244574309e+01 -5.585553103969670730e+01
-9.704743550312771916e+00 5.106439869752626493e+01 -2.456852610314039964e+01
-1.705969636365291819e+01 -4.814588581934318512e+01 -3.461053022359971720e+01
-6.050251401419656228e-01 2.528798211619682590e+01 -5.456863432541597447e+00
-6.811213244853253634e+00 3.155191923154145428e+01 -1.249522256720763380e+01
-7.920473206517546494e-01 3.298271307692053966e+01 -1.095321580264641348e+01
-1.487113343553319211e+01 1.675572240376319044e+01 -1.730019398801255903e+01
3.263537754142443514e+00 -6.044389806748192484e+01 -3.118217024260156478e+01
2.769841898747824604e+00 -5.260962669672026948e+01 -3.079780508040506604e+01
-7.479483409032908092e+00 -5.201067688071378825e+01 -3.178382091483081950e+01
-3.170516421372440519e+01 -3.647441680584547186e+01 -3.962790821603788061e+01
-2.633923672239457403e+01 -1.439516301220482131e+00 -2.953975164070222803e+01
-2.493509483964682971e+01 -4.308229081130322413e+01 -3.723632143978612419e+01
-4.106789092555651877e+01 4.458793390795529055e-01 -3.235531339541970652e+01
-3.186439482994295602e+01 -8.063846788454014813e+00 -3.064192095109635261e+01
-4.522108053752273094e+01 -1.020564725870470646e+01 -3.766559206521912984e+01
-9.392799955484580465e+00 -5.931166147960436774e+01 -3.276177777906373478e+01
-1.808776347517595084e+01 1.294028645180947024e+01 -2.202762007282834489e+01
-3.690044861397958442e+01 -4.009911464081046972e+01 -4.659964058684374777e+01
-2.847520774409443334e+01 -4.720253458113685241e+01 -4.300982806293790617e+01
-3.707208456403013486e+01 -2.857952344910212261e+01 -4.011182929339569370e+01
-6.005807315104497235e+01 -1.043382441431358565e+01 -6.153644870819560708e+01
-4.484496396172038857e+01 -2.799781886076360493e+01 -4.694281324244463605e+01
-6.322621007428262629e+01 -1.403075045623911699e+01 -7.745461280850923913e+01
-3.565764925126441653e+01 -1.700731403697547606e+01 -3.391248972389067262e+01
-1.484420723073292692e+01 2.363472641186207213e+01 -2.156318012299871612e+01
-1.341264223824404489e+01 1.923469739316872484e+00 -8.475025468748752289e+00
-1.694217221857545397e+01 4.640639419854481473e-01 -1.542569250476354448e+01
-1.145737773046235475e+01 6.436099379696535117e+00 -3.891296108855473168e+00
-2.120153323737373086e+01 5.786864630941799703e+01 -3.011854677602327257e+01
-3.198291918700460812e+01 6.244322512215616428e+01 -2.914988632839313709e+01
-4.124426840404125016e+01 6.334527742676014128e+01 -2.995142242737042793e+01
-4.887854485184747233e+01 6.229561189735846938e+01 -3.291902013957758300e+01
-5.393873321535381393e+01 5.927378226763659086e+01 -3.706218647347866835e+01
-5.686007479967510392e+01 4.658675271721174482e+01 -4.746591367871370437e+01
-7.358662069568310926e+01 2.991077226551614032e+01 -7.807642909880266302e+01
-5.153007444321459474e+01 3.524048845995954338e+01 -4.250389098233233653e+01
-4.465694684320457952e+01 3.261746672133543257e+01 -3.861822647136898468e+01
-3.585580691654185870e+01 3.252034599465815745e+01 -3.600822796673207904e+01
-2.768910146753040635e+01 3.418907175612852711e+01 -3.448527174778671878e+01
-2.160250058581290844e+01 3.651097806812555291e+01 -3.434827595554691015e+01
-1.744657791729358465e+01 3.880810217391174888e+01 -3.379886398659149904e+01
-7.343191494129270325e+01 3.156078706810408718e+01 -1.031775934762259794e+02
-1.650944764359427452e+01 -1.233665840028458804e+00 -1.870687512426821542e+01
-1.101814073473358313e+01 2.120834508151262199e+01 -1.220710774513172936e+01
-9.377842437149407573e+00 1.304484774679230519e+00 -3.495865669611172510e+00
-5.677792499622523081e+00 -1.756901660852457248e+00 -6.257330921539203672e+00
-9.144908965165059911e+00 4.317946315860334283e-01 -6.685434894146034424e+00
-1.466773357295059377e+01 -3.229875354938445575e+00 -2.098320728007706748e+01
-4.644687924749887564e+00 -2.549328425213500449e+00 -4.622230027413939624e+00
-4.134628557175682673e+00 -3.659979479848976425e+00 -1.227632494107390215e+01
-1.798468669750123894e+01 4.466012735142057011e+01 -3.667060995011786417e+01
-1.414799787734926539e+01 4.278990712309565936e+01 -3.282114115698159651e+01
-1.205524158500153575e+01 4.133728612550968506e+01 -2.857967577667253778e+01
-4.920244079843012486e+01 4.910265395991601167e+01 -4.025639653223014136e+01
-5.267299549120222935e+01 5.259734366765611924e+01 -4.052398920519126335e+01
5.015980717265184907e+00 2.434576452580687445e+01 -7.602892200205450202e+00
4.732895683100004192e+01 4.604796731124129394e+01 -4.111708117761742898e+01
5.838159457289862075e+00 -2.578456466954756721e+00 -1.243008463823087162e+01
7.258379717335901660e+01 7.775308035646982319e+01 -7.109865405585112796e+01
2.812700628629320576e+01 3.894439617000472964e+01 -3.410572857757435372e+01
3.485958769800934220e+01 3.860645663341838230e+01 -3.484385180712399688e+01
4.133160708677922202e+01 3.918697998911907376e+01 -3.683973927414214700e+01
4.983292396378053013e+01 4.385876054916573707e+01 -4.231242056583914746e+01
2.233018109175268151e+01 4.058914495845823467e+01 -3.507318004781409826e+01
3.722180963876856197e+01 5.859842678390258186e+01 -3.142259769633817612e+01
2.988079276351237468e+01 5.785452088057939335e+01 -3.147540903417915459e+01
4.381851270875164772e+01 5.766557085346023825e+01 -3.386104228012595030e+01
4.825809524988178367e+01 5.521552858453308943e+01 -3.665657692452015937e+01
5.536977020296853880e+01 3.960396897383672865e+01 -4.593403449584137377e+01
2.680838191434254369e+01 -5.460450143689021729e+01 -3.833557683633448931e+01
4.969252779851051116e+01 4.814845510151175034e+01 -4.330282510025539722e+01
7.538380554169903291e+01 4.649868122395457704e+01 -7.491428635569239702e+01
6.289306995210025519e+01 4.584068087342580355e+01 -5.252899383003420297e+01
3.300540128751896418e+01 9.039418951033885818e+00 -3.008244096770746978e+01
8.380177572761201787e+00 -2.010918196331608243e+01 -1.724290036490777922e+01
7.306373978580594120e+00 -2.694749232513636983e+01 -2.060283020285031697e+01
1.622699240226357276e+01 -2.238469153349470986e+01 -2.105133397284852137e+01
2.115019943640292865e+01 -2.497869551330919791e+01 -2.530242801061978497e+01
1.288780759965169409e+01 -2.741845378486970830e+01 -2.274455964492340598e+01
1.711460982672928210e+01 -2.803757382285036925e+01 -2.676315532553020304e+01
3.030845710430160622e+01 -3.470719789908868336e+01 -3.568709243426773270e+01
5.368930877045837491e+00 2.867807486637002357e-01 -6.844611444925646770e-01
6.071858880448274043e+00 7.261809055337335117e+00 1.543481630244449843e+00
5.860295592568675715e+01 6.428262620397572391e+01 -3.914908021151332917e+01
1.961625536635316180e+01 2.671675632230713049e+01 -2.825016548593725929e+01
1.986401861472618791e+01 3.076933855047671251e+00 -1.661806512741486941e+01
2.046726304258272933e+01 7.150928139131209171e+00 -1.837457649761777034e+01
5.329872340126011210e+01 1.075160497623731004e+01 -3.820969791832530404e+01
5.586961658639485684e+00 1.640388760876244945e+01 -1.807844721652832831e+00
4.314617825690228869e+01 7.145521625495267415e+01 -2.791380146241689530e+01
5.211146237040708229e+01 6.919360206213832498e+01 -3.321766634962523312e+01
6.581881139104119427e+01 8.958323998755788864e+01 -5.761520885663784952e+01
1.390853289425201034e+01 6.448775660080933392e+01 -2.204709480101388053e+01
2.346114507818325734e+01 5.507031839348302071e+01 -3.324321743965053599e+01
3.458899793438870063e+01 -2.850063392971964049e+01 -3.677108925174173493e+01
6.844155279585628193e+01 -1.809933981740114817e+01 -9.589440727775523499e+01
1.497094795760972552e+01 -9.553274620734922840e-01 -1.909832685315562983e+01
9.795347797696891234e+00 -3.065317372362954984e+00 -1.890508516488709034e+01
2.665007349108172363e+01 -2.909614540726012422e+01 -3.529381348195763479e+01
2.372060702541934774e+01 -2.852609744585815577e+01 -3.341169733606664494e+01
5.590422487486547709e+01 7.443758657663225620e+01 -3.604694145754099566e+01
1.999726849344638069e+01 1.905100653080182282e-01 -2.040789491266326294e+01
3.090040134574790898e+01 7.059614642697010822e+01 -2.405907205404068705e+01
3.205007511034050793e+01 7.659937990905223160e+01 -2.252108507420133421e+01
3.785716664491199168e+01 1.042028763011377492e+02 -3.162849542799009939e+01
6.102429835174734052e+01 8.200509816362081494e+01 -4.506321776751626373e+01
3.413414420967499296e+01 9.026681604735659903e+01 -2.647949660031928332e+01
6.288942943369615790e+01 6.815995523957600710e+01 -4.459156794179609307e+01
6.791944665364077593e+01 7.239607424412848502e+01 -5.675544793087784257e+01
7.994987431406079814e+00 -2.407149254431246632e+01 -1.812529989433522104e+01
1.436230508270849526e+01 -2.552376591208230749e+01 -2.150758685178856311e+01
1.909854867727017336e+01 -2.667569527295935217e+01 -2.546330395497633958e+01
1.326278384654258424e+01 -2.135750474185612369e+00 -2.072379010604663563e+01
2.503091521851047219e+01 -2.897836097795956434e+01 -3.430410512734864881e+01
2.302643281254008656e+01 -3.016554219683360927e+01 -3.072734867460779284e+01
2.318250031192545890e+01 -2.802152367834407087e+01 -3.326723788587904806e+01
1.211027458154464931e+01 9.134179425830908361e-01 -9.952796424365882189e+00
1.586127518197273112e+01 -2.754564544490395406e+01 -2.778421916391198820e+01
1.156503672780392122e+01 -2.768979031209056529e+01 -2.535038872767118434e+01
6.562055689671879577e+00 -2.792610918614049353e+01 -2.330657124910812428e+01
1.055484666682928641e+01 -4.544718389835895778e+01 -3.042230556226464344e+01
9.699842749451892843e+00 -4.008267909546111696e+01 -2.359155000237487698e+01
9.095854568382616634e+00 -3.612381637356679676e+01 -2.237481352307272786e+01
8.273920335464231002e+00 -3.243084435897594631e+01 -2.337341576692882583e+01
7.574493810205200184e+00 -2.984731576745181769e+01 -2.421751422234142126e+01
1.750311891120055918e+01 -2.898197052749811320e+01 -2.845606418853509822e+01
1.856246273803225222e+01 -2.997457284493841456e+01 -2.757464434034121226e+01
2.018099979577904435e+01 -3.189109904860761802e+01 -2.677601315571466500e+01
2.161552682627294786e+01 -3.417376450601990001e+01 -2.803937316515666112e+01
2.693289064316276793e+01 -1.689401368121876601e+01 -2.753489977303567926e+01
7.498575800245419032e+01 1.731393053558491602e+01 -1.036037491513206419e+02
2.020853441951719986e+01 -2.870003871796692962e+01 -3.114379962985961470e+01
2.144724093583930014e+01 -2.925260861450767180e+01 -3.059550419668310894e+01
7.863522762655681397e+00 -6.068953884737206650e+00 -1.855866135702235198e+01
1.770089907370059024e+01 -3.914975684242441467e+00 -2.530908087739408785e+01
8.783610298548948592e+00 -4.642011728382942515e+00 -1.859658181871603944e+01
2.661892739302519573e+01 2.287905534816833608e+01 -3.065536356766101633e+01
3.762335460460833048e+01 1.837115443714256102e+01 -3.303356391325376507e+01
2.143094713539122864e+01 4.284556797202744960e+00 -2.214819751598678721e+01
5.492074154149345588e+01 9.872346529596778453e+01 -4.372714370344172607e+01
5.034716815411420043e+01 8.837674723711876368e+01 -3.521549064276978669e+01
4.561231470535128807e+01 7.750003232203262371e+01 -2.864205773889652207e+01
2.542710720657786538e+01 -3.895769935275166773e+01 -3.303610666409530694e+01
1.587705228625993037e+01 7.418925379803022224e+01 -1.917227192586646112e+01
1.730365515112080033e+01 8.955761957842980792e+01 -2.143295891922469565e+01
1.950229873436590466e+01 1.063900232006136974e+02 -2.488258511581206278e+01
4.681764509646545491e+01 4.088691252859983649e+01 -3.974904828445290406e+01
6.279398948727710916e+01 3.490176893286897553e+01 -4.977197670685684727e+01
1.856181215978412880e+01 4.236891376378269314e+01 -3.581859311927320988e+01
5.547550251937158095e+01 5.384636740391867704e+01 -4.246402327529591503e+01
1.490983967859926373e+01 3.106702836043972837e+01 -2.569152779267401954e+01
1.626384071095527872e+01 5.298513722625006750e+00 -1.014340716458252523e+01
7.006088074364453178e+01 3.092605793145211734e+01 -5.723930092530209635e+01
5.823043014754662750e+01 2.899487684456786241e+01 -4.399206532414335413e+01
4.958280892158207820e+01 2.559923872924238708e+01 -3.784504222953520980e+01
3.646072256468359996e+01 2.642168959203342382e+01 -3.498586292538580977e+01
2.701348636885890997e+01 2.921314244219472300e+01 -3.334489861581956660e+01
2.004394741307847383e+01 3.231038658724581580e+01 -3.156201051633744825e+01
5.552859319312522857e+00 3.986580595282058681e+01 -1.870736194628720028e+01
6.883528938538945852e+01 1.541847274797600420e+01 -5.595466055436945396e+01
6.131195340452870113e+01 5.589917103168454560e+01 -4.578412630378682024e+01
3.474290096715273890e+00 -3.027742801349676327e+00 -3.818510802887916000e+00
1.875278273879368740e+01 1.922940448279096870e+01 -2.574032841569337293e+01
7.697232321493781626e+01 4.884023930986604967e+01 -9.686049696258493213e+01
1.467896828660634867e+01 3.590426208806452735e+01 -3.044918613688120956e+01
2.191358775718879670e+01 4.221623805563482712e+00 -2.856817110863939391e+01
5.187368652115700485e+01 4.831098366456635063e+01 -4.456958059905525715e+01
1.663580252148808469e+01 1.030480695475807806e+01 -1.236233261304410114e+01
7.289908259243765087e+01 2.888780782950041079e-02 -1.016390864701976255e+02
1.858779741051939993e+01 4.506784020541007152e+01 -3.708405103865854358e+01
1.140458793449100128e+01 1.413743154866183716e+01 -5.881568956015091665e+00
5.440492221213688850e+01 -3.813719060259187188e+01 -6.100830820039649893e+01
5.450018548940562368e+01 -4.419814929636599032e+01 -7.366989557889550611e+01
7.498264500407964306e+01 1.604672702838340470e+01 -7.976870340111103985e+01
6.255102964708421354e+01 -2.806288943431455252e+01 -6.907311558454964029e+01
7.185370076708557008e+01 6.055726463268820225e+01 -6.762098623045173440e+01
2.837668430379718743e+01 -6.044496240311951851e+01 -4.273368971981207665e+01
2.534477765446912834e+00 -4.124115462401340970e+00 -1.254180597649649442e+01
2.473006637206916025e+01 1.430004719101039257e+01 -2.846141331500683336e+01
6.886561955210629549e+01 4.528147001325931598e+01 -5.901945084783699969e+01
4.052075666860339709e+01 4.320982043023630581e+01 -3.712736410629072736e+01
3.474582849105529903e+01 4.238985356846017538e+01 -3.540307952613539300e+01
2.478157443166412222e+01 -3.145726053366422192e+01 -3.190248082940722796e+01
6.727016390223570852e+01 1.443087449119608623e+00 -5.882908996640163934e+01
1.684820624870210892e+01 -6.879932545895978535e+01 -4.523921657354623704e+01
3.601818681178326642e+01 -5.960047946179161471e+01 -5.726893322217249249e+01
4.455127731892123677e+01 -5.352551381562410882e+01 -6.428018936338722256e+01
2.906301621065299656e+01 4.267338130824350628e+01 -3.504919983134134753e+01
2.367698400134601755e+01 4.378016100861563586e+01 -3.583974672392047012e+01
2.021486628466437807e+01 4.443209636897059767e+01 -3.708398665203525724e+01
6.635559799130820124e+01 5.823768662149395681e+01 -5.240926926494866223e+01
2.462821743127096497e+01 4.997489504754013012e+01 -3.436511865262635013e+01
3.060868115385268240e+01 5.205552559311295369e+01 -3.355202474463494156e+01
3.646157827084169867e+01 5.250969881897563596e+01 -3.400257326302087790e+01
4.230805053761060464e+01 5.163260233941780797e+01 -3.577349531218305856e+01
4.595371868763904644e+01 5.015311198049899133e+01 -3.798301359744088046e+01
7.598640804937109294e+01 6.496020790225658459e+01 -8.544541224636745369e+01
4.448335550796518589e+01 4.457414078011631631e+01 -3.928906642637692670e+01
2.117567413891232420e+01 -1.326143393656913894e+01 -2.458525624379828400e+01
1.518254016142548402e+01 2.808855842626159158e-02 -1.675998188776305398e+01
8.963046914641310536e+00 -1.136417543383982576e+01 -1.884293498252338850e+01
4.566353091784621654e+01 -4.716703543357979100e+01 -5.529322493368081126e+01
3.742351040136774287e+01 -5.387051293395778373e+01 -4.946475710305817586e+01
1.722926569766510951e+01 -6.543314697105839173e+01 -3.683851069160856895e+01
6.207690903098636426e+01 -3.310917964711003947e+01 -8.556436230429798684e+01
2.043516742953633170e+01 4.696457417343907537e+01 -3.591189307973213829e+01
1.019129880979337699e+01 2.825707495746379649e+01 -1.698877149111035578e+01
2.712012320990704239e+01 -6.497214246590426967e+01 -4.995534605545562101e+01
7.287814662154767120e+01 4.336387631261511832e-01 -7.959973237261567647e+01
1.296559123696247973e+01 -2.936172905805033650e+01 -2.612579684709354666e+01
1.409512721194905183e+01 -3.115036981404712080e+01 -2.512766371943187949e+01
1.534891859404745951e+01 -3.406797087483487019e+01 -2.416190065731730741e+01
1.640491705306164150e+01 -3.764807957748187306e+01 -2.525633155311962952e+01
1.891442986990379893e+01 -4.276532842342569296e+01 -3.075982223235974544e+01
2.098108182272713407e+01 -2.837402854142123942e+01 -3.030129984867665272e+01
2.287527992012228140e+01 -2.800634813361734743e+01 -3.020990049026390167e+01
2.487092164417845908e+01 -2.695463347720777847e+01 -3.017783323129241069e+01
3.169837336803323780e+01 -2.224946367732318819e+01 -3.168399282863074617e+01
5.823343543853818005e+01 -3.624115583866132972e+00 -4.575295237915656799e+01
1.013861660907491036e+01 3.591747624332909794e+01 -2.262521930042485607e+01
1.348137637261759991e+01 5.057812056641343901e+01 -3.258975562711568585e+01
1.748164940275345813e+01 4.938099343544910624e+01 -3.481706145957176091e+01
1.955995618982725759e+01 -2.744189295534036077e+01 -3.087027721230175459e+01
5.893952714331542353e+01 -1.957322244904541364e+01 -5.602071273038058763e+01
7.794496792539036711e+00 5.101069663132657439e+01 -2.461293526905803830e+01
2.326625151995778751e+01 -4.864253811834737462e+01 -3.511682004457599504e+01
5.426226269404177849e+00 3.160885211207678225e+01 -1.255206191171543040e+01
1.482442993231772022e+01 1.701545724540691396e+01 -1.763715882244776623e+01
1.329509560298780002e+01 -5.229639926503094216e+01 -3.210259184488344175e+01
3.726860309643691238e+01 -3.674077381222036820e+01 -4.025452381823640735e+01
2.775217379752488966e+01 -9.128306629499818303e-01 -3.034389654540492032e+01
3.113364571072759901e+01 -4.359524755567611010e+01 -3.787285043682530983e+01
4.354548893233029361e+01 1.079807260348868203e+00 -3.302899815559452890e+01
3.402817286617491277e+01 -7.523454094465507502e+00 -3.131701943553485989e+01
4.913020970178415325e+01 -9.797176006674749971e+00 -3.819246343577032121e+01
1.592117803334902781e+01 -5.965766205463955174e+01 -3.295761109066994266e+01
1.861874284352886377e+01 1.327665855152250352e+01 -2.242941369811238062e+01
4.330765518810952841e+01 -4.082176971538330434e+01 -4.708036448672585550e+01
3.523601973363973627e+01 -4.812168086932906874e+01 -4.361504720833287507e+01
4.198866623790134156e+01 -2.850595135065217178e+01 -4.040658094924101817e+01
6.532592867975810691e+01 -1.031854263433532104e+01 -6.166951883450731486e+01
5.079238742722574074e+01 -2.829152606844488460e+01 -4.728693811234609967e+01
6.942614168617517123e+01 -1.415397826190242192e+01 -7.744565162764010324e+01
3.911114705338208353e+01 -1.650611568523352801e+01 -3.442326525145907823e+01
1.440290265261901581e+01 2.386535144611992365e+01 -2.165153348137795319e+01
1.416594469177528914e+01 2.014445741106793974e+00 -8.734431901406338739e+00
1.786517928164822422e+01 6.299641310746614264e-01 -1.606261394587908953e+01
1.152642020321935767e+01 6.588273408662036701e+00 -4.114135693199028054e+00
1.910402812866037436e+01 5.772437226314225711e+01 -3.026396133889108953e+01
3.001385257914445504e+01 6.223676941706324328e+01 -2.943182112780473147e+01
3.936928169625893048e+01 6.316529227329004925e+01 -3.012433059296588667e+01
4.707089496397850326e+01 6.217254023004912966e+01 -3.297168285874528237e+01
5.252352002034112388e+01 5.924255732170863098e+01 -3.718444659376228856e+01
5.662929793993045280e+01 4.710067682310080528e+01 -4.745614303361690389e+01
7.613388787323174256e+01 3.136799769406088600e+01 -7.754675644095016196e+01
5.174411672308498567e+01 3.605984415540802246e+01 -4.254573525128762412e+01
4.495967555921782122e+01 3.344604628870833096e+01 -3.859008642823042123e+01
3.593036471799891274e+01 3.312969667187099532e+01 -3.587097689167856629e+01
2.742524971345970641e+01 3.458715372899068541e+01 -3.428448025302468238e+01
2.082625697580409252e+01 3.675472689877889110e+01 -3.431617384127510206e+01
1.626472725267710473e+01 3.894733245397038957e+01 -3.364819249697502102e+01
7.597087512010533317e+01 3.335969015603828325e+01 -1.023263148175923618e+02
1.755154196102099462e+01 -1.063221659855661194e+00 -1.934873196558713815e+01
1.020130677724731250e+01 2.140686107017200968e+01 -1.223408280620956567e+01
9.822440616435756056e+00 1.385155078888546720e+00 -3.752202510278672243e+00
6.515735378157919477e+00 -1.726396787239628416e+00 -6.512595130964147216e+00
9.771799905618822280e+00 4.568082802452031466e-01 -6.933080649395875206e+00
1.575448264762675166e+01 -3.090798885357188386e+00 -2.160014048017215416e+01
5.435188939673984976e+00 -2.486512004539668474e+00 -4.825398263616944128e+00
4.528489537678348498e+00 -3.647695014910294020e+00 -1.252197674553907625e+01
1.614124029814641759e+01 4.459141454544040784e+01 -3.633351996425206920e+01
1.261373128297463175e+01 4.281825597598219701e+01 -3.272898176010601645e+01
1.061610136954799088e+01 4.143769050538885068e+01 -2.859210493097582884e+01
4.809443126829722104e+01 4.901629906692098615e+01 -4.031115781275966015e+01
5.154948001675003155e+01 5.260220080731044590e+01 -4.066999368680199467e+01
