7.933051067334731532e-02 -2.270118852102638485e+01 -1.602975052259974120e+01
0.000000000000000000e+00 0.000000000000000000e+00 0.000000000000000000e+00
6.535312295350079181e-02 -6.707286822359563416e+00 -1.686358469896392975e+01
-5.367588496512627927e+00 2.522720267210053180e+01 -8.520671500707962309e+00
6.596301814227400508e-03 7.533490875811591714e+00 2.324304613613509929e+00
7.839189487466025064e-02 1.780429656704501085e+01 -2.135090888571642143e-01
4.184377058372911184e-01 4.276463052857690172e+01 -1.779494031487368133e+01
-4.722687869149419271e+01 4.674165653257405495e+01 -4.317938450324970034e+01
5.949600768109450932e-01 6.327093383778309743e+01 -2.214365078764089034e+01
7.023283743144087543e-01 7.352262556177278441e+01 -2.050324447094402913e+01
1.155366915195820132e+00 1.068875768644578415e+02 -2.690562540418771675e+01
6.891599182589196182e-02 -2.617087227517770742e+01 -1.692057082191164952e+01
4.255051290725750390e-02 -2.869562291514667862e+01 -1.931728114739292934e+01
8.406537764517293954e-02 -2.969186768771715634e+01 -2.230144058655146466e+01
9.634481357104235366e-02 -3.120599631019594611e+01 -2.287852280827669560e+01
9.990215068954966249e-02 -3.416919817041830498e+01 -2.196382650348994758e+01
8.332074986747474432e-02 -3.792818390090091896e+01 -2.081883317667698918e+01
6.181492570796461722e-02 -4.161402779559011833e+01 -2.202894644290512716e+01
-1.917916987515500341e-02 -4.744736758597172610e+01 -2.884272821256969976e+01
-1.715335543652328487e-02 -3.632836441556681173e+00 -3.459762154090163300e+00
-5.470752914061329797e+00 -2.797913255756923512e+00 -1.251189448357263068e+01
-6.957427914673432667e+01 7.575961615804554583e+01 -7.441838004869606493e+01
-2.801553927200751559e+01 3.924494252380559089e+01 -3.604613451992702977e+01
-3.468518700108071329e+01 3.881804784656034002e+01 -3.663637509458826713e+01
-4.097499491000247218e+01 3.934634550199552194e+01 -3.862265790013509559e+01
-4.922380180445727405e+01 4.413104763772347638e+01 -4.426508863212102796e+01
-2.244177983201520021e+01 4.106712203299969843e+01 -3.701148364676792113e+01
-3.661732241106787455e+01 5.932175799054940057e+01 -3.392293053848529638e+01
-2.950208322717794118e+01 5.842700464008478178e+01 -3.376822620150964127e+01
-4.322179634803221404e+01 5.837467746421047110e+01 -3.617674429266038771e+01
-4.767932353222953878e+01 5.581504394755339149e+01 -3.881413600266527908e+01
-5.432471208009600616e+01 3.917463894336388108e+01 -4.774130855156956699e+01
-2.363081018550630574e+01 -5.736700749499563301e+01 -3.641740924941462509e+01
-4.949667276381601511e+01 4.901872474653033152e+01 -4.542697190030231980e+01
-7.327122911416530826e+01 4.434337060912930184e+01 -7.724376772522987267e+01
-6.147912007037322724e+01 4.505642679442697585e+01 -5.452287721725629410e+01
-3.176471280417977994e+01 8.249910875199832461e+00 -3.029533384513016614e+01
-7.114661713064675652e+00 -2.166832224195769641e+01 -1.698209077709724468e+01
-5.847522685339872517e+00 -2.859842678319476050e+01 -2.023657297972694380e+01
-1.434459471491601512e+01 -2.403824235249287966e+01 -2.068414665469951785e+01
-1.887089192749166955e+01 -2.686145909855822111e+01 -2.491954719417566722e+01
-1.092686245394330591e+01 -2.915949376456897824e+01 -2.250243836434095357e+01
-1.496775812343278034e+01 -2.983525309597807862e+01 -2.644470051476192296e+01
-2.727536896236575359e+01 -3.668959896813237975e+01 -3.473860007640335823e+01
-5.207409725338647988e+00 1.850095304312687483e-01 -5.876710670811168269e-01
-6.122669740476077038e+00 7.485791317381646159e+00 1.530207443821899105e+00
-5.756925338768475342e+01 6.486126389287761640e+01 -4.146174199904223912e+01
-1.903455965421935758e+01 2.674479607157523020e+01 -2.928483554142557566e+01
-1.881545356957808579e+01 2.572815099943228212e+00 -1.675783565095119343e+01
-1.936083436858347540e+01 6.742681480038909214e+00 -1.864201243850417455e+01
-5.145943057254059028e+01 9.520875408015752939e+00 -3.876083972818626222e+01
-5.760609086288392078e+00 1.703842030522779893e+01 -2.327976929081525093e+00
-4.294792632963822854e+01 7.270373051636607897e+01 -3.004566622806168397e+01
-5.157075872529598826e+01 7.030810720918589141e+01 -3.537905193630933098e+01
-6.331787961825720856e+01 8.832086548747693655e+01 -6.109866466161739851e+01
-1.427863407350883662e+01 6.558814872979012023e+01 -2.423661357854002674e+01
-2.329716775307518262e+01 5.559976146610841141e+01 -3.560771665043075274e+01
-3.196254968723771483e+01 -3.036854639192476668e+01 -3.622263314117115129e+01
-6.610124305594639793e+01 -2.152955964879199868e+01 -9.600001948344365132e+01
-1.414441190739954379e+01 -1.418041297187232930e+00 -1.924977330005130938e+01
-9.152511330943706724e+00 -3.441925512199726089e+00 -1.885296628869918933e+01
-2.396006941949104174e+01 -3.093992036685819613e+01 -3.501295824664018141e+01
-2.108241328084728394e+01 -3.027940758138615962e+01 -3.304087933670808042e+01
-5.518185289838475427e+01 7.540905290341397915e+01 -3.832901591848438727e+01
-1.879006797736085588e+01 -4.706055348575263753e-01 -2.044649567776018628e+01
-3.101387960750628281e+01 7.180248814770929755e+01 -2.608484642445730728e+01
-3.213340667597550748e+01 7.785006921609178221e+01 -2.455547644912295269e+01
-3.726072412353810392e+01 1.039830740691997448e+02 -3.525772790608762364e+01
-5.935207511750858345e+01 8.183371107063317140e+01 -4.775191897058096657e+01
-3.402667558648706603e+01 9.084271621365540739e+01 -2.921342170106364478e+01
-6.152752702445751964e+01 6.833225691696647175e+01 -4.709506346419855305e+01
-6.567547780703486637e+01 7.152412001404579200e+01 -5.960962150286759709e+01
-6.614927216300230839e+00 -2.575639501524316088e+01 -1.775988364165020528e+01
-1.242215370064042723e+01 -2.724696704603912423e+01 -2.117911843989570642e+01
-1.690811492440246866e+01 -2.852607755518112143e+01 -2.513526775496048415e+01
-1.250421773656729485e+01 -2.617817275535089028e+00 -2.080810511731234413e+01
-2.240300134210352212e+01 -3.077734618046155290e+01 -3.396916683333931530e+01
-2.027074181334737446e+01 -3.178754661574307150e+01 -2.999867978991805373e+01
-2.055975358084840465e+01 -2.969601532976433589e+01 -3.283235762005789837e+01
-1.137437909267376668e+01 6.749769583624726232e-01 -1.022531513758187849e+01
-1.366083904465157417e+01 -2.932630259743114109e+01 -2.754189680921159677e+01
-9.634010272827925547e+00 -2.935437564797177501e+01 -2.504771501060486827e+01
-4.998792380666662538e+00 -2.950080239830347750e+01 -2.300409425816208753e+01
-7.943072260396775164e+00 -4.726813528821119093e+01 -2.894855338776339337e+01
-7.237716011235308500e+00 -4.107510880652554874e+01 -2.231966043903377894e+01
-6.873906946239910276e+00 -3.708595783471168517e+01 -2.135611589427780643e+01
-6.338432936644678328e+00 -3.355095072410445312e+01 -2.262167450149459924e+01
-5.753709793682602935e+00 -3.105622323348518776e+01 -2.357156626258423060e+01
-1.513093977429348769e+01 -3.050820736303285940e+01 -2.783393993334407668e+01
-1.603941529801923238e+01 -3.141882654452220436e+01 -2.678406563559848053e+01
-1.740605822456388196e+01 -3.325987320865437624e+01 -2.577014558959653456e+01
-1.872984418036340770e+01 -3.557167953452183440e+01 -2.692522754949077779e+01
-2.504045298626919802e+01 -1.841793535002900839e+01 -2.705073718681736850e+01
-7.309429768587698106e+01 1.411598978721374742e+01 -1.051721704791560654e+02
1.067373023663558719e-02 -4.759251996551926212e+00 -1.222493764844780095e+01
-1.772022297055451290e+01 -3.035026316782774103e+01 -3.058767340917296096e+01
-1.884857723791360939e+01 -3.085881224248814902e+01 -2.999949509471993636e+01
-7.204802981464690781e+00 -6.586832725439186298e+00 -1.858389993307276455e+01
-1.654494642480931788e+01 -4.724644967703481413e+00 -2.528087784964703033e+01
-8.115740661717621762e+00 -5.107753863352818335e+00 -1.862395858791050429e+01
-2.573280810948888231e+01 2.251467626243935172e+01 -3.160202265261308341e+01
-3.652516431230458949e+01 1.770001063186892765e+01 -3.375824291705607294e+01
-2.020494658941337107e+01 3.657442801868989068e+00 -2.242495549021219503e+01
-5.325067280055809249e+01 9.794009305357566575e+01 -4.718886053152459681e+01
-4.950272650400465579e+01 8.872400804326413493e+01 -3.787810221137586808e+01
-4.534488453855258427e+01 7.868214415328100131e+01 -3.082493233906004448e+01
-2.245256335145294813e+01 -4.084792297004015182e+01 -3.186999093902509017e+01
-1.629178697682154464e+01 7.541237897512647237e+01 -2.130725511579420228e+01
-1.768297856386080724e+01 9.027884684620120481e+01 -2.420959560140622102e+01
-1.965297238141632619e+01 1.064625693479800077e+02 -2.831160428356907843e+01
-4.626390792007553188e+01 4.105929788054531571e+01 -4.161320784540177442e+01
-6.130768083412124980e+01 3.383481755839798666e+01 -5.135431825431490438e+01
-1.881998081909650722e+01 4.302277095273777263e+01 -3.791002648493059723e+01
-5.452847367687132163e+01 5.409228056892875003e+01 -4.472561968503292462e+01
-1.457232846806765636e+01 3.151432190131653144e+01 -2.695970664712931253e+01
-1.549992382004785085e+01 5.106237072407734168e+00 -1.029756366724748418e+01
-6.823296534447933936e+01 2.933152247307112859e+01 -5.878116842541984965e+01
-5.684387975272510118e+01 2.799534814061288301e+01 -4.526183563377400532e+01
-4.824763750794794959e+01 2.476215824365262463e+01 -3.904607514808174784e+01
-3.564341899856833606e+01 2.593614721778209642e+01 -3.622900564821079428e+01
-2.640604715377618916e+01 2.899923148729880040e+01 -3.469274232901575061e+01
-1.960792043269765372e+01 3.243823919366151642e+01 -3.295062047172170594e+01
-5.855980063846345729e+00 4.098307221701274017e+01 -2.031423775187473169e+01
-6.689096747324556702e+01 1.365764920512229352e+01 -5.698409225609889006e+01
-5.988700705684382086e+01 5.576370671064186979e+01 -4.795822359524800760e+01
-3.121030748752990025e+00 -3.252579484239710439e+00 -3.844553241098925600e+00
-1.799651660076693105e+01 1.910183705354986472e+01 -2.655580814812601886e+01
-7.467691942335005706e+01 4.580221910282113384e+01 -9.967132412180515644e+01
-1.453888048637156594e+01 3.639126157740614076e+01 -3.203113508837626711e+01
-2.080357587011856424e+01 3.443097309474012047e+00 -2.882257155527310033e+01
-5.124705284404301864e+01 4.861030346204096020e+01 -4.672299188856591456e+01
-1.578324872276766122e+01 1.017319026809759386e+01 -1.267117752257023078e+01
-7.098073633407349803e+01 -3.302707491430893150e+00 -1.024068885937514040e+02
-1.881218154035016354e+01 4.600321766878806784e+01 -3.952115914023320897e+01
-1.108196411316187735e+01 1.445982227277018950e+01 -6.263898875941896982e+00
-5.165123629211742440e+01 -4.096773376802048006e+01 -6.006911018150363901e+01
-5.167676136129868780e+01 -4.754283284588757397e+01 -7.264679118044628581e+01
-7.330994800854408311e+01 1.360744915629204499e+01 -8.102030270503504994e+01
-5.984624549673578997e+01 -3.089836003879842607e+01 -6.839463241291154816e+01
-6.962952393509243620e+01 5.892510408287697743e+01 -7.030740064505249620e+01
-2.525838709299963725e+01 -6.370663795606161983e+01 -4.065015610018402015e+01
-2.348063850008695219e+00 -4.462230354012468148e+00 -1.270522869488896411e+01
-2.369422608125248075e+01 1.378865531843399417e+01 -2.896349630774686901e+01
-6.713489834332389705e+01 4.397886894293237958e+01 -6.108469881307859595e+01
-4.071633826695134672e+01 4.377841872967940873e+01 -3.911909016667507899e+01
-3.496662921447239825e+01 4.287064063003415271e+01 -3.746813120045668910e+01
-2.184506833113478308e+01 -3.314763927154398715e+01 -3.113580987974048142e+01
-6.504869463528193307e+01 -6.056448996631026427e-01 -5.914303980900851343e+01
-1.380940940994438115e+01 -7.272661625538167129e+01 -4.295614320861854907e+01
-3.309476768566228344e+01 -6.311227709232736771e+01 -5.560456939679122002e+01
-4.167085390421160440e+01 -5.690094603525227512e+01 -6.290573331746809771e+01
9.378583889695772946e-01 8.964757803715899342e+01 -2.288669607907553782e+01
-4.317684465991026843e-01 -7.415172964521086385e+01 -4.105690673139783797e+01
-2.928322532926467758e+01 4.317725534620280570e+01 -3.720742762982850849e+01
-2.391562208335945527e+01 4.433819479481745418e+01 -3.810065656140687906e+01
-2.046605103385091340e+01 4.515574464193794313e+01 -3.949670567734217741e+01
-6.463238132062429031e+01 5.748014634525484468e+01 -5.476395947877108483e+01
-2.458037121207465603e+01 5.177610149990559307e+01 -3.694868058817021250e+01
-3.037719020927185198e+01 5.427023553457538441e+01 -3.608880561539061205e+01
-3.640244656127681111e+01 5.496524872873980172e+01 -3.637291018796497610e+01
-4.236495027038336758e+01 5.385184523910910315e+01 -3.808019701846435368e+01
-4.595600454379660249e+01 5.184264789427876252e+01 -4.021779959562787354e+01
-7.323745198791111477e+01 6.235910102655516596e+01 -8.859302326890151846e+01
-4.459345306506733664e+01 4.520751181053304180e+01 -4.132549228939788577e+01
7.084254358703631627e-02 -1.147468478934056613e+01 -1.821294896778220007e+01
-1.956236496238570410e+01 -1.454144972247387280e+01 -2.423429980946476192e+01
-1.437520836585422757e+01 -3.965239305357055599e-01 -1.685081981649992144e+01
-8.020394938602315449e+00 -1.228085719627344474e+01 -1.872879138027647627e+01
5.376911933945442978e-01 5.316382992790287432e+01 -2.241456713541702683e+01
-4.284470178338705182e+01 -5.006826665288928524e+01 -5.378761384450899641e+01
-3.442887888957753262e+01 -5.691047839035464051e+01 -4.760501923508037692e+01
-1.404684043781689340e+01 -6.886222607022243380e+01 -3.458712836535358548e+01
-5.946314647309233692e+01 -3.649984188056766499e+01 -8.508791274134453886e+01
-2.055330007292890926e+01 4.828774555421775716e+01 -3.847960172453984740e+01
-1.020099734223773069e+01 2.900252743316259085e+01 -1.804668051291486464e+01
-3.331990304630127464e-01 -7.007332607101919564e+01 -3.293121651329887101e+01
-2.407939214644827786e+01 -6.867701468588117564e+01 -4.800767957802985819e+01
-7.090810427851651809e+01 -2.232312558808587255e+00 -8.016453852900536958e+01
-1.089916921252318360e+01 -3.066008588392600842e+01 -2.549985750784525607e+01
-1.184339293012022765e+01 -3.241167593777606726e+01 -2.431282849332566443e+01
-1.281804048445228794e+01 -3.520723343051629683e+01 -2.320029860940067223e+01
-1.366948907932365387e+01 -3.876480835823693383e+01 -2.413852279487793595e+01
-1.596180738281955769e+01 -4.459722627994482735e+01 -2.947304647280822465e+01
-1.852916812875557895e+01 -3.016732713538328170e+01 -2.993700380920638082e+01
-2.041657492327121659e+01 -2.983177984321683596e+01 -2.985758845843876941e+01
-2.232521767570441540e+01 -2.888859145894651093e+01 -2.983383592596845446e+01
-2.951346580146750043e+01 -2.401530164231477116e+01 -3.129162974545228693e+01
-5.600866842473903517e+01 -5.403258574230680900e+00 -4.574571465079335297e+01
-1.017802731331724608e+01 3.674933791730964572e+01 -2.412223613781883813e+01
-1.372072493734970955e+01 5.148326579423769545e+01 -3.473454619172964897e+01
-1.767612244079879602e+01 5.011532419552007411e+01 -3.729688475621517085e+01
-1.721043640466193736e+01 -2.914731878619323524e+01 -3.063081892767091574e+01
-5.648088501759426805e+01 -2.190252732920460588e+01 -5.556803085791938912e+01
-8.031912801811621705e+00 5.204879558095370840e+01 -2.670971446023511220e+01
-2.014912338183606977e+01 -5.099099617939562279e+01 -3.344359950485434751e+01
1.839503502292534620e-01 2.630139422743082633e+01 -6.277627163243876929e+00
-5.785627199829228573e+00 3.267492860348126982e+01 -1.372187853964059201e+01
2.673327018272556588e-01 3.417872743156549120e+01 -1.220318588094720447e+01
-1.427573691625890895e+01 1.713676121704348887e+01 -1.825728843721193684e+01
-1.875531128275036152e-01 -6.349216624051721425e+01 -2.921628516177534252e+01
-8.298734510421697241e-02 -5.502280396151700614e+01 -2.919111685692462999e+01
-1.035642517000097484e+01 -5.458818384592292006e+01 -3.035665694287002125e+01
-3.447304069332396637e+01 -3.890723264569127338e+01 -3.902675675181054515e+01
-2.640550921018446928e+01 -1.951392043736742909e+00 -3.031396219305672091e+01
-2.801656955628823553e+01 -4.587976037306043509e+01 -3.636015318828327736e+01
-4.185453038323250752e+01 -1.977287236363277356e-02 -3.291565567710080842e+01
-3.247143396977899954e+01 -8.775895669616289752e+00 -3.101230696414539167e+01
-4.696613967160404002e+01 -1.130322171417919819e+01 -3.790061422570276051e+01
-1.278345444443199952e+01 -6.254416558268358983e+01 -3.095101929705032973e+01
-1.765353243997796540e+01 1.301163979032546969e+01 -2.292177121993227473e+01
-4.046136004930858832e+01 -4.331865960257385240e+01 -4.574520597375672537e+01
-3.217680816979689951e+01 -5.074839239126737311e+01 -4.189531591500919916e+01
-3.945756246313406024e+01 -3.050906305479534808e+01 -3.966752853186370231e+01
-6.289781579179347659e+01 -1.262377969439297054e+01 -6.155363923486582678e+01
-4.813011544257543051e+01 -3.052145418790386344e+01 -4.644354874990191462e+01
-6.698014236814680089e+01 -1.699662179328216283e+01 -7.734790755109547433e+01
-3.708659581970186281e+01 -1.815315296168585490e+01 -3.398031571025403252e+01
-1.402688754751660305e+01 2.419491490561834013e+01 -2.258070557336742823e+01
-1.341052150892781292e+01 1.789923506039573953e+00 -8.910749966903523500e+00
-1.687487228187290356e+01 1.404196495593933169e-01 -1.609080863542650164e+01
-1.124713760770361404e+01 6.640792929325244565e+00 -4.187712035773167862e+00
-1.926982122348833570e+01 5.844316150134592647e+01 -3.249006697966642321e+01
-2.988079035370907022e+01 6.291100944173224008e+01 -3.154510401153576638e+01
-3.901069753194619238e+01 6.388963306820890864e+01 -3.231533913497024457e+01
-4.657131636789747375e+01 6.297278403899400701e+01 -3.514822911585787324e+01
-5.176329178134552222e+01 5.991557482563785442e+01 -3.923597662306040235e+01
-5.561135171907665864e+01 4.686623732649302809e+01 -4.958590231393213799e+01
-7.430961108513076852e+01 2.910113075942345162e+01 -7.942081195269983596e+01
-5.081634850825899008e+01 3.566969916497370718e+01 -4.420089532036674740e+01
-4.410407516942021999e+01 3.307866634886529056e+01 -4.016262654187374892e+01
-3.538075791314302876e+01 3.296928300963396907e+01 -3.742802713677256321e+01
-2.708624714170677805e+01 3.460061049490323626e+01 -3.589393446700752577e+01
-2.064652900234869293e+01 3.706768776250676467e+01 -3.593548671224533564e+01
-1.618833840339980412e+01 3.948600458614370723e+01 -3.543299120876044839e+01
-7.400404083950159873e+01 3.016888024733151141e+01 -1.046653806481028681e+02
-1.652586439019832554e+01 -1.622999116191188085e+00 -1.939495600325400915e+01
-1.022785044018343115e+01 2.194860386787986783e+01 -1.308643957992522466e+01
-9.435452591980114434e+00 1.312787904014139251e+00 -3.781202066386111671e+00
-5.977357021552991867e+00 -1.900679933062364713e+00 -6.471795275407791870e+00
-9.228411700504898008e+00 3.172626412735398693e-01 -6.971404909448206233e+00
-1.467297031356722137e+01 -3.670791806314461780e+00 -2.165730088317518565e+01
-4.955077493220115592e+00 -2.695674699254182904e+00 -4.777695241822929262e+00
-4.228554398825970395e+00 -3.936448104577225493e+00 -1.257044830460679208e+01
-1.646808395455033747e+01 4.537488085989228637e+01 -3.860156101924375349e+01
-1.265947603212227079e+01 4.357246810823207994e+01 -3.466129137070858235e+01
-1.064479235222654907e+01 4.222810392424857184e+01 -3.031091874897544614e+01
-4.797132596435462659e+01 5.030242965875959271e+01 -4.250367990978579513e+01
-5.088628496988842187e+01 5.304818354381132650e+01 -4.273402093761436760e+01
5.726301185318637188e+00 2.520137013904344414e+01 -8.500177741770150064e+00
4.824876163701078013e+01 4.676791831977742930e+01 -4.321622940816823188e+01
5.565687346061458207e+00 -2.822216557461389108e+00 -1.249088062292756085e+01
7.134576012558896707e+01 7.530390882900495342e+01 -7.457278139187786792e+01
2.896561392428122517e+01 3.933922337876779807e+01 -3.598737113029492463e+01
3.566802416833096601e+01 3.888653619052469423e+01 -3.660216639927575955e+01
4.194661617667449605e+01 3.935118293715654403e+01 -3.854803279527030213e+01
5.021043044278704315e+01 4.413810531717894747e+01 -4.430862837385767961e+01
2.336193831873385207e+01 4.116884523471665602e+01 -3.693271362424501802e+01
3.795158943037989019e+01 5.912793817126787843e+01 -3.389042055459196945e+01
3.062508741953021030e+01 5.835906042659499349e+01 -3.365619850747039266e+01
4.462841083259870345e+01 5.809392230705415727e+01 -3.620464450638773712e+01
4.907532083955592128e+01 5.555298590665470471e+01 -3.882838870661208830e+01
5.522056980625143296e+01 3.909576804435437225e+01 -4.768620898389654172e+01
2.333188650997695746e+01 -5.728467442863293257e+01 -3.641944908036024486e+01
5.051409577642478155e+01 4.901872474653033862e+01 -4.542697190030231980e+01
7.411241855197144446e+01 4.421499092271309195e+01 -7.743900621215382785e+01
6.251564728231117130e+01 4.490978512870998429e+01 -5.453080603900524181e+01
3.225265086338652765e+01 8.258302709453669621e+00 -3.020036876133224268e+01
7.313173596898474571e+00 -2.158579196866248040e+01 -1.691646292535163809e+01
6.008819677779916546e+00 -2.851448040776206128e+01 -2.012274209935619496e+01
1.461908297867374529e+01 -2.383663376625952779e+01 -2.054098437863158821e+01
1.919638243424098789e+01 -2.654642229216635840e+01 -2.478441376326330925e+01
1.116179211511698455e+01 -2.901139173904501689e+01 -2.231287546524452736e+01
1.526490382181466998e+01 -2.959904404991192095e+01 -2.627229908653560386e+01
2.749980866457210382e+01 -3.639105857380288711e+01 -3.462373093732978191e+01
5.226227276159264967e+00 2.075520341976712091e-01 -6.311285886476939444e-01
6.147756989572140895e+00 7.506050842183095817e+00 1.539431761837285029e+00
5.921399648021919404e+01 6.433898502502091787e+01 -4.140721029432134515e+01
1.973130888529923865e+01 2.669924155863806448e+01 -2.922168179883786365e+01
1.906655464088311547e+01 2.638341089216094115e+00 -1.676060945647673961e+01
1.966327568561645123e+01 6.776383647183881642e+00 -1.860162135946176321e+01
5.192014986707170721e+01 9.537163784867560778e+00 -3.865003095981001024e+01
5.979224623817244400e+00 1.703303465454937538e+01 -2.285324902882819309e+00
4.458965348613708102e+01 7.209438386884960437e+01 -2.987421868437382955e+01
5.330267871220190301e+01 6.968677921497125283e+01 -3.527182243979147813e+01
6.551649788028332466e+01 8.785494575229660086e+01 -6.124270908909578992e+01
1.541013474894656454e+01 6.535665542487038238e+01 -2.413955739957902225e+01
2.436700130481469273e+01 5.556698704709785375e+01 -3.558387292648080091e+01
3.218883880886514248e+01 -3.006940303638172907e+01 -3.614323646282555558e+01
6.487195689479085559e+01 -2.130018332718751850e+01 -9.619133565582497170e+01
1.437350852154086311e+01 -1.372055500495150238e+00 -1.926091226497208098e+01
9.357788553399625897e+00 -3.477552243040137991e+00 -1.887660369135056726e+01
2.433196339800126751e+01 -3.054161140696349008e+01 -3.492285921306558549e+01
2.144235685843928252e+01 -2.990565386508700385e+01 -3.288601371552477559e+01
5.703784220734602428e+01 7.466880611432758030e+01 -3.827096107053375107e+01
1.901686855702301671e+01 -4.211608672409490328e-01 -2.040740216353431435e+01
3.239883943436477409e+01 7.137503109517719224e+01 -2.597218987317639005e+01
3.371453269240016226e+01 7.735901448054636376e+01 -2.451892636751192711e+01
3.957822431495058169e+01 1.036581634909218934e+02 -3.526561030502106320e+01
6.136877948626251111e+01 8.128275390583823423e+01 -4.781619284931110769e+01
3.603589964308425664e+01 9.044993667014243499e+01 -2.922510571792040679e+01
6.319183895964638253e+01 6.776984218523607240e+01 -4.711754851738653826e+01
6.740990687882356269e+01 7.102265230533971874e+01 -5.971559775582435492e+01
6.795599617096948819e+00 -2.569204440662031175e+01 -1.769684639713457486e+01
1.272037033227090497e+01 -2.710291958891237485e+01 -2.103715661946307591e+01
1.727030895455447990e+01 -2.823443894606228355e+01 -2.490707842260650295e+01
1.271772909893866910e+01 -2.578330972006673605e+00 -2.077144959170387750e+01
2.273867919557315531e+01 -3.036645924607141112e+01 -3.382745346113888729e+01
2.055282263934428144e+01 -3.144449779543022672e+01 -2.985344378264890963e+01
2.091149640768274054e+01 -2.937426079685970493e+01 -3.273633341772592331e+01
1.157025344711207460e+01 7.094970088782485140e-01 -1.016760025377192456e+01
1.397997162481716060e+01 -2.907922532862776421e+01 -2.735175626616301159e+01
9.892487648906705289e+00 -2.926685928462411468e+01 -2.489025388848945752e+01
5.183567357898876793e+00 -2.944336522317837890e+01 -2.288541559604929532e+01
7.976877005196326920e+00 -4.722943680986696080e+01 -2.889948451345855318e+01
7.430186100255426140e+00 -4.106232235686211851e+01 -2.224365264246722163e+01
7.071729133886613283e+00 -3.708752123139455392e+01 -2.126077653687768176e+01
6.531145490471240933e+00 -3.353351078321410483e+01 -2.253520730336267519e+01
5.978058292118608286e+00 -3.103759392746419365e+01 -2.349450207143529568e+01
1.541730645946482348e+01 -3.028147094518962135e+01 -2.769182788707043485e+01
1.631582859149515130e+01 -3.120265105977220799e+01 -2.661712156624319903e+01
1.767104208943982258e+01 -3.305905996447169315e+01 -2.563472773681030503e+01
1.892638057943297270e+01 -3.534090208603405614e+01 -2.681645609107656369e+01
2.535695303193019257e+01 -1.827121119463461696e+01 -2.696545421290137767e+01
7.269537098904369543e+01 1.418732036775134553e+01 -1.055329623434847690e+02
1.801153488389767077e+01 -3.009252815575758433e+01 -3.051903493996477579e+01
1.914158045619266701e+01 -3.059652964906365824e+01 -2.985717592453388747e+01
7.345521388349968817e+00 -6.611522459939561891e+00 -1.852525187611804114e+01
1.678181426384643871e+01 -4.635838640163811419e+00 -2.519103378233798907e+01
8.290501292628496444e+00 -5.115600092278659972e+00 -1.860363586540053404e+01
2.643301064605845596e+01 2.248287789263854108e+01 -3.150643883895682151e+01
3.716724001803702038e+01 1.766344738336267639e+01 -3.365885380102977820e+01
2.049996268838023994e+01 3.713337718214427596e+00 -2.231224196831928452e+01
5.561231460335102383e+01 9.756015566725770327e+01 -4.720996388512919140e+01
5.164964301020179249e+01 8.815409264300166114e+01 -3.786538346348955031e+01
4.711899347464215992e+01 7.805422812005396338e+01 -3.073498272852315694e+01
2.262448372671284957e+01 -4.066524390169307424e+01 -3.177140045457160156e+01
1.772972242926385178e+01 7.510142863592753315e+01 -2.131341555981345337e+01
1.957045065022407115e+01 9.005981044367490540e+01 -2.426972092575314122e+01
2.197409255136572881e+01 1.063104779302958036e+02 -2.836954068574262422e+01
4.723489205911599242e+01 4.104501255601406484e+01 -4.156063972913162985e+01
6.210628935872862399e+01 3.376430638067873247e+01 -5.146227575079364414e+01
1.973297931622946777e+01 4.310540270425100573e+01 -3.789408144961306846e+01
5.586237519868127777e+01 5.381352370597699775e+01 -4.468091321164386187e+01
1.534587899278781364e+01 3.147753561650736387e+01 -2.688836649987992899e+01
1.569070878452195927e+01 5.133158646393813918e+00 -1.024854719847497897e+01
6.878445643334733006e+01 2.929806564330647234e+01 -5.891636568860508305e+01
5.753113411460473969e+01 2.796549267515475634e+01 -4.532264200960915446e+01
4.898333085834707390e+01 2.475704647748302634e+01 -3.895562270364118973e+01
3.638772218653824808e+01 2.590026135912616567e+01 -3.613281957710950110e+01
2.721496405752104053e+01 2.898228039223572594e+01 -3.460016595507021719e+01
2.043512235945568278e+01 3.241738958895012956e+01 -3.281314172485986091e+01
6.711074649436502781e+00 4.096969281505969462e+01 -2.023020545693134764e+01
6.707570003317763963e+01 1.367577264055615416e+01 -5.709071335989223428e+01
6.130324496081190233e+01 5.541646668691521427e+01 -4.800381985172231936e+01
3.138973270644049851e+00 -3.241681792174035071e+00 -3.867984018419869496e+00
1.852475174505376643e+01 1.904451325837353792e+01 -2.646836652578084781e+01
7.533128917964936022e+01 4.563998836257255931e+01 -9.989335582358987153e+01
1.540366687357815501e+01 3.635677778431463736e+01 -3.191086965135293596e+01
2.111444461983636955e+01 3.522418015169475058e+00 -2.870021159544926803e+01
5.233766960260552281e+01 4.855727811742436018e+01 -4.677806917260244290e+01
1.604544353146871671e+01 1.017253071797780173e+01 -1.263467741069204742e+01
7.004113889746737698e+01 -3.166199260196192355e+00 -1.027445359712438488e+02
1.976196660491451595e+01 4.609750291839856828e+01 -3.949342616316419452e+01
1.133309319775698398e+01 1.444890335226303790e+01 -6.244234344876609555e+00
5.081367832492199454e+01 -4.058553551077648081e+01 -6.010896497079791345e+01
5.039921002105344883e+01 -4.715131343491865579e+01 -7.272017799268532201e+01
7.308293406562042094e+01 1.367716740465430547e+01 -8.126101765942473776e+01
5.885080099519884556e+01 -3.051341669725911387e+01 -6.857568829966820090e+01
7.094762743909807057e+01 5.862534159085218022e+01 -7.046674299833526334e+01
2.467429319530571519e+01 -6.360031549963656516e+01 -4.069344096618884521e+01
2.409308564236967154e+00 -4.446605133069875038e+00 -1.264471813061234506e+01
2.421407007019977797e+01 1.377913580495503609e+01 -2.894667916575410871e+01
6.808744464762729365e+01 4.381668516972535343e+01 -6.119971372482762462e+01
4.171522113381901420e+01 4.378744452486312611e+01 -3.910235465437469315e+01
3.598134611057370336e+01 4.295277509101556035e+01 -3.742473216379512735e+01
2.216547616028709555e+01 -3.281685707144384878e+01 -3.106786647981785876e+01
6.486142921684600537e+01 -4.957484965496311569e-01 -5.922337823030683523e+01
1.289854189206956825e+01 -7.270575957998073591e+01 -4.292363729747348344e+01
3.213966444278926815e+01 -6.293083156288626867e+01 -5.559546255474145227e+01
4.061184768327805017e+01 -5.657204770012058503e+01 -6.300436381829894827e+01
3.023629953179137786e+01 4.327146990268042970e+01 -3.718301379275346363e+01
2.491164469966718897e+01 4.448796880535561371e+01 -3.812068510724395765e+01
2.144749734788812390e+01 4.527880385766194848e+01 -3.948209803603371171e+01
6.599069974583360931e+01 5.719492460516299559e+01 -5.481417538775703946e+01
2.562962295983031424e+01 5.175652888781537797e+01 -3.690512685861374820e+01
3.143961563511411583e+01 5.421204619138323721e+01 -3.597498723133770682e+01
3.747514648480358801e+01 5.484921482988659136e+01 -3.640155989790108748e+01
4.340875998464674979e+01 5.376478412458553180e+01 -3.802254352846776442e+01
4.697857109127868824e+01 5.181127010897770901e+01 -4.018198563796299538e+01
7.452569869317328255e+01 6.201326026966490446e+01 -8.881280622523573243e+01
4.559851644363518375e+01 4.522787868627307262e+01 -4.129882168085565297e+01
1.981748151753674847e+01 -1.443648223475653758e+01 -2.416798615742528611e+01
1.460652484937496531e+01 -3.319627030231362408e-01 -1.685922381859265684e+01
8.237494698949163308e+00 -1.222364115447826904e+01 -1.868044952593564645e+01
4.210679098727730008e+01 -4.980952087039453602e+01 -5.386659262242197599e+01
3.368260238216686275e+01 -5.669714235272380165e+01 -4.763290000089757115e+01
1.341387038360791273e+01 -6.883535284465656900e+01 -3.451483834729449995e+01
5.802140387477055583e+01 -3.611324361322176912e+01 -8.519882442481032570e+01
2.154758998536811632e+01 4.834964412402757006e+01 -3.841975507749647534e+01
1.079150987892153779e+01 2.893948615860493589e+01 -1.800180778712701013e+01
2.323034128048985281e+01 -6.856617049510100514e+01 -4.794710208724024625e+01
7.016980721177976932e+01 -2.046141141127463481e+00 -8.034455518883092395e+01
1.115560069195438508e+01 -3.057224047696527691e+01 -2.534402035808078679e+01
1.208187157021380820e+01 -3.231965607088254444e+01 -2.419339045779657127e+01
1.305342856443953892e+01 -3.509908471188749246e+01 -2.304757066918237030e+01
1.386425907034267446e+01 -3.866899099866164846e+01 -2.403252756083972486e+01
1.610942327548086439e+01 -4.450877098130997922e+01 -2.934814710877976651e+01
1.886964607283384510e+01 -2.984238248315311282e+01 -2.975853209072720773e+01
2.074383015564233901e+01 -2.950513738893953430e+01 -2.969591957139674321e+01
2.263927007609195741e+01 -2.851704442803708162e+01 -2.970051658052486943e+01
2.976766847570227981e+01 -2.380270297877543229e+01 -3.117849309037868721e+01
5.598952314705621802e+01 -5.282901495849071871e+00 -4.566844609791186116e+01
1.098121949051463098e+01 3.670797094753624634e+01 -2.406383353230100397e+01
1.474271195318850580e+01 5.139137469516990819e+01 -3.470854541578560770e+01
1.865147658690101196e+01 5.011969963217863722e+01 -3.725431961380182599e+01
1.755879436020858364e+01 -2.885388846055892387e+01 -3.042323759140706230e+01
5.602747450310441479e+01 -2.163934935725436048e+01 -5.563795368284589671e+01
9.088163521150622870e+00 5.192859172569338710e+01 -2.658638196799941511e+01
2.003290299839886757e+01 -5.086529574366250017e+01 -3.340545464206163473e+01
6.338558301915609761e+00 3.264070831933757688e+01 -1.369598499362611044e+01
1.465200468041966708e+01 1.709996719917186425e+01 -1.819971650388530904e+01
1.025792731906579469e+01 -5.458719306926849413e+01 -3.030533379379770409e+01
3.441674086989739578e+01 -3.866824883738284058e+01 -3.895513028759958019e+01
2.676744012255686300e+01 -1.896718858084333048e+00 -3.016213505882039669e+01
2.796309116658974148e+01 -4.572100508960271981e+01 -3.629257862040438454e+01
4.221891462803390738e+01 -1.024754997630987138e-02 -3.275693439838562426e+01
3.279027219995056441e+01 -8.738178573593305742e+00 -3.088704650123900919e+01
4.714176025833689465e+01 -1.125686853662883813e+01 -3.773450436995192092e+01
1.248925486762163750e+01 -6.256663678984044452e+01 -3.094746529478623742e+01
1.802714645367631263e+01 1.298024662255233608e+01 -2.289783469800643090e+01
4.013794482593257129e+01 -4.308459815185183572e+01 -4.574520507719138607e+01
3.184605898807171442e+01 -5.056235389769140909e+01 -4.191261428099582531e+01
3.950358054390428464e+01 -3.024309219492860024e+01 -3.952180888860261376e+01
6.246097811665875099e+01 -1.245425666901826212e+01 -6.161288134656296478e+01
4.778643519332926815e+01 -3.023884920757522110e+01 -4.642350488158293587e+01
6.609339116734446407e+01 -1.666039655045577561e+01 -7.751105009366085596e+01
3.735440777196412654e+01 -1.803102399200425410e+01 -3.382942125950188483e+01
1.458516469705629248e+01 2.411498517034240763e+01 -2.256482291701332699e+01
1.358221844207702489e+01 1.810639761343892484e+00 -8.843096788870520086e+00
1.713686900248886502e+01 1.992509048606521949e-01 -1.602692602640339103e+01
1.136324925613175552e+01 6.630187495901386896e+00 -4.241661095979566198e+00
2.029874612185157190e+01 5.829100478508346583e+01 -3.242244783776025230e+01
3.112977761132700749e+01 6.267533568780855546e+01 -3.150265640839580072e+01
4.046413567552733781e+01 6.355954431069086041e+01 -3.223371259133266165e+01
4.811211090325982553e+01 6.250042236902199022e+01 -3.506263115352086146e+01
5.327928857025233356e+01 5.950800613972824493e+01 -3.920445410487468507e+01
5.672562289766501920e+01 4.675431400595157783e+01 -4.955557420726717055e+01
7.463227633688289586e+01 2.904486362380932363e+01 -7.968951055768225444e+01
5.167365832270969150e+01 3.565724236230508382e+01 -4.409781951486273499e+01
4.498443229730498416e+01 3.306034221480031476e+01 -4.010427660772705138e+01
3.625776708811623195e+01 3.296900313998271770e+01 -3.726399173484173133e+01
2.795275412735605158e+01 3.465711514731400200e+01 -3.580587104816885358e+01
2.155865683430490520e+01 3.707700210989905543e+01 -3.582511390812008756e+01
1.712679709004261852e+01 3.951981566515937061e+01 -3.529929300229489542e+01
7.408798666810642430e+01 3.011748701749048962e+01 -1.049298616121063219e+02
1.673969131847242053e+01 -1.591868929556330192e+00 -1.934410660338733479e+01
1.061164837408292172e+01 2.194071670544855834e+01 -1.301153545937283162e+01
9.563938763488957662e+00 1.302219162251055717e+00 -3.760434766415918340e+00
6.094467325225987331e+00 -1.903245061795255433e+00 -6.483725740653082603e+00
9.388537831321606575e+00 3.281053018404069266e-01 -6.965552791906172381e+00
1.490796525247636239e+01 -3.651360988807086816e+00 -2.157112784956970231e+01
5.058120288899022654e+00 -2.714199216974844564e+00 -4.772784219348585211e+00
4.315105373727462279e+00 -3.944424025253414623e+00 -1.257374207696688373e+01
1.742687614762684234e+01 4.542242998418548439e+01 -3.852242416762260291e+01
1.361636048233830287e+01 4.354098754948671512e+01 -3.457136802672269482e+01
1.157597751608103209e+01 4.218606004256798769e+01 -3.024087695134776510e+01
4.897368427992678619e+01 5.027613244645139901e+01 -4.255021867728571294e+01
5.212934271405964637e+01 5.287617108820501954e+01 -4.271901250182197174e+01
