-4.782720546706171194e-01 -2.323418984064854342e+01 -1.691733740330949942e+01
0.000000000000000000e+00 0.000000000000000000e+00 0.000000000000000000e+00
-1.544982862523428535e-01 -6.884250159543659819e+00 -1.725600561307482650e+01
-5.512332805095125465e+00 2.396612539248506124e+01 -7.961781741861934769e+00
2.595414697484699218e-03 7.242911560695802997e+00 2.559385033210694438e+00
1.734438024904350062e-02 1.697183903575584196e+01 2.142456598347629027e-01
1.390116011581081779e-01 4.076861124104894429e+01 -1.692615189408196130e+01
-4.792478269332621466e+01 4.391442529356397984e+01 -4.212421903439742010e+01
6.151728721817262269e-02 6.108593070399601288e+01 -2.090873318600940323e+01
2.743238344831011588e-02 7.117071782121577428e+01 -1.903684219432700431e+01
1.120385980124538605e-02 1.022901006628011231e+02 -2.418400534631957655e+01
-5.397413462330807876e-01 -2.661071777590098009e+01 -1.787161439932591733e+01
-5.407304250694984216e-01 -2.894259613134896370e+01 -2.033533763076605538e+01
-4.978322578141189947e-01 -2.980253802354133796e+01 -2.340507356890585200e+01
-5.564592431520982707e-01 -3.101098177013616564e+01 -2.370971887128514766e+01
-5.459383341898678133e-01 -3.393275194369563508e+01 -2.286084026401536917e+01
-5.222964810506479649e-01 -3.755181816328753541e+01 -2.178752145351671388e+01
-4.853839679191230827e-01 -4.117558060815265719e+01 -2.313059610345743877e+01
-3.784546759695954776e-01 -4.683425165474352525e+01 -3.019174059067649907e+01
-3.895028392144651852e-02 -3.540070913179009793e+00 -3.582242343284646413e+00
-5.451272912978529561e+00 -2.793013258440451896e+00 -1.264177375336590003e+01
-7.196315093979485766e+01 7.128565763850822634e+01 -7.282916058294111394e+01
-2.844981054227212169e+01 3.673884668100852480e+01 -3.517752514359183635e+01
-3.518719620889143584e+01 3.627667054371266175e+01 -3.581051515135416707e+01
-4.153821206192306903e+01 3.681864974628494735e+01 -3.776703145180601950e+01
-4.987388404644940465e+01 4.132546484691044952e+01 -4.339540094517845148e+01
-2.282730667115671253e+01 3.855539518916472019e+01 -3.612793148699127244e+01
-3.735043627550891188e+01 5.639012983347294750e+01 -3.257798070470728646e+01
-3.011706060828622711e+01 5.566487858280021328e+01 -3.236054876421217585e+01
-4.402133896667186974e+01 5.527746582717232826e+01 -3.493092410277965598e+01
-4.851142252892438478e+01 5.262052150727917166e+01 -3.762530062254957386e+01
-5.510897873294583604e+01 3.662027083369948599e+01 -4.710338091794036330e+01
-2.382058820633521279e+01 -5.593943118175626239e+01 -3.842126646714688576e+01
-5.025465688769716621e+01 4.604772411046230474e+01 -4.431771507351742656e+01
-7.444265952918021867e+01 4.138805000144674295e+01 -7.681607381348101171e+01
-6.251302719888622050e+01 4.233048928341948880e+01 -5.375039520236432367e+01
-3.240420945088813909e+01 7.152321221932064432e+00 -3.022629829407541990e+01
-7.839362351878351731e+00 -2.207875904448233584e+01 -1.780743128324548863e+01
-6.694047162735099477e+00 -2.867379735365702231e+01 -2.126486116405161297e+01
-1.527410182898364965e+01 -2.389755732364028518e+01 -2.166927964428674613e+01
-2.007377541907384710e+01 -2.619580776928687271e+01 -2.624867491642696038e+01
-1.193424935648604013e+01 -2.885768288110665480e+01 -2.364582768613624708e+01
-1.619649966313020073e+01 -2.917629722926299252e+01 -2.785298724231617129e+01
-2.840606666539791547e+01 -3.532543933344873466e+01 -3.664371762683479972e+01
-5.209040754190233713e+00 2.539912174732196770e-01 -5.367712591772807462e-01
-6.144726299280392823e+00 7.154169881912991080e+00 1.767614322045199193e+00
-5.905424839618934385e+01 6.159117900375795784e+01 -4.012522278407157472e+01
-1.944138423493695100e+01 2.492697010302284255e+01 -2.885504368655591279e+01
-1.902620869155421701e+01 2.288758507319631708e+00 -1.670706960771738281e+01
-1.960307953863656394e+01 6.168768063092762155e+00 -1.847305030713964058e+01
-5.220643300720779933e+01 8.365722763739533718e+00 -3.897008293028050474e+01
-5.864226454571594083e+00 1.621707402097147721e+01 -1.901398318939995891e+00
-4.434351910038463274e+01 6.983865102273959735e+01 -2.855169198308563949e+01
-5.303441962642872198e+01 6.715767274302956480e+01 -3.401111061465763896e+01
-6.579813095786107624e+01 8.353249321500334190e+01 -5.898446360315289638e+01
-1.506844115563893283e+01 6.344880722202915280e+01 -2.280728209335901369e+01
-2.382907018569979130e+01 5.288405475060837091e+01 -3.425605613724292198e+01
-3.320018275764623183e+01 -2.905836328891506071e+01 -3.794635813560161353e+01
-6.525069661854000458e+01 -2.149898980026533124e+01 -9.809033040014129767e+01
-1.433551324725163312e+01 -1.546380815169317469e+00 -1.923461690644088407e+01
-9.369693877223960854e+00 -3.679340458074288556e+00 -1.901257581283313769e+01
-2.566414459758643574e+01 -2.949037529938381752e+01 -3.689370923652465706e+01
-2.275919331227716924e+01 -2.901168197977164809e+01 -3.488776897523851517e+01
-5.696769996383357437e+01 7.202140134333320987e+01 -3.667614600446418649e+01
-1.902310631491332416e+01 -7.541443047342476502e-01 -2.048716222927543029e+01
-3.218378154147207937e+01 6.936311004443557238e+01 -2.451007279028480212e+01
-3.350321000137727623e+01 7.517435278972823198e+01 -2.279819815093895130e+01
-3.909040653222570683e+01 9.920238762928941867e+01 -3.255794468765766680e+01
-6.151080543425572245e+01 7.770942192594185371e+01 -4.590995012436163591e+01
-3.569568669767417646e+01 8.699570475022069616e+01 -2.697611541891101794e+01
-6.325854809973236570e+01 6.486487001780577089e+01 -4.561666920611082077e+01
-6.773261322554827757e+01 6.751212323728658760e+01 -5.805767213636008961e+01
-7.403591089649341761e+00 -2.599444019311208365e+01 -1.873082301505953495e+01
-1.342215013429310844e+01 -2.699740687377034121e+01 -2.232237571416961330e+01
-1.811626079081137775e+01 -2.783462624187579593e+01 -2.646033890591239057e+01
-1.273764939043099176e+01 -2.817600950623045719e+00 -2.094828266540660522e+01
-2.412169491257072451e+01 -2.937946373805024791e+01 -3.589295177659494840e+01
-2.174210375670580220e+01 -3.063199966971244237e+01 -3.183523067344217239e+01
-2.216538348888224519e+01 -2.851330879714810251e+01 -3.474513866854679378e+01
-1.135800720882485670e+01 7.381099969779894021e-01 -1.021411469496229785e+01
-1.491266179056614050e+01 -2.867513394659028947e+01 -2.897728638958419367e+01
-1.063990234838753146e+01 -2.903489544054966842e+01 -2.629263500457977543e+01
-5.863370902922785177e+00 -2.944090981850143862e+01 -2.412076397333351352e+01
-8.603506058291468861e+00 -4.652676202317083209e+01 -3.030622334062162082e+01
-8.113007887950079322e+00 -4.045386260034316450e+01 -2.343323827941515702e+01
-7.806905703569881894e+00 -3.658902823708255170e+01 -2.232667633762454429e+01
-7.295876405189127389e+00 -3.315130527526061854e+01 -2.351205074181990184e+01
-6.690050853401792175e+00 -3.072414636509385133e+01 -2.446127818501008377e+01
-1.638887044923582792e+01 -2.974834508234978969e+01 -2.921874150630629430e+01
-1.733912527965936690e+01 -3.061546756932332869e+01 -2.815419374181869827e+01
-1.866183031956903093e+01 -3.233033204518329029e+01 -2.725117308533297944e+01
-1.993493835749412568e+01 -3.453074382539838183e+01 -2.855233759516337599e+01
-2.601605161592914683e+01 -1.814213650242460574e+01 -2.823781879679528117e+01
-7.336062124023750641e+01 1.225235282202188003e+01 -1.061935545214939083e+02
-1.348796134671561009e-01 -4.773145504646770121e+00 -1.247861633571461226e+01
-1.916347471661668678e+01 -2.943202469402369914e+01 -3.238949759872787126e+01
-2.032888378000989604e+01 -2.982711598078816095e+01 -3.170906708844493949e+01
-7.453841351758996758e+00 -6.854194714267189958e+00 -1.892449424056330898e+01
-1.695539648799418586e+01 -4.982186219095648738e+00 -2.544954817154761884e+01
-8.342675500461934845e+00 -5.344471530840503526e+00 -1.886482886525582003e+01
-2.628653932124463566e+01 2.080867227882287906e+01 -3.136211185740090102e+01
-3.718460460683252933e+01 1.617330935986162999e+01 -3.363154937564446101e+01
-2.054663391326876010e+01 3.142527136377958108e+00 -2.237730781257460677e+01
-5.551976879134606691e+01 9.312661573812549420e+01 -4.461697873450287233e+01
-5.156087117308414491e+01 8.462578406639383388e+01 -3.571489368303299017e+01
-4.701832784117240749e+01 7.555609122232868913e+01 -2.907334992418816100e+01
-2.336377914834942970e+01 -3.970904672977027872e+01 -3.378934768185035864e+01
-1.727809269410704829e+01 7.303609159852064181e+01 -1.969684932865152405e+01
-1.895018229860738046e+01 8.653639999488004264e+01 -2.203591923963388766e+01
-2.106872426031152301e+01 1.017509207538363398e+02 -2.551519768773066232e+01
-4.691588869916154891e+01 3.842021967003251604e+01 -4.077420730410059235e+01
-6.211758101202697446e+01 3.154339603729811614e+01 -5.082461592836354924e+01
-1.920647772186110558e+01 4.047269993877159777e+01 -3.696288046211393663e+01
-5.557207979406920373e+01 5.096549794706840686e+01 -4.364807249990842308e+01
-1.497048503317114765e+01 2.960057714831792808e+01 -2.643739600441729465e+01
-1.554959833537569658e+01 4.897215508057077393e+00 -1.012727514948713292e+01
-6.888576013301927503e+01 2.721507936194042188e+01 -5.863741044143616676e+01
-5.758218828597129146e+01 2.598879128454503018e+01 -4.487852975631148666e+01
-4.900059635231395561e+01 2.296125746159962944e+01 -3.868229778757655879e+01
-3.625369586558089452e+01 2.405372041348133294e+01 -3.596061377063259101e+01
-2.691758225123654924e+01 2.698827512123658323e+01 -3.429946489389526221e+01
-2.002069002846634760e+01 3.033009001994474474e+01 -3.238523407760404638e+01
-6.189382679742340798e+00 3.901895661714561214e+01 -1.946041615807161662e+01
-6.731847619787932047e+01 1.225290873331940311e+01 -5.739578779246104290e+01
-6.113916193274348387e+01 5.264419222493818040e+01 -4.684758183041454060e+01
-3.059417700180715460e+00 -3.150113198904293199e+00 -3.953618115517752774e+00
-1.837195286247154513e+01 1.771253346390000871e+01 -2.627997468328996433e+01
-7.612775952191530848e+01 4.255488623469646114e+01 -9.943127098343217085e+01
-1.493087994272384478e+01 3.423181839762857948e+01 -3.136994345782161986e+01
-2.129654045452890188e+01 2.831540112602497050e+00 -2.883488816410174493e+01
-5.199714760468242503e+01 4.563266008221427228e+01 -4.580545097595322090e+01
-1.587447898732440521e+01 9.566178197793849591e+00 -1.240436787378044947e+01
-7.057564655351916372e+01 -4.300430073131503050e+00 -1.039703080767364582e+02
-1.917250622790562531e+01 4.340148053717714305e+01 -3.844111417792631613e+01
-1.115667499091756198e+01 1.372527726866913333e+01 -5.886213896142279189e+00
-5.102166471797121261e+01 -3.953744073422261351e+01 -6.213181993414216464e+01
-5.050792055172914274e+01 -4.581328552576221824e+01 -7.518543821925999282e+01
-7.340307940058171710e+01 1.206101543282920119e+01 -8.167925177050030072e+01
-5.917681438106759373e+01 -3.004185988953534192e+01 -7.031608115136104686e+01
-7.130952259062885901e+01 5.534389203517514488e+01 -6.928941974985494312e+01
-2.501389886658951411e+01 -6.189009946332134149e+01 -4.298828104374623393e+01
-2.464410465753554824e+00 -4.467549039783698994e+00 -1.291089837469227675e+01
-2.419695224115234566e+01 1.255840462595395834e+01 -2.881043950070086979e+01
-6.816066452759660876e+01 4.122404169485539427e+01 -6.044657178091934213e+01
-4.131726642379609160e+01 4.104203958257307505e+01 -3.809334381403383674e+01
-3.552401640096400826e+01 4.017376778121684566e+01 -3.644115156026060731e+01
-2.331838615493796851e+01 -3.188626083925856491e+01 -3.302352418680600721e+01
-6.525349779681097573e+01 -1.285340351082410404e+00 -6.002344397992981584e+01
-1.345940533156522179e+01 -7.075306198133080215e+01 -4.562685987446324276e+01
-3.233505775821400618e+01 -6.089522514110180396e+01 -5.824423697735159067e+01
-4.062138742748469156e+01 -5.474477721774779582e+01 -6.554678985719748141e+01
1.099155369614290834e-02 8.595575809128511935e+01 -2.072198298643665737e+01
-1.136445517840369845e-01 -7.245237883120887545e+01 -4.375390213208746104e+01
-2.976589528520632655e+01 4.047193175852074631e+01 -3.619534595789200182e+01
-2.435882556296166257e+01 4.167915283697479367e+01 -3.709968135358360541e+01
-2.087981815646086048e+01 4.253455501918641346e+01 -3.847320376003661124e+01
-6.602719853541717043e+01 5.429030601013958801e+01 -5.368413037699349388e+01
-2.500703907172058393e+01 4.912542404122801543e+01 -3.563623640313554830e+01
-3.087606978558600446e+01 5.156109812510920420e+01 -3.468917564004797072e+01
-3.703558567770369336e+01 5.214977236907125757e+01 -3.497365694775806588e+01
-4.307269654406933768e+01 5.100584824583955879e+01 -3.673518934511132983e+01
-4.669644494826391679e+01 4.893140961821733725e+01 -3.890625576228284643e+01
-7.530023122341276576e+01 5.835062720499903577e+01 -8.765888037732764815e+01
-4.525022099034595158e+01 4.241673692564820897e+01 -4.027352804343680504e+01
-2.936555037894932330e-01 -1.191990542254550611e+01 -1.878685815645214063e+01
-2.025695234204600581e+01 -1.457195188765193805e+01 -2.504603270273356230e+01
-1.451577191797979793e+01 -4.654357749633828423e-01 -1.679324329679375083e+01
-8.530293587006960720e+00 -1.261353357145151577e+01 -1.929756446576548967e+01
1.502748028171876360e-01 5.095901565293246449e+01 -2.133137070792402668e+01
-4.231119925142760252e+01 -4.825190163381237340e+01 -5.615266436451932464e+01
-3.390671068906063823e+01 -5.494813334541647976e+01 -4.997755465821534671e+01
-1.390520682571014532e+01 -6.716256968264883653e+01 -3.689938216284446781e+01
-5.832618731904950948e+01 -3.548184354255151618e+01 -8.750636041868096981e+01
-2.095681753111057688e+01 4.566219251763787668e+01 -3.734647436376047835e+01
-1.052684273580381458e+01 2.739575666270973997e+01 -1.745546864349945437e+01
-8.022762669408312064e-02 -6.861523417872957964e+01 -3.533004078686847294e+01
-2.356142680725488603e+01 -6.655459630160272866e+01 -5.063416416405019760e+01
-7.056898118329168312e+01 -2.969888367700098009e+00 -8.126944618031774326e+01
-1.201761331836741320e+01 -3.016975549418680913e+01 -2.657415303413298702e+01
-1.297731898336327205e+01 -3.182392927312744746e+01 -2.542235949112524906e+01
-1.392289761208358279e+01 -3.449881067352502129e+01 -2.442539446934894087e+01
-1.471654290134937781e+01 -3.794242970121709391e+01 -2.555675422660650042e+01
-1.677508438438746197e+01 -4.360681225587582333e+01 -3.118507260701268535e+01
-2.003147510467461601e+01 -2.912938831197594425e+01 -3.161153233671800322e+01
-2.193336190597434410e+01 -2.868897013421626596e+01 -3.156510038363089166e+01
-2.379380912792026947e+01 -2.773426969145740983e+01 -3.150195700300658785e+01
-3.074651307549872925e+01 -2.319469424972600891e+01 -3.277999521699727836e+01
-5.646648402777760367e+01 -5.876362249089035927e+00 -4.642211318773404116e+01
-1.053663635012576272e+01 3.477612428020616875e+01 -2.337628544730384661e+01
-1.419225881482996954e+01 4.900342725904227592e+01 -3.350443394289911936e+01
-1.810916848770612120e+01 4.749410578480620870e+01 -3.613631817516822764e+01
-1.868141518812633350e+01 -2.824379054846396642e+01 -3.231983269916439383e+01
-5.651455714881774384e+01 -2.149375896826083121e+01 -5.696257668949080966e+01
-8.483035752856801892e+00 4.978345960473295406e+01 -2.552173513617592349e+01
-2.057075688777290878e+01 -4.972735310862329783e+01 -3.529146728234236718e+01
1.057518971786002293e-01 2.503061370528147833e+01 -5.683745783024370724e+00
-6.013109204566074339e+00 3.104143596325171117e+01 -1.298599849504584292e+01
1.017020317907484372e-01 3.252270180281493595e+01 -1.143426475059722414e+01
-1.450860309156077399e+01 1.602941681161383869e+01 -1.788707686543815711e+01
-1.233048515825014846e-01 -6.235221226944053541e+01 -3.124691496280185632e+01
-2.234789766863931604e-01 -5.413163384583918258e+01 -3.085956115773876718e+01
-1.079103274146674707e+01 -5.353877409418117850e+01 -3.202997478881522397e+01
-3.506485461980141594e+01 -3.757122650503941941e+01 -4.092396163322455749e+01
-2.705946008166450767e+01 -2.548520320508224302e+00 -3.054383894259818177e+01
-2.846432727007087848e+01 -4.450047253240524014e+01 -3.829241601521505345e+01
-4.261912015403777332e+01 -7.715800829231409530e-01 -3.313517642837340560e+01
-3.332676768054472660e+01 -9.082806690729753996e+00 -3.172806628084953573e+01
-4.763480934120149612e+01 -1.148425432141609015e+01 -3.856928999049925011e+01
-1.302787979316071976e+01 -6.122552723243297379e+01 -3.294435913895966195e+01
-1.793956475842407272e+01 1.200937371270849674e+01 -2.269829190786606432e+01
-4.056178051706964283e+01 -4.182442075935023240e+01 -4.779856713891926745e+01
-3.220795112732103860e+01 -4.914795078579635401e+01 -4.396665727095010823e+01
-4.023601084103088965e+01 -2.941157328039485108e+01 -4.124603569737116970e+01
-6.290617372317417022e+01 -1.270033420320219797e+01 -6.280124730669340494e+01
-4.831436063498964018e+01 -2.956051472097430022e+01 -4.797462447540794273e+01
-6.641875058703628554e+01 -1.694197402529560748e+01 -7.897602190485352480e+01
-3.811402619509630085e+01 -1.779355869562051851e+01 -3.501989806057208199e+01
-1.436584931049219982e+01 2.266169953459752051e+01 -2.219030093521975999e+01
-1.337393146594661353e+01 1.808804035787448861e+00 -8.802780766400134738e+00
-1.705058164201899373e+01 -1.630592010517384338e-02 -1.608959092664317225e+01
-1.125729915004088255e+01 6.429387186838059876e+00 -4.012444850440496147e+00
-1.989278812648680983e+01 5.598857746856634066e+01 -3.109461633420274396e+01
-3.074088930133019915e+01 6.028081599443561345e+01 -3.021294908375029209e+01
-3.997174248546989617e+01 6.098003205170817864e+01 -3.104205004732468254e+01
-4.758471942429224555e+01 5.981522941669870619e+01 -3.390171687711910664e+01
-5.283897741498881828e+01 5.665724576480440788e+01 -3.809645960432531098e+01
-5.651899312061232905e+01 4.400515868775376305e+01 -4.868416716932468802e+01
-7.488109784663117807e+01 2.683248817819209009e+01 -7.957811937135228675e+01
-5.149663941596169536e+01 3.328529181001103154e+01 -4.355709805795900991e+01
-4.474161274112704234e+01 3.088184990540952413e+01 -3.958489727058000796e+01
-3.595888561112724346e+01 3.075363510312290671e+01 -3.685305424309742506e+01
-2.752865301497137906e+01 3.230570703498685958e+01 -3.526072038267206921e+01
-2.105244156353080598e+01 3.472539476481642851e+01 -3.524259537693696132e+01
-1.661712324791368900e+01 3.713440859651203851e+01 -3.462774031645520978e+01
-7.483720337561010183e+01 2.761205558744104493e+01 -1.050499453058703949e+02
-1.677721080893045524e+01 -1.802538075866379153e+00 -1.944777600867199752e+01
-1.043703117653479495e+01 2.076867370358144882e+01 -1.259491431019429086e+01
-9.360569933318092950e+00 1.400395925346037407e+00 -3.710642054001433987e+00
-5.871164999586482303e+00 -1.841874566658589174e+00 -6.552579906103572327e+00
-9.138923775091621238e+00 4.280394167871789946e-01 -6.976319950661335589e+00
-1.495564813197948340e+01 -3.898118112893163456e+00 -2.176704134422143255e+01
-4.873891004083328760e+00 -2.587262195945610799e+00 -4.859167928101686407e+00
-4.256376790526568143e+00 -3.919247193679445296e+00 -1.279034070846796212e+01
-1.685005286274610725e+01 4.283426787964307891e+01 -3.751648105569478986e+01
-1.306951010025964344e+01 4.116853533963389111e+01 -3.369394426048825864e+01
-1.103892919364489877e+01 4.000807271766785078e+01 -2.947091961067955523e+01
-4.868254471108457437e+01 4.738193391039541069e+01 -4.126759298342530968e+01
-5.169870542534064128e+01 4.991151856922408570e+01 -4.155393195611777912e+01
5.644281750692917932e+00 2.389965069777396067e+01 -7.904575460341987103e+00
4.757703842764961877e+01 4.396272397769612184e+01 -4.207702899690189469e+01
5.300318218550312821e+00 -2.915677593916039090e+00 -1.273401467996471226e+01
7.232212715947920856e+01 7.120326410588515387e+01 -7.294051680214272437e+01
2.855530382801327249e+01 3.680920907205984349e+01 -3.504404991052581408e+01
3.528861007918923320e+01 3.639475908837958684e+01 -3.572828385559024866e+01
4.161739476114693304e+01 3.688736783238265815e+01 -3.773391080940050557e+01
4.970792141435634903e+01 4.133087233357257162e+01 -4.338907476099808491e+01
2.280743676575792733e+01 3.862030258834079888e+01 -3.598190957404237622e+01
3.733105497909272685e+01 5.623991434582793403e+01 -3.250738541983519525e+01
3.005940240433585231e+01 5.561800728158912221e+01 -3.235996556074435659e+01
4.388656968121197366e+01 5.504386754849496555e+01 -3.493621119648752682e+01
4.835631809325157349e+01 5.241591491445255002e+01 -3.765702488529921510e+01
5.514823637707601023e+01 3.644569995015495323e+01 -4.706790270268648868e+01
2.385314104512952937e+01 -5.661773291784361106e+01 -3.866159448323967496e+01
4.985081272116788398e+01 4.604772411046230474e+01 -4.431771507351742656e+01
7.501984832351551802e+01 4.111941353210437455e+01 -7.675135990871146419e+01
6.265008835090686290e+01 4.206833260313626255e+01 -5.376277422015340335e+01
3.244243370250508463e+01 6.882793956205512487e+00 -3.041538043799477009e+01
6.929475853952242304e+00 -2.223364284099978150e+01 -1.780079002546543876e+01
5.681568450857721331e+00 -2.882115259596704249e+01 -2.129356688974571554e+01
1.442778175776945560e+01 -2.435856104499147534e+01 -2.170326318064511284e+01
1.921252720599537156e+01 -2.678062836606481412e+01 -2.619427039076794017e+01
1.103635386350661562e+01 -2.924365435177619332e+01 -2.360505241910114904e+01
1.528181671520883000e+01 -2.966407567492623087e+01 -2.778942983807940337e+01
2.795844167428406735e+01 -3.614108199686582168e+01 -3.676550369145061126e+01
5.239454330516352343e+00 2.168283788114717114e-01 -6.387368758564290205e-01
6.187414979885293320e+00 7.148479966182247125e+00 1.700146355110552676e+00
5.886688073202768123e+01 6.093965407896193653e+01 -4.017791852543226838e+01
1.955992594578173538e+01 2.483900394763023911e+01 -2.891553304945065861e+01
1.911112125530577543e+01 2.003984948363371377e+00 -1.684288063123281987e+01
1.973452689880516786e+01 5.904673579337413436e+00 -1.862432053518920227e+01
5.253695032526753295e+01 7.999290274270213885e+00 -3.897863834192476418e+01
5.970775085646226721e+00 1.617915496168789247e+01 -1.895998817667029268e+00
4.397687004524519949e+01 6.924351356862402440e+01 -2.876267733958795958e+01
5.271001212729634489e+01 6.648181971351667130e+01 -3.411731423914438466e+01
6.596817060895368456e+01 8.354692262445630035e+01 -5.911400627121756912e+01
1.493149486664263748e+01 6.324348569463695924e+01 -2.287032136622047318e+01
2.375912314207679188e+01 5.290242826817856070e+01 -3.423683087638989520e+01
3.268973972018269336e+01 -2.989889206982191183e+01 -3.798014684279826270e+01
6.621996635561205835e+01 -2.265044626972548159e+01 -9.804327422892721700e+01
1.430053825573776649e+01 -1.825756260390717811e+00 -1.951101343563506063e+01
9.180345086114693132e+00 -3.895604030025855646e+00 -1.930363356694243038e+01
2.486466912861165213e+01 -3.033059046032918360e+01 -3.678165123856513929e+01
2.203350921546970298e+01 -2.974378144986341965e+01 -3.478078488439533800e+01
5.659509418545574988e+01 7.122033752082977287e+01 -3.690890614402334791e+01
1.911103961397790840e+01 -1.117565759771540268e+00 -2.067697708800376333e+01
3.184032030867307128e+01 6.893642300115814692e+01 -2.481374978778720575e+01
3.317652922664083093e+01 7.471059991261978439e+01 -2.314819522740230440e+01
3.902346856793521823e+01 9.925764939182496960e+01 -3.263770641127160843e+01
6.147930546445652311e+01 7.738505346161409193e+01 -4.607642616108837075e+01
3.547975725908630551e+01 8.686849472893908342e+01 -2.721095774392952293e+01
6.310816088748642017e+01 6.420725150893179034e+01 -4.575941953993604727e+01
6.788956736649960533e+01 6.721702058579576544e+01 -5.813157522990039894e+01
6.425488398204064922e+00 -2.620771740697833252e+01 -1.877789807833210745e+01
1.246633724132761145e+01 -2.744248240073979161e+01 -2.225687299258662222e+01
1.726035243164833233e+01 -2.835616334319783860e+01 -2.642351982429966029e+01
1.260396429874906232e+01 -3.069718135064677167e+00 -2.111221630396008564e+01
2.331690018139616782e+01 -3.015873560408664744e+01 -3.572420491139401832e+01
2.101238996264902070e+01 -3.129405443889151783e+01 -3.178135967991434896e+01
2.144067534159870902e+01 -2.923381893056240344e+01 -3.463907972839361804e+01
1.143906182499126700e+01 5.896723144463158484e-01 -1.019624055964436771e+01
1.409487405004570526e+01 -2.911872667169288320e+01 -2.885191717355839813e+01
9.773812983270071086e+00 -2.936400656422462419e+01 -2.622529668007729597e+01
4.887274615151775414e+00 -2.958197875418652245e+01 -2.408536154087117609e+01
7.937088688632322864e+00 -4.675253647604695573e+01 -3.044085043578597904e+01
7.233032839327419694e+00 -4.070259041151295776e+01 -2.351457637468753603e+01
6.812190962200686428e+00 -3.681057654329631390e+01 -2.245143064045815962e+01
6.242052171728913912e+00 -3.334928249620414675e+01 -2.351574193022462467e+01
5.640089795480264456e+00 -3.092499086245913631e+01 -2.446186498452082603e+01
1.562097747950799409e+01 -3.018021395979050325e+01 -2.918288201159706574e+01
1.656188130120636615e+01 -3.108202059445487464e+01 -2.821500261767506501e+01
1.794335416206432754e+01 -3.287003708129297763e+01 -2.730026698868302404e+01
1.922868944526083723e+01 -3.514577532904630885e+01 -2.861415182863217410e+01
2.550118022560852538e+01 -1.863734175182037234e+01 -2.832333385884968280e+01
7.392524919708549191e+01 1.156478960932274980e+01 -1.061237642149994400e+02
1.841851873704650089e+01 -2.997396884768238934e+01 -3.230253858180770266e+01
1.957600027828975797e+01 -3.044108490575560566e+01 -3.166088163762678676e+01
7.197296919369556178e+00 -7.000413296796946128e+00 -1.902776050428984078e+01
1.679059265644869470e+01 -5.325122174068979142e+00 -2.563101969690586657e+01
8.113536781699249190e+00 -5.506725500254821881e+00 -1.902425240014280305e+01
2.643179311886126470e+01 2.068138532723113698e+01 -3.134416304935887965e+01
3.731310185813921976e+01 1.597966619821420053e+01 -3.368281605980885729e+01
2.058877091591230979e+01 2.804973586802460339e+00 -2.245580690426758252e+01
5.553784550206920301e+01 9.320636434900167444e+01 -4.482118576529055787e+01
5.135396342319695862e+01 8.432699829177978756e+01 -3.599897243867288665e+01
4.659199055665376221e+01 7.495953103003725460e+01 -2.931416197618929687e+01
2.299594135727748068e+01 -4.035058042885508911e+01 -3.382543618657884110e+01
1.711655825528704966e+01 7.276209824125626824e+01 -1.984055216472785332e+01
1.883487957586361716e+01 8.649305924766963471e+01 -2.219289348479591695e+01
2.111032780198236480e+01 1.018291203051586820e+02 -2.566364590946971802e+01
4.682864543501415255e+01 3.847000950387749185e+01 -4.072058273253566796e+01
6.238096935908936302e+01 3.129148083272323433e+01 -5.092597785705522284e+01
1.908321150999428895e+01 4.055576674138070814e+01 -3.682584686186303458e+01
5.544589382233478148e+01 5.060610618522610338e+01 -4.360448368408815867e+01
1.507145823034602472e+01 2.952215290400619452e+01 -2.641120304087607096e+01
1.567618423990766807e+01 4.707512603848156729e+00 -1.024153186709603780e+01
6.932377358584415106e+01 2.685060979189893615e+01 -5.859682335838916600e+01
5.778819112652679024e+01 2.580339981214343936e+01 -4.494560373670681486e+01
4.919682765903780819e+01 2.280950135543970703e+01 -3.868440755392735753e+01
3.637781644440829609e+01 2.395825430897034281e+01 -3.589809622249116217e+01
2.702706666080561249e+01 2.692807613710100156e+01 -3.421228703480703359e+01
2.010061792477181797e+01 3.030198369986266016e+01 -3.236193014059270467e+01
6.417871000949379123e+00 3.898042533919200991e+01 -1.943593321980555544e+01
6.782533448044992497e+01 1.173241279398556891e+01 -5.726763127384253949e+01
6.121921897690360481e+01 5.226053145228127761e+01 -4.697206496137555121e+01
3.029757389340898666e+00 -3.208169475162708562e+00 -3.971142473888050972e+00
1.849038438831278341e+01 1.757795218093486156e+01 -2.623172294330135657e+01
7.666188286719059874e+01 4.227222287655447275e+01 -9.927944218836213963e+01
1.497697794815693229e+01 3.417513857672731348e+01 -3.124805053131487398e+01
2.120836290062964835e+01 2.520870342864333757e+00 -2.889239048061720183e+01
5.172833876959247590e+01 4.552748996608956134e+01 -4.574645425264314724e+01
1.605813228154897132e+01 9.415062984413044234e+00 -1.250608817378725490e+01
7.134657787428687925e+01 -5.249146220881559799e+00 -1.039758313822076587e+02
1.902107441870578697e+01 4.345769428623068364e+01 -3.823100613921186408e+01
1.135007303397471112e+01 1.362818119809962525e+01 -5.955570544138402589e+00
5.164749389302276938e+01 -4.064687587625322607e+01 -6.227955548455765467e+01
5.129223041418879347e+01 -4.709810678864438671e+01 -7.522506410180608327e+01
7.396772989441807056e+01 1.139600322849094205e+01 -8.163440921693853625e+01
6.000452452185869134e+01 -3.117244357148410216e+01 -7.044620048040194149e+01
7.168532582151463828e+01 5.513143147711286929e+01 -6.932860463475317658e+01
2.518796881141040345e+01 -6.266315749136403923e+01 -4.314831232329621002e+01
2.202255376873689219e+00 -4.494431208380843756e+00 -1.294116672964088899e+01
2.431528143350260862e+01 1.232633399771137661e+01 -2.888216929550735301e+01
6.852245399711607377e+01 4.093439217880386849e+01 -6.048115120843561243e+01
4.110949095501920425e+01 4.119741273204330412e+01 -3.803551243828418649e+01
3.543888317886449357e+01 4.033972833535674596e+01 -3.635723844155157281e+01
2.259916806089762886e+01 -3.260077323978767083e+01 -3.302642692175790984e+01
6.582057469790802884e+01 -2.028752775073386250e+00 -6.004268473565839770e+01
1.329081962557712870e+01 -7.125668588380197832e+01 -4.565400796827783836e+01
3.267738521439102328e+01 -6.202249359952515562e+01 -5.830406074105636094e+01
4.124098024604928270e+01 -5.599983904840906490e+01 -6.557682363626661015e+01
2.971821446385133214e+01 4.064909694308880717e+01 -3.605845152994459824e+01
2.429320292173679974e+01 4.181608983719004868e+01 -3.694711970017377212e+01
2.076111330027750412e+01 4.260262513665346518e+01 -3.827615892240514484e+01
6.623155116315832913e+01 5.391866090650984233e+01 -5.373596527853199945e+01
2.496065350446550113e+01 4.918263591333832352e+01 -3.555395292317727041e+01
3.080731013737714719e+01 5.162490511328885390e+01 -3.464743992915406778e+01
3.680617877658055903e+01 5.216828701826429437e+01 -3.507693531854756941e+01
4.276672740502725389e+01 5.098575819758343641e+01 -3.678668054449180147e+01
4.632764147939214894e+01 4.892176061049167402e+01 -3.897178178476268329e+01
7.569770000712591695e+01 5.825157783090007513e+01 -8.761861069377857802e+01
4.495244348833377757e+01 4.257011908927544397e+01 -4.025868165642724250e+01
1.983088625465502730e+01 -1.496209766699232269e+01 -2.517441288150102352e+01
1.454406577449731941e+01 -6.898675326024295007e-01 -1.701346325524847458e+01
7.976265764583573059e+00 -1.277840177927555132e+01 -1.940488923079544037e+01
4.278083222824712095e+01 -4.942972575784909850e+01 -5.632186744429307623e+01
3.428461886058840946e+01 -5.605644487027946354e+01 -5.019718878932670947e+01
1.380354067268082829e+01 -6.760895367519968602e+01 -3.699774986561756407e+01
5.921932643162728738e+01 -3.672885206516772172e+01 -8.746407184347322072e+01
2.084128197671848426e+01 4.570302309891804526e+01 -3.711605339304070839e+01
1.064166754777508750e+01 2.732086087456743684e+01 -1.745331003082296562e+01
2.371094263918300271e+01 -6.736998959344079196e+01 -5.062464503027463536e+01
7.131395720929889137e+01 -3.855544207842069415e+00 -8.131716646085716604e+01
1.109598808128967917e+01 -3.049922745513876166e+01 -2.651493809111779143e+01
1.207007198275817217e+01 -3.215611754699315128e+01 -2.546582439824257449e+01
1.305781705292793227e+01 -3.486157179954377483e+01 -2.443952314999851083e+01
1.392934792501828412e+01 -3.836766362580239331e+01 -2.552282186005292175e+01
1.633041180904175960e+01 -4.410390987621231318e+01 -3.122030818685538378e+01
1.919204478086556520e+01 -2.974964535565998602e+01 -3.159033225484036222e+01
2.108922979703248046e+01 -2.937010828333529489e+01 -3.152111544797044829e+01
2.298722314771709918e+01 -2.842966767576169929e+01 -3.140345737746912747e+01
3.013525373767570414e+01 -2.382654118644076746e+01 -3.278964696631977205e+01
5.685862298120233760e+01 -6.452331804967833762e+00 -4.659007111874287688e+01
1.066536510377883573e+01 3.473145790718152170e+01 -2.340557158561030704e+01
1.414684591170769323e+01 4.894565918149010741e+01 -3.355029544902846084e+01
1.799091997250983255e+01 4.753080464583290166e+01 -3.593524290643215124e+01
1.791977258631204961e+01 -2.881479489672862826e+01 -3.215994143467148092e+01
5.697373061862365518e+01 -2.239028078864293292e+01 -5.715680346376660026e+01
8.662008963549872931e+00 4.972466668775705756e+01 -2.549147212828263775e+01
2.043689931012229977e+01 -5.033401394667501449e+01 -3.549427070300419018e+01
6.194048588291650503e+00 3.097519780269404421e+01 -1.300145028829522431e+01
1.459614916570871124e+01 1.590239445274817598e+01 -1.794684509518040727e+01
1.042210820848929664e+01 -5.390321152461728360e+01 -3.215338828681850458e+01
3.491516305207112225e+01 -3.842343082489311712e+01 -4.113178470090447547e+01
2.687705390479611012e+01 -2.876325176044407073e+00 -3.075803200171806040e+01
2.839335638078249602e+01 -4.533042688307753565e+01 -3.848587376619368428e+01
4.273910443139574511e+01 -1.166027462674766868e+00 -3.336654598062472132e+01
3.302375179392740279e+01 -9.477592807280959875e+00 -3.192797184807734467e+01
4.783134660687016293e+01 -1.206125049259063076e+01 -3.876642465693370809e+01
1.282290179114328588e+01 -6.160155352352576585e+01 -3.308862022562288274e+01
1.809186847369608842e+01 1.181891343315463594e+01 -2.278526413990547894e+01
4.072210703134314258e+01 -4.279111597387824162e+01 -4.799828071485151071e+01
3.238680120889609526e+01 -5.008851633610439791e+01 -4.423676906026467748e+01
4.004737309145960467e+01 -3.019951535585664359e+01 -4.138861966629476541e+01
6.350189299837971646e+01 -1.356789975790045588e+01 -6.291653241053428047e+01
4.857048699360811383e+01 -3.044590256433594178e+01 -4.822216641180521890e+01
6.731545719622747015e+01 -1.798469580367190446e+01 -7.902262452115367353e+01
3.783323462801276804e+01 -1.835877553121105521e+01 -3.527273048816732626e+01
1.446243632007043622e+01 2.257039262976746841e+01 -2.217519287935321159e+01
1.352677345367072270e+01 1.612503112384620296e+00 -8.866375718028800534e+00
1.712162312206874759e+01 -2.549258237087769774e-01 -1.622977990985774355e+01
1.133340173942756124e+01 6.309373781421290239e+00 -4.264134258806834943e+00
1.971818042696968476e+01 5.586303360323800860e+01 -3.115946296787478431e+01
3.051283590609568463e+01 6.007665222526985360e+01 -3.028189760680534803e+01
3.981841248743769768e+01 6.073099611834802403e+01 -3.105492274478807602e+01
4.739580075206547605e+01 5.943497967387783376e+01 -3.391597468159947226e+01
5.265796513080226759e+01 5.627312651709423363e+01 -3.811728627525208424e+01
5.645620555811026264e+01 4.379521750715204575e+01 -4.868126942156968795e+01
7.550043026608159380e+01 2.637539273996543798e+01 -7.946186515988256360e+01
5.152040989376123292e+01 3.320692843562603258e+01 -4.349765069021535879e+01
4.487716365579202460e+01 3.082909419360527536e+01 -3.959523219665045701e+01
3.604641758680031671e+01 3.073770051623185751e+01 -3.676457887148604442e+01
2.760258120832873630e+01 3.235245971541434784e+01 -3.512716053686347095e+01
2.112217009500720266e+01 3.473969272685548759e+01 -3.514412147355297833e+01
1.662367052382831289e+01 3.713736572000162539e+01 -3.450794550369441538e+01
7.538598873843793058e+01 2.710456140133896952e+01 -1.048822426215745622e+02
1.674384489765399664e+01 -2.141648183488275237e+00 -1.962526062692986173e+01
1.054060840429938040e+01 2.067180192904384839e+01 -1.259538767873731757e+01
9.463750252184537359e+00 1.290767875668558107e+00 -3.755956866775013392e+00
5.873346117882676687e+00 -1.963327690295816774e+00 -6.619631070894642200e+00
9.229105315999923675e+00 2.955027774704405696e-01 -7.018249193532051677e+00
1.487562621481952441e+01 -4.238868654752166343e+00 -2.193278991869758343e+01
4.901540919002937535e+00 -2.673829617900524980e+00 -4.909860271480317451e+00
4.093084643077165907e+00 -4.033530038083852354e+00 -1.285594241941285354e+01
1.672768863222992053e+01 4.285526004905852204e+01 -3.735595617705531168e+01
1.308623206687164142e+01 4.116871764033009384e+01 -3.357347587471836903e+01
1.112058398321472552e+01 3.997101011794588743e+01 -2.944115377360063945e+01
4.833931743479521259e+01 4.738810198021372599e+01 -4.136522430771082526e+01
5.152383849760371248e+01 4.970593500545320609e+01 -4.162971580669156424e+01
