2.844930669171824578e-01 -2.186023297468486604e+01 -1.602300333066015980e+01
0.000000000000000000e+00 0.000000000000000000e+00 0.000000000000000000e+00
2.268327283910396563e-01 -6.675901039078683041e+00 -1.687954128692633304e+01
-5.648029568539269185e+00 2.415451295455409308e+01 -8.515220564813478887e+00
-7.339115222500133817e-02 7.328754911497031621e+00 2.345038581771878405e+00
-1.322645669814040970e-01 1.716880367252314699e+01 -2.092838214962412513e-01
1.632508478150773712e-02 4.090404665309803534e+01 -1.780299801660051173e+01
-4.767690798613370617e+01 4.375866803424791840e+01 -4.320141057392831385e+01
2.458122303009568910e-02 6.057815708776713848e+01 -2.212045989895129239e+01
4.368942068514458654e-02 7.057934539746332803e+01 -2.047616593766136717e+01
1.370645315845515633e-01 1.030141020146149913e+02 -2.695584721630952529e+01
2.870917857935446627e-01 -2.518806060680363856e+01 -1.683254609998458307e+01
3.097828430547374667e-01 -2.769711146405481372e+01 -1.921441802509124486e+01
3.830253334912929741e-01 -2.877688704043258383e+01 -2.218707182358211227e+01
5.552043712345278159e-01 -3.074966564208234843e+01 -2.280405778204917766e+01
5.964680093503733627e-01 -3.371410230330653945e+01 -2.188417271495157124e+01
5.740903770395635597e-01 -3.745467889853524213e+01 -2.079298963367622122e+01
5.939181055848425927e-01 -4.118997055040026822e+01 -2.209972011761700017e+01
5.824033152255365664e-01 -4.699237029259547427e+01 -2.911073609202298584e+01
3.287377215278465548e-02 -3.563385075974379035e+00 -3.439725343315079620e+00
-5.425322684448670607e+00 -2.844404470798640894e+00 -1.246846069915739719e+01
-7.079164662107397987e+01 7.128360170387537664e+01 -7.452397418033388021e+01
-2.841372688756268161e+01 3.698227547394984782e+01 -3.606112513638075256e+01
-3.509496967092235309e+01 3.642755540519316781e+01 -3.665595574220639463e+01
-4.139775297442696456e+01 3.685559323006696530e+01 -3.863483467157350049e+01
-4.978737477457245575e+01 4.115059598272126351e+01 -4.429656150149186544e+01
-2.281549731737354492e+01 3.880193604661207729e+01 -3.698256221752279060e+01
-3.730474017073584747e+01 5.604064635341244838e+01 -3.379673058048110335e+01
-3.017538118362278254e+01 5.535251626242948220e+01 -3.369333549397652661e+01
-4.387988958849162202e+01 5.496268243166910850e+01 -3.611181484220882965e+01
-4.831590408029980921e+01 5.238039771767931541e+01 -3.883143843809798312e+01
-5.493781727509696111e+01 3.636715494926959735e+01 -4.778482552031276498e+01
-2.288670559292459927e+01 -5.656727184175186096e+01 -3.662506843544515789e+01
-4.997361204226888276e+01 4.580286481136117516e+01 -4.542624347959898756e+01
-7.382295325037566158e+01 4.080818954204019633e+01 -7.733679967691136881e+01
-6.219638960327364430e+01 4.182081735285829183e+01 -5.456937576290455638e+01
-3.214727894985403367e+01 7.197453442162352388e+00 -3.042394581813814369e+01
-7.047353685870575646e+00 -2.086373994826131906e+01 -1.694687205620596870e+01
-5.718886845908850880e+00 -2.764781616449068835e+01 -2.011131730509889337e+01
-1.432682404692635991e+01 -2.320679569197654502e+01 -2.066897061240555189e+01
-1.882837413317901465e+01 -2.604039380668504933e+01 -2.493598114687688039e+01
-1.085700489995280726e+01 -2.821127968605971148e+01 -2.238940569639785849e+01
-1.485082114537082987e+01 -2.899652354092952322e+01 -2.642458770494032905e+01
-2.684177520388596250e+01 -3.602885082565455122e+01 -3.489345302290713136e+01
-5.271454867114261589e+00 1.769514681401783973e-01 -5.862042565222981283e-01
-6.285394716835892126e+00 7.245495670594143789e+00 1.540090831059468091e+00
-5.861703543666673966e+01 6.090747038094827559e+01 -4.150067106471442457e+01
-1.946389114348708560e+01 2.509527372146169100e+01 -2.929607742023058137e+01
-1.914070797072681884e+01 2.332439000126981909e+00 -1.671243831078560760e+01
-1.974193275024588701e+01 6.249182452377604058e+00 -1.857618139176287997e+01
-5.191615338344331576e+01 8.064896558311501096e+00 -3.888548933714304923e+01
-5.994188058902135019e+00 1.638896689858172806e+01 -2.291103814827710305e+00
-4.385084862967251951e+01 6.898614391528064971e+01 -3.002947577423231351e+01
-5.261389720158653205e+01 6.637843483829632873e+01 -3.541004834215325303e+01
-6.479787420134215381e+01 8.377958509748455640e+01 -6.119952798882641787e+01
-1.479287974329512600e+01 6.270361268981002212e+01 -2.417591946081354237e+01
-2.390163039381569376e+01 5.273681036397734090e+01 -3.553475619231753058e+01
-3.157202693320319042e+01 -2.981351131258234588e+01 -3.629646759808464651e+01
-6.518342832521572916e+01 -2.308261485304452520e+01 -9.605352931437127495e+01
-1.434144537764395366e+01 -1.506344143563485005e+00 -1.923822312948584212e+01
-9.208572726985392976e+00 -3.531520224888477610e+00 -1.884308124125750794e+01
-2.366198049425877770e+01 -3.018913074324143153e+01 -3.507271072640133980e+01
-2.076554828797683783e+01 -2.964069093533395716e+01 -3.312337631910359903e+01
-5.636636820128533287e+01 7.122119976003010322e+01 -3.841434366066400230e+01
-1.904237436895378721e+01 -6.553839039880421380e-01 -2.041446730049258917e+01
-3.168292219811147348e+01 6.844438114968873776e+01 -2.608391283490668755e+01
-3.293096299957208828e+01 7.430868870781532110e+01 -2.458429527812541693e+01
-3.867485889395197063e+01 9.977219470635751009e+01 -3.529570753520050630e+01
-6.064817765879308098e+01 7.752255422433634635e+01 -4.791599425718962380e+01
-3.513269796623553987e+01 8.704033344074686340e+01 -2.927105873590814511e+01
-6.261697815110598242e+01 6.419575869867381357e+01 -4.715785002568882334e+01
-6.682637345618242364e+01 6.726874960747765897e+01 -5.970522760835072518e+01
-6.513257918072995700e+00 -2.478521595244865239e+01 -1.770142816031221145e+01
-1.240460723372443752e+01 -2.630012878598725123e+01 -2.110871265204206537e+01
-1.683728359461740709e+01 -2.765571930290430913e+01 -2.510920521181954612e+01
-1.264531341796239161e+01 -2.689693108905011343e+00 -2.079418858225929156e+01
-2.209624797168019583e+01 -3.004732739275413778e+01 -3.407024560005017833e+01
-1.992122494095951879e+01 -3.117145306290182916e+01 -3.017760842653266806e+01
-2.022707187715915467e+01 -2.907354625727951714e+01 -3.294381371252342916e+01
-1.156403433275015757e+01 6.037649539951758237e-01 -1.015456488343807173e+01
-1.355418152174956603e+01 -2.854592406014910111e+01 -2.749719868775011022e+01
-9.525320519633348582e+00 -2.849940212115289384e+01 -2.495331176269595019e+01
-4.875360648599187385e+00 -2.862139323016798542e+01 -2.287908712229015507e+01
-7.475093275886229627e+00 -4.680319448079887934e+01 -2.926622946082509458e+01
-6.873689321191937651e+00 -4.063795570184957029e+01 -2.242183741765918370e+01
-6.547846977358830145e+00 -3.665364707201726446e+01 -2.134092880598741360e+01
-5.977673426604195761e+00 -3.305827596864077833e+01 -2.256521379631498547e+01
-5.381470992146343946e+00 -3.058399108730789351e+01 -2.353526542502810770e+01
-1.477313126374401087e+01 -2.997550179750643196e+01 -2.795469656896966981e+01
-1.571130069620588188e+01 -3.089806584823986313e+01 -2.691051599248786985e+01
-1.711258557637593469e+01 -3.272381537929319961e+01 -2.592982814037748440e+01
-1.840650922170875958e+01 -3.501144025145759286e+01 -2.712739360491418950e+01
-2.503716810865443776e+01 -1.813969645081161275e+01 -2.718165535459027637e+01
-7.282017254123033467e+01 1.112005904045200744e+01 -1.053184240693890672e+02
1.403334087808453257e-01 -4.753006412459318319e+00 -1.219771146538563755e+01
-1.733065214648821595e+01 -2.983055748738741642e+01 -3.079198371216441288e+01
-1.849309008467000126e+01 -3.029162773052424029e+01 -3.015301966157700519e+01
-7.147078278531086681e+00 -6.584312811818568534e+00 -1.859694516320638158e+01
-1.668191629111735352e+01 -4.776419872700301106e+00 -2.526503890760070448e+01
-8.130399695248378578e+00 -5.140268473090126911e+00 -1.862442374173107495e+01
-2.623219214587193804e+01 2.092447365857342589e+01 -3.165036963166512862e+01
-3.701025832624470979e+01 1.618080942269850553e+01 -3.384134789597953130e+01
-2.054426119366383929e+01 3.217143612306232026e+00 -2.239345829031038804e+01
-5.480170799667997272e+01 9.348638852744019800e+01 -4.724954607178406008e+01
-5.079887587426267004e+01 8.449048494668552678e+01 -3.797601452113160292e+01
-4.635939017426964881e+01 7.474498753354733083e+01 -3.090186131823336879e+01
-2.201253053628993328e+01 -4.025299978063602424e+01 -3.212150536050894090e+01
-1.693775393054041700e+01 7.228093773875757222e+01 -2.129913734249534940e+01
-1.865052482414937174e+01 8.680987583421595843e+01 -2.424424121620327810e+01
-2.088971362061205639e+01 1.024743418450740933e+02 -2.836890625641195385e+01
-4.678646595194141611e+01 3.834787294048796724e+01 -4.166730634720370574e+01
-6.191419268699313960e+01 3.117416968822769974e+01 -5.141908829606902742e+01
-1.920369898894462679e+01 4.073427430339241084e+01 -3.788375821572109459e+01
-5.531731408700229480e+01 5.058680404018437571e+01 -4.474851041688759068e+01
-1.500210346439245157e+01 2.977060388305500283e+01 -2.695704354149849280e+01
-1.580488728937757692e+01 4.850129132355716521e+00 -1.025676522587018624e+01
-6.867374409797280066e+01 2.665915144454173102e+01 -5.889079172400705886e+01
-5.740842708395364724e+01 2.573853182504709736e+01 -4.536938204336233582e+01
-4.883228089192841281e+01 2.283520799452208649e+01 -3.913434374404232585e+01
-3.612128983072296506e+01 2.407122350345252926e+01 -3.627577360112897509e+01
-2.685529625344154070e+01 2.710896986505229123e+01 -3.472623828242504374e+01
-2.002697409671384676e+01 3.051150334744946235e+01 -3.295843295529905959e+01
-6.290958241309012600e+00 3.913540687191918011e+01 -2.030631540686302472e+01
-6.714374063002789228e+01 1.158279364441514936e+01 -5.708710896411521674e+01
-6.077645875438187062e+01 5.209718392504369433e+01 -4.800074935418422939e+01
-3.099944638878516123e+00 -3.201667963406702011e+00 -3.817177229156844653e+00
-1.840620917839067516e+01 1.784758100702961769e+01 -2.656949502497129956e+01
-7.508977177850275098e+01 4.189735128393862595e+01 -9.979528516047759013e+01
-1.495635371123171176e+01 3.442008813108871834e+01 -3.199848021871556014e+01
-2.109496209996963145e+01 2.917505095103472446e+00 -2.880847458419707152e+01
-5.182314968878128525e+01 4.537939136361509185e+01 -4.677018076443867045e+01
-1.614975482201281665e+01 9.615779107302969919e+00 -1.262828939800490602e+01
-7.034076414956237500e+01 -5.638296718270142449e+00 -1.025134222943136848e+02
-1.922743716402275638e+01 4.358240946370545998e+01 -3.943615388584138515e+01
-1.139186809263416578e+01 1.381968783730038020e+01 -6.242001674761292307e+00
-5.067527272130629967e+01 -4.094694615251007974e+01 -6.019332366410539947e+01
-5.042257996461368208e+01 -4.753492621561473896e+01 -7.275027352216221743e+01
-7.321712522498748399e+01 1.105849977558996500e+01 -8.114190642036774648e+01
-5.900760179930356486e+01 -3.150361361995609855e+01 -6.852010601744007090e+01
-7.047257576774002530e+01 5.499632027810827140e+01 -7.040573559990920671e+01
-2.433025890110885214e+01 -6.276373380743675767e+01 -4.081426442083364492e+01
-2.245869742098519861e+00 -4.493203149767143856e+00 -1.269190811843148303e+01
-2.412577274271814076e+01 1.263590090936973098e+01 -2.903597565337251396e+01
-6.780447372803516259e+01 4.066038900538154621e+01 -6.115407033959976957e+01
-4.109636217882890463e+01 4.114043894561430648e+01 -3.910433688205480962e+01
-3.535259056030889013e+01 4.040408462919543808e+01 -3.743497656036330312e+01
-2.152458648107502270e+01 -3.248182233512625317e+01 -3.127717274459697094e+01
-6.505088211345852756e+01 -2.197385014694995142e+00 -5.926473118756789660e+01
-1.282826117669832655e+01 -7.154720644139700880e+01 -4.314125906877610817e+01
-3.190370284587331895e+01 -6.229324149958298307e+01 -5.572825750738775952e+01
-4.039147770669718085e+01 -5.634558567515042427e+01 -6.302189640975475271e+01
7.423008949277720703e-02 8.630098386785992659e+01 -2.288438806099933842e+01
5.086963434517919325e-01 -7.290356216332007477e+01 -4.123104165119504216e+01
-2.966163780103644854e+01 4.077482994123805327e+01 -3.717372272524536925e+01
-2.430412253901084796e+01 4.196172075811684010e+01 -3.806639738902331516e+01
-2.086175146739360997e+01 4.278239704765411489e+01 -3.944151612915457150e+01
-6.551320054127425863e+01 5.368063353183093511e+01 -5.482215302180923544e+01
-2.506105650919980121e+01 4.891772564575146731e+01 -3.684105674530342611e+01
-3.089813815235246608e+01 5.113215146875252515e+01 -3.593457463102043192e+01
-3.686419528537532386e+01 5.165820642805656604e+01 -3.624678853974533865e+01
-4.278370094278019309e+01 5.050825521230625981e+01 -3.799893184235008192e+01
-4.636860724017675750e+01 4.851698000509323805e+01 -4.015069113082068952e+01
-7.405187630549716005e+01 5.809038692273353632e+01 -8.874783049542344315e+01
-4.501060127971053504e+01 4.240607080619783176e+01 -4.130835240509443196e+01
2.602440772128357116e-01 -1.125838814679345212e+01 -1.825986605875505830e+01
-1.960703122971460033e+01 -1.431186084769309907e+01 -2.434462960846715873e+01
-1.460935175083821136e+01 -4.929004402149385622e-01 -1.679954978330901127e+01
-7.976679394064491113e+00 -1.200868017044681224e+01 -1.879045759253435222e+01
1.755438626835381655e-02 5.083466972029433606e+01 -2.239932133474794540e+01
-4.179720012457233480e+01 -4.960047297044672376e+01 -5.399955176141153146e+01
-3.337531939382488844e+01 -5.616952950262032829e+01 -4.779494046126349360e+01
-1.316371023237808657e+01 -6.770359775735428798e+01 -3.477848420887752212e+01
-5.830463704026143290e+01 -3.721614880094622180e+01 -8.515513845249761005e+01
-2.100358158779848594e+01 4.571349069836734458e+01 -3.840109906137645623e+01
-1.058076287567363671e+01 2.756401675421101416e+01 -1.804299449987087911e+01
5.803846168001607353e-01 -6.889276941493959328e+01 -3.315857932405635466e+01
-2.299873386657350594e+01 -6.763556704733299796e+01 -4.813159214057937163e+01
-7.052614674166034092e+01 -4.195670878364001766e+00 -8.024279854146031710e+01
-1.055628663485594565e+01 -3.018664527363256056e+01 -2.552745081329326382e+01
-1.152463368705201674e+01 -3.193007808757378641e+01 -2.436448504593293052e+01
-1.253754790435985811e+01 -3.473393173091759678e+01 -2.331688502286169040e+01
-1.336071559633822403e+01 -3.829227436042183541e+01 -2.430796310110520864e+01
-1.555305001263650055e+01 -4.405856750235837183e+01 -2.976863586642384263e+01
-1.829576029089599487e+01 -2.941631782770304326e+01 -3.000250188969643617e+01
-2.023597160156954189e+01 -2.901564000595949011e+01 -2.992761875971904217e+01
-2.216688068510791609e+01 -2.809770411853926575e+01 -2.988109648066927448e+01
-2.938373184583874931e+01 -2.357206848827196310e+01 -3.137937941533012420e+01
-5.613264333380237048e+01 -6.525262075298480013e+00 -4.586717814254358672e+01
-1.059288606309847225e+01 3.492642780594150764e+01 -2.411752473660621021e+01
-1.418330479968165747e+01 4.898657051570731369e+01 -3.467581002817049551e+01
-1.814109294063946720e+01 4.756134445724369186e+01 -3.720671384384142044e+01
-1.699613660767030154e+01 -2.849433422608269595e+01 -3.066358772092775808e+01
-5.604634910101421497e+01 -2.254462241491787466e+01 -5.572039412819774640e+01
-8.544289886210437501e+00 4.966351750707849533e+01 -2.666431875739811375e+01
-1.954102557871813417e+01 -5.029775561303419806e+01 -3.372866012816365355e+01
-7.496653174149858767e-02 2.525256149381001336e+01 -6.269501296960575232e+00
-6.121069400619541412e+00 3.122246939243897756e+01 -1.371666926156115451e+01
-3.469039597352652216e-02 3.273748733113902176e+01 -1.220828308275840435e+01
-1.466202299709099499e+01 1.614799833950502972e+01 -1.825595945694285760e+01
6.439808068987677991e-01 -6.248784813577878339e+01 -2.943581987809441713e+01
6.620386404509894795e-01 -5.428849469902228009e+01 -2.943860466514615126e+01
-9.728594505745119747e+00 -5.384325995252195440e+01 -3.061433031273865168e+01
-3.387353970062716968e+01 -3.838571796509075540e+01 -3.918581135607765020e+01
-2.660206554092822628e+01 -2.450699744540562719e+00 -3.039858872757734787e+01
-2.738327278155600908e+01 -4.522008732330495917e+01 -3.661238345960686047e+01
-4.218193712522326422e+01 -9.617711798515735655e-01 -3.309352466347201727e+01
-3.257393893222486270e+01 -9.131111796458682761e+00 -3.118372388919797089e+01
-4.702958819878265473e+01 -1.196304187181176637e+01 -3.803932145097897433e+01
-1.204559870961783652e+01 -6.157230586106888381e+01 -3.117195196164135851e+01
-1.804940331035282952e+01 1.211167360877540311e+01 -2.291015631994473267e+01
-3.969486092685787071e+01 -4.289060021721567040e+01 -4.592161047973763743e+01
-3.135032653137265513e+01 -5.008091528143366133e+01 -4.209747154618310105e+01
-3.902148587436284544e+01 -3.021574743676002939e+01 -3.976152400073107884e+01
-6.264716906655468165e+01 -1.377944429770989920e+01 -6.167775992386236084e+01
-4.759033582540047291e+01 -3.056602363436974912e+01 -4.656275342184640920e+01
-6.634857494694284696e+01 -1.832941546894440421e+01 -7.743007791879010426e+01
-3.705514591851679995e+01 -1.820498079351432352e+01 -3.411620158065638719e+01
-1.442892398210613969e+01 2.281921726575222564e+01 -2.258853344518715645e+01
-1.363019700042837812e+01 1.682776545708751570e+00 -8.841819893857167045e+00
-1.717458391922749428e+01 4.182191234959331538e-03 -1.606661535105667227e+01
-1.143785601374974981e+01 6.371346651320648036e+00 -4.195824805387875500e+00
-1.978586146029315174e+01 5.564193976515585405e+01 -3.248269410723784745e+01
-3.055178616652402468e+01 5.978841292810859187e+01 -3.157647162056486678e+01
-3.978428572233407579e+01 6.054339007866822442e+01 -3.230073446846952123e+01
-4.738522686280748530e+01 5.939914414093873063e+01 -3.513553443136024867e+01
-5.261995540445417419e+01 5.627511114307456097e+01 -3.930267756989292138e+01
-5.629721040805976173e+01 4.363724374853755705e+01 -4.962146649792739339e+01
-7.451584834888680575e+01 2.605989298034880264e+01 -7.950803106782939267e+01
-5.136957769932616458e+01 3.311146542890546129e+01 -4.425789577460044910e+01
-4.460485449643503131e+01 3.080556390206697870e+01 -4.022070624964057828e+01
-3.584729510677414055e+01 3.080486567299640299e+01 -3.748186339807660516e+01
-2.749987457302731286e+01 3.247527696462583435e+01 -3.591074728230097435e+01
-2.102722714906977686e+01 3.494020953881140912e+01 -3.591666942713161603e+01
-1.660856802643663244e+01 3.734507266084444410e+01 -3.538607362569485559e+01
-7.406416893922747136e+01 2.667144702767088305e+01 -1.047871745646038164e+02
-1.678163910984305929e+01 -1.726815808690138176e+00 -1.937226295084765226e+01
-1.054629984272711773e+01 2.090992615374024055e+01 -1.306041861066063525e+01
-9.536659147590233587e+00 1.258523785655800697e+00 -3.739390901572493764e+00
-5.998762792809372968e+00 -1.919921313689543663e+00 -6.458493037396592307e+00
-9.331471570650581526e+00 2.662568323067547871e-01 -6.960519952940712685e+00
-1.483594960096604431e+01 -3.736362990298022435e+00 -2.165178460160588969e+01
-4.960058769745976370e+00 -2.680087752286212321e+00 -4.753990836396320141e+00
-4.160095079355045300e+00 -3.946634915844841718e+00 -1.256122488717864449e+01
-1.685980126845382898e+01 4.303396450217231006e+01 -3.851894039060584873e+01
-1.308765081956846821e+01 4.135929460645782285e+01 -3.457998985698623784e+01
-1.107585818633823393e+01 4.013263644696740329e+01 -3.025899362518546809e+01
-4.840465233703637438e+01 4.705590773336263055e+01 -4.244407350722475059e+01
-5.153808688494309820e+01 4.963070761363511707e+01 -4.274818859789676395e+01
5.521680774614687870e+00 2.416774035935220155e+01 -8.540067735682237426e+00
4.779223376933825307e+01 4.377344991026131993e+01 -4.319661096713068105e+01
5.727243802889100621e+00 -2.841402425225220796e+00 -1.246750969815586885e+01
7.096529694481614570e+01 7.132158243687526067e+01 -7.475502832543787690e+01
2.861475341430949371e+01 3.698327288344880515e+01 -3.600069410634871048e+01
3.530226746298948370e+01 3.649712962434381325e+01 -3.665358873674683338e+01
4.159843258876477989e+01 3.695472384043628722e+01 -3.859113722441974659e+01
4.987783067177295493e+01 4.123497271511237017e+01 -4.430620049360140200e+01
2.300596490561809304e+01 3.878875519917816916e+01 -3.694461090306537443e+01
3.744046890775864256e+01 5.588762204865611238e+01 -3.380822425042443768e+01
3.024621126025862594e+01 5.527008165732829070e+01 -3.362504666596250047e+01
4.402740536405569571e+01 5.478377302122572701e+01 -3.616834712096467541e+01
4.844503262561629242e+01 5.224073681241753064e+01 -3.880883777824571013e+01
5.507077370263714755e+01 3.652857739697533646e+01 -4.771422745251481956e+01
2.429154931526821315e+01 -5.635073916166784613e+01 -3.659047013481517752e+01
5.008668713152083996e+01 4.580286481136117516e+01 -4.542624347959898756e+01
7.400266453379325071e+01 4.114110774053946784e+01 -7.752615756952360471e+01
6.235559761679414237e+01 4.201753774259840668e+01 -5.456742240896787166e+01
3.248313238580026052e+01 7.428253356784205508e+00 -3.024632953756449538e+01
7.668617065032202085e+00 -2.071955966459075427e+01 -1.692861453386931103e+01
6.425784569918823408e+00 -2.753550234510353789e+01 -2.005522040644813231e+01
1.514000102791306546e+01 -2.294249145624963049e+01 -2.058111805974577280e+01
1.979840926450424377e+01 -2.565292489576848567e+01 -2.488126277012544563e+01
1.168876700560117854e+01 -2.803494507325806495e+01 -2.229964703324359832e+01
1.581357446366274644e+01 -2.867588298773837607e+01 -2.632417815275212547e+01
2.827812250213175460e+01 -3.561361615540415215e+01 -3.480528676803425725e+01
5.271437468407357940e+00 2.190478828834536706e-01 -6.106862144127922498e-01
6.108012918642026889e+00 7.300774236381929683e+00 1.545108037552576530e+00
5.863385607511163755e+01 6.079095911476861858e+01 -4.150191437880957324e+01
1.967703906914499967e+01 2.514323314981120205e+01 -2.926375479876143615e+01
1.939225670837161886e+01 2.507401960997516888e+00 -1.676264058553067926e+01
1.992738834539034798e+01 6.417761833446631314e+00 -1.859646514554321683e+01
5.222626195356225764e+01 8.448356710770349665e+00 -3.868344902104929872e+01
5.829684231865944533e+00 1.641908713800930997e+01 -2.317986931876751200e+00
4.388844951364847446e+01 6.869864435467999897e+01 -2.994877242108832860e+01
5.261982800304698316e+01 6.616345724351691615e+01 -3.536134395076018677e+01
6.504405673551352152e+01 8.374428298817929317e+01 -6.140587524225205840e+01
1.481994101159066091e+01 6.258780235315193607e+01 -2.412664806727960709e+01
2.406145647187135239e+01 5.266304295359927323e+01 -3.554109494256221780e+01
3.293431203986308020e+01 -2.938131333713215554e+01 -3.627838922536371769e+01
6.565578832712235169e+01 -2.254834876939249355e+01 -9.639602845963776190e+01
1.472931713578280188e+01 -1.393508193345058377e+00 -1.921850901739928474e+01
9.615484668095445997e+00 -3.491115836645033443e+00 -1.883286130228202637e+01
2.512765376396292183e+01 -2.973340696078934187e+01 -3.510564250522211438e+01
2.213402588357887524e+01 -2.920243605061095238e+01 -3.310140521234412603e+01
5.634012106378760620e+01 7.093141208412332333e+01 -3.839041643036080842e+01
1.941111467430294368e+01 -4.744699554344697923e-01 -2.039133492703502171e+01
3.172646380777863584e+01 6.824181741396807865e+01 -2.599001510906600387e+01
3.298830432135958546e+01 7.408873889028851067e+01 -2.454370125954918080e+01
3.887116983450636098e+01 9.971340427010261465e+01 -3.533625596574499639e+01
6.075274922765755292e+01 7.743190318690091090e+01 -4.796506005071057643e+01
3.531448147118491221e+01 8.691202388771880294e+01 -2.932063943951332163e+01
6.264814454684709943e+01 6.406253299228738740e+01 -4.722826573190946675e+01
6.694286307030824901e+01 6.726065795288710092e+01 -5.983458265621003136e+01
7.191265723684756139e+00 -2.472566275457094420e+01 -1.768848218992460986e+01
1.324308412531209456e+01 -2.609196451901747693e+01 -2.104350865052985498e+01
1.785947667488040125e+01 -2.729374989474463575e+01 -2.498271400413886667e+01
1.308086336077216849e+01 -2.586907437812262067e+00 -2.076682579452137745e+01
2.346915371442856824e+01 -2.958846924705730075e+01 -3.401725302147064411e+01
2.130628746855427380e+01 -3.078639580464512804e+01 -3.009727295428674765e+01
2.150091713717435837e+01 -2.871405318342512203e+01 -3.297089315131838561e+01
1.179320305961058146e+01 6.588542184332240037e-01 -1.018870444180732271e+01
1.450466975558107485e+01 -2.825593686597963128e+01 -2.737920478437422389e+01
1.037140449368736839e+01 -2.834126210445399607e+01 -2.485397950233499742e+01
5.615944340292715609e+00 -2.851497820409117523e+01 -2.280912554139679216e+01
8.757414997045785299e+00 -4.671918921007262782e+01 -2.914279548492534744e+01
8.150231282242407005e+00 -4.058233306512104832e+01 -2.233841493676642287e+01
7.755553061372458146e+00 -3.662421617535058260e+01 -2.129931082351070160e+01
7.160091067521329400e+00 -3.302028473832581312e+01 -2.250223674391951079e+01
6.552761814723946365e+00 -3.056511592034267011e+01 -2.348330544858060165e+01
1.602607914968351110e+01 -2.971387260842147171e+01 -2.786621060777335401e+01
1.697253471208498254e+01 -3.063616035217243549e+01 -2.678480885946715873e+01
1.839429736577330843e+01 -3.243754886264064652e+01 -2.584522808210934386e+01
1.972915737122930580e+01 -3.473941015381200259e+01 -2.705061643733741050e+01
2.591182136581785755e+01 -1.782599836477642441e+01 -2.709485970537739519e+01
7.307640865720237855e+01 1.162451518503804060e+01 -1.056807522395102836e+02
1.862429988033641948e+01 -2.949136260170278234e+01 -3.077656374019735708e+01
1.981866788167477367e+01 -2.994225899956159864e+01 -3.007669320832925308e+01
7.646202504468200267e+00 -6.526625098604357689e+00 -1.854981443986079981e+01
1.722098937852434730e+01 -4.611915132565068021e+00 -2.519122851753365566e+01
8.556794527714247423e+00 -5.073259568096897709e+00 -1.856729110324556231e+01
2.648983637839684491e+01 2.104381536222218330e+01 -3.156106462901210818e+01
3.729337205836856839e+01 1.639851678940150492e+01 -3.369104790988043163e+01
2.082088936583738104e+01 3.409703021967112946e+00 -2.230801448648020724e+01
5.499488932883734549e+01 9.347701789593699573e+01 -4.734389177100272406e+01
5.090549985846459435e+01 8.436260067067358648e+01 -3.799676821858601983e+01
4.638023803365512521e+01 7.448944850024305708e+01 -3.081729503238718593e+01
2.347246666119304237e+01 -3.995733367707742190e+01 -3.203730149454439413e+01
1.702899544345765293e+01 7.213083521147792965e+01 -2.131491995686392116e+01
1.881264377805021937e+01 8.672222194803205753e+01 -2.432273460524988806e+01
2.114398528945886824e+01 1.024549719539899826e+02 -2.839339308716779797e+01
4.690349305487369946e+01 3.842082834787426293e+01 -4.159032155403911446e+01
6.205647024344163043e+01 3.147011157608514154e+01 -5.146949407866927828e+01
1.941392084009008201e+01 4.070461830940279668e+01 -3.787384508913463321e+01
5.541545257284612802e+01 5.053247128540412092e+01 -4.478088188719227958e+01
1.519471356540910101e+01 2.979226405450439330e+01 -2.692284668590789209e+01
1.587522416402573988e+01 4.946284317556171928e+00 -1.027790565538265000e+01
6.880589745106078681e+01 2.704583507066527659e+01 -5.893360010539361582e+01
5.753991594111728602e+01 2.606458386150769613e+01 -4.535414643894629450e+01
4.902647576525802720e+01 2.313663213035152921e+01 -3.901177486248240456e+01
3.639865790290083680e+01 2.426193589302451059e+01 -3.618470517853630497e+01
2.713794782834650476e+01 2.720513155966851571e+01 -3.465070924229236482e+01
2.025892130025589921e+01 3.054856937893445945e+01 -3.285952883725801144e+01
6.371350591402358710e+00 3.911899281166827791e+01 -2.026084947548641679e+01
6.730829583922496795e+01 1.203969604160431217e+01 -5.714657888302620847e+01
6.090368801448632752e+01 5.212225973324289896e+01 -4.811084874638943631e+01
3.201248838983510314e+00 -3.201727311460280223e+00 -3.834431210899736708e+00
1.861945971026911550e+01 1.790425933802020353e+01 -2.651423112889037625e+01
7.531695793770572323e+01 4.221930062786466209e+01 -1.000562592741149786e+02
1.517708710186885845e+01 3.437437994205391334e+01 -3.194293746848721938e+01
2.147977601684955218e+01 3.128727225003536283e+00 -2.874930320590136290e+01
5.196158280042643440e+01 4.536995059205899850e+01 -4.682165866839994095e+01
1.615526918091414643e+01 9.718560172695333677e+00 -1.263711034366602348e+01
7.062446707019437042e+01 -5.117563611020548464e+00 -1.029204139501348152e+02
1.941668415303772477e+01 4.352997804406865612e+01 -3.948037543307267327e+01
1.128754282648139906e+01 1.388830069543963042e+01 -6.263537061360160862e+00
5.172751532647041017e+01 -4.050477145453861993e+01 -6.029405020471804022e+01
5.131291912021253410e+01 -4.711465377532190502e+01 -7.291558456581027770e+01
7.339987395380087776e+01 1.159956378816733391e+01 -8.132119274549516774e+01
5.976746957960802575e+01 -3.099152071387904073e+01 -6.874331905676518772e+01
7.064937847176774710e+01 5.518734635267421140e+01 -7.055934285009645635e+01
2.562003876995893137e+01 -6.255638425600294994e+01 -4.087199179118341874e+01
2.567840647776568286e+00 -4.469966936314389905e+00 -1.263263920443024091e+01
2.441691181467605887e+01 1.279501878483383948e+01 -2.896377785961669815e+01
6.796077065270461048e+01 4.092349167562638002e+01 -6.127141170111649160e+01
4.126860675408992307e+01 4.115784857719155099e+01 -3.908276429011714725e+01
3.551965136720841087e+01 4.042115231015901600e+01 -3.741199460020175138e+01
2.296769082350459357e+01 -3.208774586697538922e+01 -3.125115421906508217e+01
6.538207663946921855e+01 -1.722702768621166891e+00 -5.930793361362129446e+01
1.386117412079413214e+01 -7.148403643885775693e+01 -4.310989862028777964e+01
3.305879089367819290e+01 -6.206739501363678357e+01 -5.582169600777005769e+01
4.151029274036803685e+01 -5.603154793978813331e+01 -6.319347047117251748e+01
2.983641730871574893e+01 4.077038362911527258e+01 -3.713039833925522260e+01
2.453397877641087987e+01 4.196438355579191892e+01 -3.807394115781920618e+01
2.111471420901536433e+01 4.274033850834869952e+01 -3.944609053979897340e+01
6.563606041022953264e+01 5.380524013618578749e+01 -5.491817495375144631e+01
2.522710746867787890e+01 4.881197511815754098e+01 -3.680017794470869319e+01
3.100788558087434765e+01 5.101560345800982788e+01 -3.585231579086084963e+01
3.693143529364942168e+01 5.153364151219456346e+01 -3.628743597700346157e+01
4.283352177324395882e+01 5.041511101852177035e+01 -3.795989882167310725e+01
4.643156854841267034e+01 4.849205196752249947e+01 -4.013247936790378390e+01
7.427814903818014614e+01 5.829645452329101829e+01 -8.897369514734232609e+01
4.515547341145887117e+01 4.244292860992229066e+01 -4.131028322243631834e+01
2.031047226001770056e+01 -1.404766041539828691e+01 -2.427237658955846200e+01
1.496050491202441535e+01 -3.543206497775727160e-01 -1.683070862611372931e+01
8.559151938093096490e+00 -1.188312961578313320e+01 -1.876548679821400967e+01
4.300720423974527051e+01 -4.928155387220044048e+01 -5.406050974504987039e+01
3.464396115170575996e+01 -5.589264635908571677e+01 -4.781499807151606518e+01
1.434497896556556995e+01 -6.760645781700088719e+01 -3.470516485212070990e+01
5.894607662523976188e+01 -3.671466010926021539e+01 -8.537822544624727072e+01
2.119410955030591026e+01 4.563542495446780833e+01 -3.838594619876346314e+01
1.063890458716501364e+01 2.756826789813207057e+01 -1.802696448473966484e+01
2.419098021012199951e+01 -6.745421154318593437e+01 -4.817300989830388147e+01
7.078673435032682448e+01 -3.641318609934598882e+00 -8.044150058579785423e+01
1.177067587377922742e+01 -3.005133171512447632e+01 -2.540996548446364400e+01
1.275206892342302289e+01 -3.179168364903416943e+01 -2.428079107118056257e+01
1.377821244470537643e+01 -3.456082027170273108e+01 -2.319599703516981037e+01
1.467438319149410653e+01 -3.814443403709310587e+01 -2.420144578065672647e+01
1.695793226028249023e+01 -4.388057552295367003e+01 -2.962984466852587317e+01
1.946454151228547147e+01 -2.904433999180429993e+01 -2.993695941762606694e+01
2.140260911372063291e+01 -2.863964450783393545e+01 -2.986336728255304607e+01
2.333043082143498737e+01 -2.766329967242181453e+01 -2.986389824010813143e+01
3.043158572822370544e+01 -2.317316427235905252e+01 -3.133862337101509965e+01
5.654550968666934807e+01 -6.062285865500485649e+00 -4.570786074230001361e+01
1.072984537212946599e+01 3.491390382183512742e+01 -2.407860322855339419e+01
1.440678481391124954e+01 4.886928470605413821e+01 -3.468035733056020575e+01
1.832452089025658282e+01 4.748175983420630786e+01 -3.723335717684982171e+01
1.812614914424034751e+01 -2.814351959773317091e+01 -3.055329117878465084e+01
5.680763762462188282e+01 -2.208864963210539756e+01 -5.573105106271471243e+01
8.660540033492065248e+00 4.956513465500418647e+01 -2.661615112657787563e+01
2.097031168692241110e+01 -5.008290287673101915e+01 -3.363222590347530172e+01
6.075499033737500554e+00 3.120763249376157233e+01 -1.370445763487900770e+01
1.469048395941385365e+01 1.621168007751578699e+01 -1.822481952917377512e+01
1.114034230935908099e+01 -5.377867949034389028e+01 -3.049248294305197149e+01
3.518428642517356764e+01 -3.802922198624196426e+01 -3.909869725069049196e+01
2.714867359080727027e+01 -2.174527512940359841e+00 -3.023581283123602859e+01
2.881374449065207344e+01 -4.495660259394638558e+01 -3.652574550930370378e+01
4.263712071608381393e+01 -6.372719845804740713e-01 -3.284944989358659484e+01
3.323112934127155427e+01 -8.842152236915625352e+00 -3.103925691562453082e+01
4.765677695356232135e+01 -1.160191865784887177e+01 -3.782849960178231186e+01
1.340841103787504807e+01 -6.148419591156321218e+01 -3.113590298681438284e+01
1.820443679737179110e+01 1.219406200137920493e+01 -2.291919567491835963e+01
4.096222548913526396e+01 -4.250436953451097821e+01 -4.588940508725566048e+01
3.279303893757345634e+01 -4.979896334825137671e+01 -4.207777719907284109e+01
4.024588455336451176e+01 -2.977707185979793536e+01 -3.964240486149565612e+01
6.316907945085405629e+01 -1.333148457549927279e+01 -6.171382986601889087e+01
4.858035891906684611e+01 -3.013971453099796349e+01 -4.653155344178347264e+01
6.689620209128733563e+01 -1.778768386785378652e+01 -7.766390538451004488e+01
3.795209904898128883e+01 -1.780823732938655724e+01 -3.392162877006984445e+01
1.456522911786519359e+01 2.284432334298728762e+01 -2.262064943127797889e+01
1.380134280428415217e+01 1.746758633242718517e+00 -8.857011153411042059e+00
1.747826194401751110e+01 1.728144246745755286e-01 -1.602538994770958780e+01
1.141474402212593553e+01 6.420788510065946753e+00 -4.195117269680030070e+00
1.989657291400468964e+01 5.551508514044087406e+01 -3.244465425388350610e+01
3.066261878392142037e+01 5.964249416255706393e+01 -3.153608949884652901e+01
3.993419235487490937e+01 6.036622503492387892e+01 -3.226658281564591135e+01
4.752740140523413004e+01 5.920854259423843757e+01 -3.512146776248573588e+01
5.272348950969730197e+01 5.611396183374244373e+01 -3.932293044320042696e+01
5.644461524729696578e+01 4.370794922295618079e+01 -4.960798339414433400e+01
7.470063052108116608e+01 2.645891904297457486e+01 -7.977734150381409961e+01
5.153074849332155338e+01 3.331640669225797069e+01 -4.414944955082211919e+01
4.483528378135154213e+01 3.101050420376839867e+01 -4.015159351044913194e+01
3.608429080775046316e+01 3.093496017527477449e+01 -3.731734729659572025e+01
2.772210854673368274e+01 3.256181441407056809e+01 -3.586683087110308321e+01
2.130574333674503862e+01 3.491957435799540121e+01 -3.585395660951721197e+01
1.687167071026155085e+01 3.731919382804900920e+01 -3.533268203341392422e+01
7.427090260967267454e+01 2.706718553921286130e+01 -1.050842093737574601e+02
1.712512341398165816e+01 -1.592310368941883825e+00 -1.932282942927197311e+01
1.051768236198319961e+01 2.095798225611430965e+01 -1.304425609340846570e+01
9.659300196072161171e+00 1.286418491630323180e+00 -3.736763520489455814e+00
6.158867175316158793e+00 -1.913950743408142197e+00 -6.457935413562156945e+00
9.506141688364143860e+00 3.025979387333061488e-01 -6.961211961055956188e+00
1.529406515029240765e+01 -3.611762679171412138e+00 -2.156865447391588475e+01
5.125596239958731815e+00 -2.677924973120338947e+00 -4.742083411214628619e+00
4.479537177210488608e+00 -3.955922312924322171e+00 -1.255451699031099544e+01
1.711456056278022686e+01 4.295827221554672093e+01 -3.850209032883460480e+01
1.332693996656528590e+01 4.125629592135613422e+01 -3.457007236032036701e+01
1.128274559124077570e+01 4.007128865541353235e+01 -3.024168365544253945e+01
4.849786574524453897e+01 4.702006105723089746e+01 -4.250212592952144774e+01
5.162065338898246125e+01 4.956801809408931092e+01 -4.276695962667803030e+01
