3.062847958396570092e-01 -2.397948010632729421e+01 -1.673112790387077808e+01
0.000000000000000000e+00 0.000000000000000000e+00 0.000000000000000000e+00
1.675329574517379627e-01 -7.085075678261141263e+00 -1.719445688757137347e+01
-5.844938861003326380e+00 2.403663258205234143e+01 -8.122502165015948350e+00
-1.149633656979441032e-01 7.312062713597175190e+00 2.511961670378363820e+00
-2.094306628194144426e-01 1.709169065120261166e+01 1.402848736643159955e-01
-2.103474611226492375e-01 4.089113111289989888e+01 -1.728108366028705234e+01
-4.786603751854372746e+01 4.381217815933480608e+01 -4.277790995046285616e+01
-3.457841819514430592e-01 6.066961442019315598e+01 -2.140703771507438802e+01
-3.525873932387598719e-01 7.073579753548293070e+01 -1.974395823432805841e+01
-4.591058390308273007e-01 1.027044860754974422e+02 -2.564658990205868960e+01
3.278327178865250713e-01 -2.742874439558672961e+01 -1.775418995361906482e+01
3.604003105658136197e-01 -2.989365311267441072e+01 -2.025350524028767296e+01
4.225494265879874978e-01 -3.082966499818769535e+01 -2.333400015767184144e+01
7.213975438688242647e-01 -3.210989430887168794e+01 -2.365442674132420464e+01
7.908965293687570952e-01 -3.502233184761605855e+01 -2.271849376966605050e+01
8.284673744204488210e-01 -3.870936358141911171e+01 -2.164634146109883872e+01
9.037666372672256143e-01 -4.246222898617966734e+01 -2.285626919765612897e+01
9.602967163469880996e-01 -4.849622425679731208e+01 -2.975683239032375127e+01
1.986881409604624935e-02 -3.619355191051711884e+00 -3.532745645280451097e+00
-5.499313979098629623e+00 -3.018237760350268140e+00 -1.265429392641009976e+01
-7.316874495805764411e+01 7.138400344894732541e+01 -7.391000578812223409e+01
-2.843749464431041574e+01 3.748218030164476744e+01 -3.595185619318841930e+01
-3.509670570615434571e+01 3.689411882820466104e+01 -3.657164688941649899e+01
-4.154696324767944304e+01 3.715885081006872781e+01 -3.850276745727487793e+01
-5.027467612444026912e+01 4.113181658644586491e+01 -4.396079016880073453e+01
-2.290516709698086828e+01 3.930499498932150004e+01 -3.685616088443952520e+01
-3.743174065215755775e+01 5.562275566034973195e+01 -3.311016542064103163e+01
-3.045504481497796334e+01 5.510532067559071834e+01 -3.313019237303858944e+01
-4.394308252968595241e+01 5.452430481171516163e+01 -3.543520201527122282e+01
-4.839777312839340340e+01 5.203025307423849455e+01 -3.823718807176130241e+01
-5.588831354900106874e+01 3.633278032626162712e+01 -4.751252329393646789e+01
-2.356925719032756206e+01 -5.850303556259571991e+01 -3.801236767442984643e+01
-5.031424615382374554e+01 4.556422974850356411e+01 -4.489801940830102467e+01
-7.630245016575220518e+01 4.078818106819512224e+01 -7.742544190644586877e+01
-6.355183727094424029e+01 4.177140372513531474e+01 -5.421138757738189184e+01
-3.275525718379836349e+01 6.729572591029268303e+00 -3.079803543706843882e+01
-7.277596320346334302e+00 -2.289656568990875840e+01 -1.765419553933206487e+01
-5.927328560419946157e+00 -2.972041561437479373e+01 -2.118274820522216118e+01
-1.487167249770453736e+01 -2.496587580321466149e+01 -2.159865063523909612e+01
-1.973354264200272112e+01 -2.754017870807123103e+01 -2.624879682995566199e+01
-1.137433739114894315e+01 -3.007755436640822211e+01 -2.359035952851259665e+01
-1.568849063031971980e+01 -3.055684162810187843e+01 -2.790998451314889195e+01
-2.818036836276744239e+01 -3.729754326081700100e+01 -3.664260970010813878e+01
-5.317784453754327956e+00 1.934986577469297864e-01 -5.782526164274683911e-01
-6.372379023691878253e+00 7.184098025517753783e+00 1.688787683435667875e+00
-5.920135718829449445e+01 6.066602834694587898e+01 -4.052247224520811386e+01
-1.975909301401866358e+01 2.496545766324796389e+01 -2.937200201166454150e+01
-1.936843572901468136e+01 2.017124045119245146e+00 -1.693032708419629273e+01
-2.003379569813784400e+01 5.933616156802734132e+00 -1.876107026261498234e+01
-5.302968429401970241e+01 7.663695700197018290e+00 -3.929175844656037953e+01
-6.154728678451438562e+00 1.630780945515635594e+01 -1.974120319808297275e+00
-4.394872551751527823e+01 6.891183201676489034e+01 -2.901881267130623243e+01
-5.282165259030384874e+01 6.614085384598499218e+01 -3.436660706660744324e+01
-6.648569435883074163e+01 8.373678940360723288e+01 -6.017984329213393835e+01
-1.493340149939656314e+01 6.301156260531598718e+01 -2.333254986435610334e+01
-2.427344457971652858e+01 5.275118251649901424e+01 -3.506214025896720443e+01
-3.321916133273065697e+01 -3.095035184661489680e+01 -3.799761413259884790e+01
-6.828674902536214120e+01 -2.450300190451108051e+01 -9.801408478841588590e+01
-1.448431916720858581e+01 -1.869945669397459431e+00 -1.948611058010661523e+01
-9.401105045086953993e+00 -3.967221152544112783e+00 -1.914103838430139959e+01
-2.513167932534389948e+01 -3.128069676528252785e+01 -3.690776064413807234e+01
-2.222855170912308864e+01 -3.072051993273353432e+01 -3.496608688345112625e+01
-5.677921363959083578e+01 7.100069296266951824e+01 -3.723620475833986632e+01
-1.934586663490063430e+01 -1.084004244620993429e+00 -2.071315200148089986e+01
-3.174052058010255095e+01 6.866584590132167421e+01 -2.515560688350645080e+01
-3.308735950035422491e+01 7.445523409030570861e+01 -2.360694937429212104e+01
-3.945755073619027087e+01 9.952846668171666522e+01 -3.400391075244994710e+01
-6.173831034148339825e+01 7.738505526915953681e+01 -4.685590362012557364e+01
-3.564037124119693800e+01 8.694087463206427913e+01 -2.832028770172823329e+01
-6.357364611309625246e+01 6.399398642127242454e+01 -4.606565460810256241e+01
-6.854064304508034411e+01 6.717305280546048607e+01 -5.891467538397459691e+01
-6.728565101452678832e+00 -2.692098225501062814e+01 -1.858485440957212376e+01
-1.289272249115989410e+01 -2.815033861742413634e+01 -2.224224803980304443e+01
-1.769467173725760745e+01 -2.918755796894373233e+01 -2.648147837067453736e+01
-1.282117953977334679e+01 -3.130466766448011917e+00 -2.110765112510144803e+01
-2.355870799747730260e+01 -3.113390246816952001e+01 -3.589301269864801469e+01
-2.106742709963718241e+01 -3.222256038658590427e+01 -3.185091223648275260e+01
-2.168088868033497718e+01 -3.020458988870033679e+01 -3.477947883203372470e+01
-1.157243386877744129e+01 5.201914551630006933e-01 -1.027622709835825354e+01
-1.441539276633187860e+01 -3.008673989530068127e+01 -2.904330326635457382e+01
-1.005697512363457591e+01 -3.030898369849818863e+01 -2.627417916760811067e+01
-5.087157135357569970e+00 -3.058382265512412701e+01 -2.406626884017933321e+01
-7.527447510313421297e+00 -4.829043378878043313e+01 -2.994448487247520774e+01
-6.983388394109767638e+00 -4.184240402482393506e+01 -2.319351426074903344e+01
-6.665565648256687403e+00 -3.784445722283845015e+01 -2.218098725104574953e+01
-6.145525198443673176e+00 -3.433325699521679297e+01 -2.343803776522614868e+01
-5.582696700221180919e+00 -3.187910610112724896e+01 -2.438489474820743297e+01
-1.561827987141450613e+01 -3.112300415100110129e+01 -2.924806653740294138e+01
-1.654584792647688474e+01 -3.201137117552617184e+01 -2.818096451348095144e+01
-1.791573624880287952e+01 -3.379137950666984125e+01 -2.723391346746709374e+01
-1.921556533055909455e+01 -3.609203406365421785e+01 -2.852095935860562648e+01
-2.612111128963094941e+01 -1.923905711207509128e+01 -2.832340004256558430e+01
-7.601022934438655909e+01 1.055407018540831210e+01 -1.066251421546863867e+02
9.766855047640311815e-02 -4.916010771094515341e+00 -1.243947319661212347e+01
-1.846952116362524876e+01 -3.093602241925852070e+01 -3.236821957950267858e+01
-1.961321343832062425e+01 -3.138113482368301277e+01 -3.175214879176052563e+01
-7.351260113360228665e+00 -7.128006199126141418e+00 -1.890669978117546535e+01
-1.708120100444093836e+01 -5.402604157493445136e+00 -2.570857755031963165e+01
-8.310528559082792199e+00 -5.612574025131330302e+00 -1.893833400610379769e+01
-2.655874551859204047e+01 2.076888116058757561e+01 -3.183608323967275666e+01
-3.757813821446777780e+01 1.592690191080805207e+01 -3.404367978090536440e+01
-2.089871740203633266e+01 2.809925335841516159e+00 -2.269094019509734395e+01
-5.592640226385444180e+01 9.336896122439044632e+01 -4.597277618872239913e+01
-5.146767653345803240e+01 8.435188451995692560e+01 -3.692647337386392081e+01
-4.660813424191828602e+01 7.463442206557901670e+01 -2.984076755551816262e+01
-2.295612358681462695e+01 -4.165418943138077168e+01 -3.362904461478143503e+01
-1.709327816223023078e+01 7.260062968052541521e+01 -2.043842370385356233e+01
-1.909316398299882422e+01 8.669513188451165320e+01 -2.339119501996750117e+01
-2.154063629399579582e+01 1.021572791169451619e+02 -2.706381707578812978e+01
-4.711503830971756202e+01 3.849764374403662259e+01 -4.144318003380091398e+01
-6.331238317359420620e+01 3.113177614384115088e+01 -5.129950160731840469e+01
-1.942501097855875969e+01 4.122149843480895726e+01 -3.765992941313083264e+01
-5.594671163065678599e+01 5.042773909470594873e+01 -4.410171495720868506e+01
-1.529283556472360672e+01 2.967506196200059421e+01 -2.688020495791395348e+01
-1.588252802309264489e+01 4.710181548631408255e+00 -1.029853674920830287e+01
-7.056796063436571842e+01 2.654810075973616534e+01 -5.899582824390827795e+01
-5.853971987533127930e+01 2.565750695856301533e+01 -4.535274547862693595e+01
-4.964182644721428517e+01 2.268819772097737797e+01 -3.917267390787323222e+01
-3.659504762925521248e+01 2.399838335789327814e+01 -3.640173451623039824e+01
-2.713403269172216881e+01 2.712672080405203801e+01 -3.481289183502652662e+01
-2.027057011154000321e+01 3.056035452968010802e+01 -3.296425209416044311e+01
-6.563622435484049333e+00 3.913620110044821132e+01 -1.986394454618903538e+01
-6.910282622425329180e+01 1.124547725123187902e+01 -5.768172699070872511e+01
-6.182541019920097369e+01 5.195646530776197380e+01 -4.730140875331778716e+01
-3.098134515637685826e+00 -3.274444946499537323e+00 -3.903532213604396173e+00
-1.876264963880290182e+01 1.761272150717486440e+01 -2.677728355682563688e+01
-7.815722228434492536e+01 4.187823561981588938e+01 -1.001921487621842033e+02
-1.522512579320784276e+01 3.447280302693314979e+01 -3.194148529363256017e+01
-2.156365784098910510e+01 2.456268517968454024e+00 -2.932072525437661525e+01
-5.233088831268872099e+01 4.525673702010319488e+01 -4.623648393179981042e+01
-1.635616363102593951e+01 9.434202024085299954e+00 -1.261484240786190547e+01
-7.349582594252417778e+01 -6.629868750221365126e+00 -1.041307731048494389e+02
-1.958384109509008653e+01 4.397344179739314995e+01 -3.915102727163440477e+01
-1.154564670934568582e+01 1.369123467438353892e+01 -6.046546823679655347e+00
-5.282381939799993376e+01 -4.263803823163786433e+01 -6.200011322435818784e+01
-5.267633098069069320e+01 -4.950302005568620700e+01 -7.478144609187908998e+01
-7.589262856994291440e+01 1.061070324275013377e+01 -8.209672728480816772e+01
-6.163593081736154033e+01 -3.296274757087132201e+01 -7.027189812835788985e+01
-7.266587119040526943e+01 5.498040396365892235e+01 -7.005059607608552597e+01
-2.500264062144789534e+01 -6.487878864660345357e+01 -4.242807720668232463e+01
-2.332726761115105241e+00 -4.623843232344971632e+00 -1.290757306337978427e+01
-2.454165002498963943e+01 1.229287022677963037e+01 -2.936062825101913276e+01
-6.962445997326729241e+01 4.060266210810196696e+01 -6.094015514776908304e+01
-4.104294385722401728e+01 4.162803138898548383e+01 -3.883626621980047133e+01
-3.521656065365910138e+01 4.101823278649155924e+01 -3.718874069906112112e+01
-2.272057083520514453e+01 -3.356283144431807841e+01 -3.300369480759994900e+01
-6.723756135356141783e+01 -2.821636630415933045e+00 -6.029877613721552621e+01
-1.287452854055594642e+01 -7.397740087810075238e+01 -4.487824603856309835e+01
-3.295661666740345197e+01 -6.449149308870984498e+01 -5.760834475479820327e+01
-4.198021651182726544e+01 -5.845132736644780636e+01 -6.499902558867201208e+01
-4.057170588658303712e-01 8.609262704241390907e+01 -2.203595791571123286e+01
1.092212389058205169e+00 -7.542630109762690438e+01 -4.298138582157913135e+01
-2.965902732080657245e+01 4.140079938897711997e+01 -3.689837781436700936e+01
-2.444553069175343296e+01 4.255894659259958246e+01 -3.776275572365205591e+01
-2.113102986353538526e+01 4.331656487136823586e+01 -3.915254408561847299e+01
-6.699449615876712016e+01 5.359248390662402528e+01 -5.413763857562017989e+01
-2.525184124227393667e+01 4.828606503297109498e+01 -3.638335541605727030e+01
-3.105194464997000736e+01 4.988401336353069837e+01 -3.532907477654274686e+01
-3.688713124147340494e+01 5.021567859802427591e+01 -3.560149314945741850e+01
-4.273317497197322012e+01 4.923480982679576812e+01 -3.735458442631630760e+01
-4.642914363129838051e+01 4.758992934211387649e+01 -3.951635126868751513e+01
-7.690758046241890611e+01 5.819901152775152298e+01 -8.856683420275074070e+01
-4.503029646029631294e+01 4.267349403424106669e+01 -4.093200213210991478e+01
2.200506893201950864e-01 -1.229878389704516017e+01 -1.868451904177307554e+01
-2.027563579443183528e+01 -1.538409691723965267e+01 -2.508106594480279128e+01
-1.470290805673852219e+01 -7.620207816205006868e-01 -1.702001382076050717e+01
-8.219743046893102090e+00 -1.309263877645179086e+01 -1.920523744292992774e+01
-2.337787716901869872e-01 5.084865115600043595e+01 -2.183542998809299718e+01
-4.343413835684285118e+01 -5.143280897854051403e+01 -5.584461053935162766e+01
-3.454526187283072858e+01 -5.814592190005109984e+01 -4.955776303036553543e+01
-1.330338160432105177e+01 -6.995372333419648214e+01 -3.621979536641939035e+01
-6.108002539274566800e+01 -3.898116776750239865e+01 -8.718370262376754454e+01
-2.133505413099941705e+01 4.573538749364897171e+01 -3.802177295291999570e+01
-1.084096049906496084e+01 2.743008328969620990e+01 -1.784437246407974342e+01
1.105798655570100708e+00 -7.115224435960510618e+01 -3.461571659116390265e+01
-2.355838959538384714e+01 -6.996538432461230173e+01 -4.995852113164129804e+01
-7.338604595152814625e+01 -4.999691394417590473e+00 -8.153902035084028910e+01
-1.105721830359983748e+01 -3.139212046618307284e+01 -2.655650737659548355e+01
-1.201014565606755902e+01 -3.310734784924998308e+01 -2.537893770438073204e+01
-1.296128756723772035e+01 -3.582318771079046371e+01 -2.436337618948360628e+01
-1.378106547103022628e+01 -3.940579434088366639e+01 -2.540815199611205699e+01
-1.606051638381807223e+01 -4.548241847065318666e+01 -3.089291301736803064e+01
-1.949859194904186666e+01 -3.070230090600801987e+01 -3.168085329115713122e+01
-2.143329786190338737e+01 -3.026553780492878687e+01 -3.158962822020000516e+01
-2.340494822594511959e+01 -2.929790922741701564e+01 -3.152545360674498198e+01
-3.084486302438386929e+01 -2.466871595590156119e+01 -3.288384850483121369e+01
-5.780866251814158119e+01 -7.220848109367496548e+00 -4.683038210927696099e+01
-1.087664767166377899e+01 3.486427900378068045e+01 -2.383928001531837282e+01
-1.445703553853965673e+01 4.929672487505060730e+01 -3.436061153497068688e+01
-1.843590085293945435e+01 4.787182014111687778e+01 -3.688351510944396949e+01
-1.821498369605582113e+01 -2.979954515288714489e+01 -3.235636279542703164e+01
-5.820299832845064003e+01 -2.368309832507350166e+01 -5.717098732523454174e+01
-8.805358205803274885e+00 4.980226927447092322e+01 -2.619699138378979697e+01
-2.014723469321367944e+01 -5.197912413428567646e+01 -3.493395711351968913e+01
-1.857246212304811406e-01 2.513568561530129841e+01 -5.824459869991383876e+00
-6.373898063177006357e+00 3.113784138289724623e+01 -1.329066776232150104e+01
-2.142098791099212030e-01 3.266982444714967215e+01 -1.173468979736632356e+01
-1.489534416081114720e+01 1.592569699914379733e+01 -1.823338332676518903e+01
1.069985414597039552e+00 -6.449487877539553438e+01 -3.051967644033029003e+01
1.053579986906129085e+00 -5.603543150559065111e+01 -3.022262944314309507e+01
-9.891554897820309833e+00 -5.560446317165214936e+01 -3.148790287352010608e+01
-3.531748711573693811e+01 -3.985755398104316072e+01 -4.089233971020640013e+01
-2.734241294142442413e+01 -3.118060381268485504e+00 -3.103619100360795713e+01
-2.841486516550639152e+01 -4.682745134821633570e+01 -3.814677140175334813e+01
-4.319537530369929357e+01 -1.563605275020833574e+00 -3.368205230640352710e+01
-3.362101731991330666e+01 -9.965080461006417423e+00 -3.213414973487792281e+01
-4.842799369207126148e+01 -1.282063857365833393e+01 -3.905591883162681199e+01
-1.226488680296695577e+01 -6.359805976940194938e+01 -3.229101788982657695e+01
-1.838450267742957323e+01 1.183215940249897891e+01 -2.310154391768010385e+01
-4.119257905263756925e+01 -4.446377683610768372e+01 -4.767292035798889316e+01
-3.248167619071895018e+01 -5.185662789004569362e+01 -4.372283666326488571e+01
-4.068748025669428614e+01 -3.145966747793814733e+01 -4.140006986498634234e+01
-6.498704667479373143e+01 -1.473035312555468934e+01 -6.304288085930839003e+01
-4.939916406706523588e+01 -3.184613480425173648e+01 -4.817176757745240678e+01
-6.926466963533641774e+01 -1.950551970097780341e+01 -7.906433753683413101e+01
-3.850474334947475796e+01 -1.919804736889878427e+01 -3.533636080623444542e+01
-1.472086341179807789e+01 2.266048978853866913e+01 -2.258875095828290824e+01
-1.366601848004472508e+01 1.593063056315208836e+00 -8.906410710991803370e+00
-1.732403243448918673e+01 -3.059049987270899273e-01 -1.626560663452018574e+01
-1.155041159054848876e+01 6.327754526613345476e+00 -4.109817994276651731e+00
-2.001796526855763858e+01 5.597371292222309336e+01 -3.203119086851835817e+01
-3.070539287401928519e+01 5.991294389852660629e+01 -3.096007930325336943e+01
-3.986283339319130903e+01 6.046002365817671631e+01 -3.155768069943925624e+01
-4.751897609090660524e+01 5.919899889885302002e+01 -3.436385609317040490e+01
-5.290891854609564859e+01 5.602705189253945406e+01 -3.858509706022651642e+01
-5.720601408386966114e+01 4.357671240771006183e+01 -4.911095139902769091e+01
-7.708157442107169288e+01 2.583724299304970984e+01 -8.007657364860213534e+01
-5.210291225823040406e+01 3.308173620613339239e+01 -4.410013233526686349e+01
-4.515037295648459548e+01 3.085645860718013722e+01 -4.013966755007092502e+01
-3.614307300855751492e+01 3.099036645551650437e+01 -3.744464032852985014e+01
-2.768783391832280927e+01 3.274723640547690451e+01 -3.596120306942141553e+01
-2.124158266952238705e+01 3.520396021868219094e+01 -3.591799576524196880e+01
-1.685525282610998232e+01 3.758914764407463593e+01 -3.532292112896341507e+01
-7.713635757407300275e+01 2.642936483673503290e+01 -1.056656087405226714e+02
-1.699973241481552222e+01 -2.124880087850767207e+00 -1.966008403978015906e+01
-1.076500449627466516e+01 2.075756125033167265e+01 -1.285575831427196469e+01
-9.603520858865055132e+00 1.257174290811338357e+00 -3.775021520247874296e+00
-6.016069738808819345e+00 -2.010298492216658683e+00 -6.605712308887301987e+00
-9.363799748832670744e+00 2.262083890340445824e-01 -7.032935309060972529e+00
-1.510457002787397407e+01 -4.259272205967345570e+00 -2.195639148177586009e+01
-4.991743482966543688e+00 -2.736517555463873652e+00 -4.887940766414971883e+00
-4.239219113400435113e+00 -4.119828639646697432e+00 -1.280060419478150457e+01
-1.717692550725011102e+01 4.347976317071330499e+01 -3.827810676567818859e+01
-1.337518575810808663e+01 4.160326910728779382e+01 -3.439745891324049865e+01
-1.137711257310079205e+01 4.023611319283732968e+01 -3.001002509363084414e+01
-4.863184844125110118e+01 4.643216047288132842e+01 -4.184546708417549610e+01
-5.187355851809149954e+01 4.941863481819144255e+01 -4.216780306928213662e+01
5.475506749261628059e+00 2.403699991716456807e+01 -8.127063520695488208e+00
4.733604948902060983e+01 4.386157557584743927e+01 -4.276344695537423490e+01
5.688586029494588026e+00 -3.031577928614011874e+00 -1.271475945697578069e+01
7.290396389767926166e+01 7.138397631521094411e+01 -7.397829846878862270e+01
2.814237603849887748e+01 3.754905867569042499e+01 -3.593681786638914133e+01
3.486156572642466500e+01 3.699841483030495226e+01 -3.658050856672805651e+01
4.133324756612109496e+01 3.728125481345676917e+01 -3.846223119185722084e+01
4.985482547005322829e+01 4.121730386766007825e+01 -4.397321377473753046e+01
2.252228521257222837e+01 3.935394861255293364e+01 -3.677228293481640975e+01
3.682904929583445863e+01 5.548336103167182642e+01 -3.307709284757933688e+01
2.973757390109616239e+01 5.507399481446494605e+01 -3.306741260131754956e+01
4.337616333446869277e+01 5.433726143948270249e+01 -3.543419190667934515e+01
4.783487548840658121e+01 5.185679850645383482e+01 -3.818587834135852432e+01
5.574519025719779819e+01 3.640670078815247024e+01 -4.744416352723799690e+01
2.562648562449634682e+01 -5.854987260557889073e+01 -3.809283135655812202e+01
4.972848505292687094e+01 4.556422974850356411e+01 -4.489801940830102467e+01
7.654651421269701927e+01 4.092591390536167495e+01 -7.744942130498738209e+01
6.347352417045419060e+01 4.184833594873142459e+01 -5.416947777641781414e+01
3.312293484908084196e+01 6.777455133348642136e+00 -3.079267737124736826e+01
7.834916776126609861e+00 -2.282505477472227895e+01 -1.768334966788241047e+01
6.698461034713890427e+00 -2.967745118173742824e+01 -2.121763070308276511e+01
1.555335511907776080e+01 -2.495246634730433399e+01 -2.162126578548726741e+01
2.056420254151072058e+01 -2.750335206188064774e+01 -2.625017098288788375e+01
1.220691984840006405e+01 -3.006870406718894273e+01 -2.363683599014621706e+01
1.663178368801303364e+01 -3.055188629474064044e+01 -2.790730534845108934e+01
2.975742819585243382e+01 -3.735523776896713599e+01 -3.668804101257101991e+01
5.299699754696181486e+00 2.343889174638282558e-01 -6.150589771673331541e-01
6.168442507677732500e+00 7.222892847688770601e+00 1.716593947582930602e+00
5.857483787279814891e+01 6.031219032225144616e+01 -4.043496029666811609e+01
1.972484544540441220e+01 2.498687915543086646e+01 -2.941268218330953843e+01
1.957124459926993154e+01 2.031201074862696299e+00 -1.700267554479213317e+01
2.016542859938041232e+01 5.934445423781506079e+00 -1.884200261811291455e+01
5.351880490893881870e+01 7.830548358987567070e+00 -3.921004468135017618e+01
5.847482235532975636e+00 1.631093793518841650e+01 -1.993518548237220855e+00
4.313508421014307714e+01 6.847829620674409057e+01 -2.897112016094480680e+01
5.208156203615626367e+01 6.569088432775191677e+01 -3.430443681996197114e+01
6.596799482611531573e+01 8.374144649682412478e+01 -6.023355133065258826e+01
1.419956334611885040e+01 6.289527355795518559e+01 -2.327499585105219992e+01
2.360616165655761023e+01 5.275255033412865657e+01 -3.506560577468540885e+01
3.451699124160347765e+01 -3.096874418752478064e+01 -3.805785440271377240e+01
6.945584063045023981e+01 -2.450763245217086350e+01 -9.817828052581471354e+01
1.480193067069719604e+01 -1.866422807595703226e+00 -1.960855907632502593e+01
9.701865977087100745e+00 -4.019867583956434842e+00 -1.924070288246265292e+01
2.653064137102827402e+01 -3.131475604352002762e+01 -3.694422131889766092e+01
2.360661933157321712e+01 -3.076826225929307057e+01 -3.495632579733421608e+01
5.599192660984395786e+01 7.044833377003757846e+01 -3.723789995632461114e+01
1.964838582989506222e+01 -1.118242451110027291e+00 -2.077934913474414103e+01
3.095024787255520593e+01 6.837688785240865741e+01 -2.512977383041656765e+01
3.227507330114507766e+01 7.415388298244475607e+01 -2.360100011676914633e+01
3.850048817051789030e+01 9.949066039525459360e+01 -3.397930547815599311e+01
6.109347711217228749e+01 7.716376334443923213e+01 -4.684754958085668619e+01
3.478632462635417966e+01 8.678590634394198844e+01 -2.830830786837193003e+01
6.302657336763778773e+01 6.362013183449859355e+01 -4.608493964892750938e+01
6.815484499554700903e+01 6.704995351895126987e+01 -5.894120996877791185e+01
7.381883523616308729e+00 -2.693233827481432385e+01 -1.862562047199051563e+01
1.364510516462559764e+01 -2.815857170737603710e+01 -2.225289193140338284e+01
1.862661332888371035e+01 -2.914420489420516347e+01 -2.650966928822057156e+01
1.316323307680725563e+01 -3.155456227853512985e+00 -2.116436735648048639e+01
2.489335637722887284e+01 -3.115934207507444853e+01 -3.587551281776665490e+01
2.259402006969386534e+01 -3.227894843412231296e+01 -3.181728297857968712e+01
2.300309202504174166e+01 -3.028654580285472164e+01 -3.477486437980690681e+01
1.170798009840341969e+01 5.626118866398043261e-01 -1.032763368617948174e+01
1.539082079367232581e+01 -3.007507740218844461e+01 -2.898671061472891708e+01
1.094247271764186280e+01 -3.033682972740499650e+01 -2.629752990003205682e+01
5.912959800694994605e+00 -3.056994916115618466e+01 -2.408375111765304766e+01
9.455917635712598468e+00 -4.832622967732500996e+01 -2.997701792793024822e+01
8.760815072981749552e+00 -4.192840468897566097e+01 -2.322416272691005190e+01
8.321854946632889494e+00 -3.789784523214156309e+01 -2.223159481218385736e+01
7.680562020325742978e+00 -3.438107164048469144e+01 -2.344917890165253027e+01
7.024278622765898206e+00 -3.194903994632900179e+01 -2.443635175913178514e+01
1.712065060710919440e+01 -3.117139614282831062e+01 -2.923175142170722296e+01
1.807414942118661827e+01 -3.205851498719049175e+01 -2.816805253595541103e+01
1.949500768249564686e+01 -3.386080593426549257e+01 -2.723234742818547716e+01
2.088394673707433569e+01 -3.618750094706011566e+01 -2.851212832955716792e+01
2.684414640527185014e+01 -1.919411981326324934e+01 -2.832832846517842995e+01
7.662354183301205524e+01 1.065653352815592392e+01 -1.067964814441870942e+02
1.991439791122878233e+01 -3.097856549210596810e+01 -3.239067777341374921e+01
2.111739009619847707e+01 -3.144628550266403622e+01 -3.171237885347982655e+01
7.721214118753971789e+00 -7.157083976177549545e+00 -1.894406859190181081e+01
1.750487894259223864e+01 -5.417303589316109225e+00 -2.568876109036611766e+01
8.629527290330248235e+00 -5.639286578979673337e+00 -1.896058168540522715e+01
2.669390020369566585e+01 2.082737376530888440e+01 -3.183888507267643320e+01
3.787226026182123917e+01 1.602497414907753281e+01 -3.404286408815050891e+01
2.111600398681175506e+01 2.787563536312587242e+00 -2.269798736880456147e+01
5.508984782706921379e+01 9.336949705637215402e+01 -4.598113510241044821e+01
5.062012028132685515e+01 8.409123183235939791e+01 -3.685113465365113683e+01
4.575314768141316790e+01 7.417209485183055051e+01 -2.979276715763374384e+01
2.469272776467418140e+01 -4.168266244199178772e+01 -3.362172717190890125e+01
1.632638841787630213e+01 7.241020096816168916e+01 -2.039955942864797223e+01
1.827534375905460706e+01 8.664974914109525628e+01 -2.345997596255713091e+01
2.059191363099283478e+01 1.021788174345292788e+02 -2.708362259041468434e+01
4.679299928771471428e+01 3.861290627868401515e+01 -4.140930723986942752e+01
6.341044579021552607e+01 3.127732212664096068e+01 -5.132120380423736350e+01
1.894338956763824910e+01 4.124752204454956939e+01 -3.765725951270706418e+01
5.546770257251429115e+01 5.024187316588928809e+01 -4.404440634198855520e+01
1.514657127761802080e+01 2.968900657442861046e+01 -2.686929761594736732e+01
1.592906996748867243e+01 4.736134409792252420e+00 -1.033881926652328787e+01
7.083471422211462709e+01 2.672456789475651817e+01 -5.899596664814036728e+01
5.865217989555714695e+01 2.584156732202310280e+01 -4.536461717064339183e+01
4.982556394734914562e+01 2.288524337729481672e+01 -3.914793227410532239e+01
3.673039817531780216e+01 2.413266279870271092e+01 -3.637932048919840611e+01
2.714249415675649857e+01 2.719586165788427223e+01 -3.476803784870136838e+01
2.013562064088428372e+01 3.058739421717135443e+01 -3.294610647286855709e+01
6.199427456393197922e+00 3.913959492407231977e+01 -1.983992111284012339e+01
6.960171312265657662e+01 1.143087194979692534e+01 -5.767817798660918527e+01
6.149274936926936874e+01 5.181936925914367720e+01 -4.737664996669324324e+01
3.190620564147407912e+00 -3.277087002497470980e+00 -3.965691304234412851e+00
1.881255288096160783e+01 1.760685764110357709e+01 -2.677038001194599559e+01
7.843289472603240142e+01 4.202190871553062124e+01 -1.002469498085248318e+02
1.499174965964752282e+01 3.443098429758513390e+01 -3.186727066476153070e+01
2.186087341266934203e+01 2.448760015638054455e+00 -2.927682468001240679e+01
5.186227596763894354e+01 4.523670708351708925e+01 -4.623749237980162974e+01
1.630218594082177930e+01 9.458938187836505307e+00 -1.267141445468398153e+01
7.436618005932878361e+01 -6.569735755056221649e+00 -1.044044249032866816e+02
1.901815546707258164e+01 4.400249961675142174e+01 -3.911184237624976845e+01
1.136771675762796896e+01 1.370738218758124383e+01 -6.081820650956712093e+00
5.437572858306236157e+01 -4.262388347150292134e+01 -6.208577360733340811e+01
5.430252425993806753e+01 -4.956609976177908550e+01 -7.488662437267896621e+01
7.648678624438112195e+01 1.075530212137359065e+01 -8.221682376018573279e+01
6.293923911899932477e+01 -3.295302017109479920e+01 -7.043890530345443324e+01
7.262670232552804350e+01 5.504446333610821540e+01 -7.012870387581854459e+01
2.716243994929546091e+01 -6.497295419222511725e+01 -4.254091637194289888e+01
2.530451568851832089e+00 -4.605602651625321009e+00 -1.289226006207973185e+01
2.473925237224579377e+01 1.229379200712097564e+01 -2.940783161121428435e+01
6.966186299389391934e+01 4.071725912060505692e+01 -6.095934224631215415e+01
4.059644176002512239e+01 4.174149764584472422e+01 -3.880770943675661044e+01
3.483705832557495796e+01 4.111780535010716164e+01 -3.718653251493176981e+01
2.426759461239903004e+01 -3.361631997317760323e+01 -3.302816163261422133e+01
6.795704440050138828e+01 -2.685442054772303688e+00 -6.038983039817463805e+01
1.504286760854699878e+01 -7.406113032696562470e+01 -4.490463154668561430e+01
3.500635050670807402e+01 -6.463044233017426166e+01 -5.769805684776733301e+01
4.386580401214884262e+01 -5.856922707101080761e+01 -6.513270637406576213e+01
2.921864308782719277e+01 4.148172638289296543e+01 -3.689013716816369026e+01
2.398526430358672101e+01 4.264532267283173184e+01 -3.774515373038126143e+01
2.065516013361812853e+01 4.336421844018889260e+01 -3.912406570446167819e+01
6.677222590816042214e+01 5.353546249230755194e+01 -5.416858947657870971e+01
2.466736427304227419e+01 4.829252521021977174e+01 -3.636882496032919221e+01
3.041868634618369782e+01 4.986365033565600413e+01 -3.525943292871036761e+01
3.620583571889933694e+01 5.012560660138512958e+01 -3.569652779946081722e+01
4.207432535399280482e+01 4.911851269032622014e+01 -3.734685289983161738e+01
4.578310209658538099e+01 4.754759767150378735e+01 -3.948233649137504386e+01
7.693528948222548536e+01 5.827748510559604966e+01 -8.861785011232505838e+01
4.454654881731121208e+01 4.279392752519627408e+01 -4.092658958108301448e+01
2.085852083030669135e+01 -1.535250984245446126e+01 -2.511019118600917466e+01
1.496993721944686051e+01 -7.088548244528499742e-01 -1.709703150356964585e+01
8.656130786039712532e+00 -1.309143776270662229e+01 -1.924547424415985120e+01
4.520329748641491108e+01 -5.150576809128305911e+01 -5.591131743875764926e+01
3.651846927854565905e+01 -5.827695924586432596e+01 -4.963070314932209470e+01
1.546419774362581201e+01 -7.001711927964828419e+01 -3.624091786571658957e+01
6.244919303317023207e+01 -3.902481855909895359e+01 -8.733608733941660773e+01
2.076751918201438230e+01 4.575948056300847355e+01 -3.800117578061237822e+01
1.062040891384311436e+01 2.739292346599927086e+01 -1.783333869812406647e+01
2.576519325698627938e+01 -7.006073081216148069e+01 -4.995378191667875001e+01
7.418805793297075013e+01 -4.878418790343813427e+00 -8.168291531698407937e+01
1.255879819436493250e+01 -3.146750753828221292e+01 -2.653460004123742877e+01
1.355321969112984171e+01 -3.316727513632672952e+01 -2.539124208500105695e+01
1.462147761878894947e+01 -3.588975862387960092e+01 -2.431895482806627129e+01
1.555046749880646395e+01 -3.948124203783586239e+01 -2.536738812008924526e+01
1.795215114908327791e+01 -4.555398141595739503e+01 -3.086518008929581569e+01
2.066655940351911269e+01 -3.072816699820835851e+01 -3.172571261136288712e+01
2.255618739585963795e+01 -3.030402009829152377e+01 -3.165627131623817903e+01
2.448810204228668397e+01 -2.931489681778182188e+01 -3.156110184326598755e+01
3.174622922509053424e+01 -2.463246296627199428e+01 -3.289180582254842022e+01
5.855313733262144638e+01 -7.077986792284183259e+00 -4.683271515395401963e+01
1.062251272479063324e+01 3.486328742259534152e+01 -2.384882807767764135e+01
1.391550171157077465e+01 4.923071356239554319e+01 -3.437747649032927910e+01
1.782357901596976646e+01 4.786972069620490799e+01 -3.683588634313557009e+01
1.931887308805192305e+01 -2.980693268199902590e+01 -3.234640318304613515e+01
5.927442989350792146e+01 -2.361229285291505775e+01 -5.729007283903463588e+01
8.326313010623083599e+00 4.973723944010561127e+01 -2.611257830246287526e+01
2.210857720706906449e+01 -5.204051379021186818e+01 -3.494708369724816066e+01
6.000905294112664379e+00 3.112447758606513304e+01 -1.327366666806227080e+01
1.479167792247354463e+01 1.592981691101663344e+01 -1.824881154981667564e+01
1.192567337473575861e+01 -5.565519966543598684e+01 -3.150402876641842909e+01
3.684167752534916218e+01 -3.988039541924823794e+01 -4.090534081146993373e+01
2.774836789056481123e+01 -3.076068582608573188e+00 -3.103736372866650584e+01
3.021096665274626147e+01 -4.690677985597718447e+01 -3.814143562992293113e+01
4.379737106708977734e+01 -1.475916982855112636e+00 -3.366561384569284598e+01
3.422078558571068641e+01 -9.906869695926543429e+00 -3.214580686473608750e+01
4.928981708412452889e+01 -1.273233129863753987e+01 -3.901804614501129009e+01
1.436194928217479294e+01 -6.366025815100224605e+01 -3.237882217577567445e+01
1.844555395380673346e+01 1.180160506471344384e+01 -2.315035795305764665e+01
4.282759318468273335e+01 -4.448173877029172729e+01 -4.771461011439372868e+01
3.440683993196525847e+01 -5.193978312097902972e+01 -4.380488129987843138e+01
4.195476869272953735e+01 -3.140639626212235669e+01 -4.139792506199976430e+01
6.590928135278103639e+01 -1.463441549233238703e+01 -6.309985508748619765e+01
5.067161305838563834e+01 -3.180682656424674093e+01 -4.822938465508279648e+01
7.037382252165193108e+01 -1.938903841723538335e+01 -7.917327277475222047e+01
3.936024090402146669e+01 -1.912797336857683916e+01 -3.539669981619150008e+01
1.463098856054540953e+01 2.261653864795047042e+01 -2.264810606984432795e+01
1.377104336120432926e+01 1.627818649796852091e+00 -8.949773496854186661e+00
1.757014284699172890e+01 -2.527985000758664613e-01 -1.630380811668507945e+01
1.146572480199434096e+01 6.369949364192392771e+00 -4.237163813143383528e+00
1.931847739970744371e+01 5.587210306642496960e+01 -3.202334129537502605e+01
3.003113170933061582e+01 5.975002675797592389e+01 -3.093124754404474785e+01
3.922348855651252109e+01 6.025905300152108168e+01 -3.152920935130350344e+01
4.690713391150251255e+01 5.891034766484835217e+01 -3.432300085775280962e+01
5.233148743823448967e+01 5.577155199448591105e+01 -3.853151779809731181e+01
5.692526291428124807e+01 4.358752426099110977e+01 -4.905253224627079334e+01
7.751651691261541544e+01 2.598280146694826698e+01 -8.012934243660831157e+01
5.200009216003006429e+01 3.323461803827641603e+01 -4.396795820713224856e+01
4.515756686439900136e+01 3.101381751913282159e+01 -4.012124653061905377e+01
3.610184019032547553e+01 3.110570401889167513e+01 -3.737165446348664233e+01
2.750188152752766868e+01 3.282913445336254910e+01 -3.589670571560310464e+01
2.098532731548769092e+01 3.522930709940028748e+01 -3.587567224503535357e+01
1.654538183367528958e+01 3.760706985814855585e+01 -3.525068796972188778e+01
7.758747316443727016e+01 2.653893718189462092e+01 -1.057809502321451021e+02
1.726468205621745255e+01 -2.164887663365447690e+00 -1.967973125688260438e+01
1.055881631287278211e+01 2.077127730854357424e+01 -1.286666146087408791e+01
9.664288126626374265e+00 1.301149094291450981e+00 -3.787836592498073252e+00
6.126397778153755524e+00 -2.021820119341352751e+00 -6.600381361884103626e+00
9.486324385911732548e+00 2.675068928971173765e-01 -7.047032975156831469e+00
1.546261910811752394e+01 -4.312164953757202213e+00 -2.195556854055081786e+01
5.126146838471517420e+00 -2.748547115531585927e+00 -4.892509065589022654e+00
4.450069864713492862e+00 -4.147216194434898640e+00 -1.279988223672326875e+01
1.665776267393122012e+01 4.346627402962406705e+01 -3.824398745052247506e+01
1.297473117039838009e+01 4.158635265744533172e+01 -3.434080095359836804e+01
1.101551324883258154e+01 4.019454313689936242e+01 -2.998620660694673745e+01
4.803117389256286174e+01 4.642570112815641181e+01 -4.186240846629761592e+01
5.132561659570482959e+01 4.930817455242421232e+01 -4.215216571639737708e+01
