-1.343502269233980972e-01 -2.185874436712856905e+01 -1.691673798269959761e+01
0.000000000000000000e+00 0.000000000000000000e+00 0.000000000000000000e+00
-1.059717343045229604e-01 -6.628558284238497578e+00 -1.676185876117880014e+01
-5.272626287306903414e+00 2.421302274055852521e+01 -7.550525762848819156e+00
3.009652978564515344e-02 7.294732062365797631e+00 2.538070779142375333e+00
1.413489112546335025e-01 1.711593858167147886e+01 3.572201169090623574e-01
4.387203615426047976e-01 4.124015664150932992e+01 -1.602461244371618676e+01
-4.689279830496140278e+01 4.440842804890709772e+01 -4.081268411568677124e+01
4.784099119792832311e-01 6.160803841293891736e+01 -1.968008247863619431e+01
5.504933174961031961e-01 7.189212038513592518e+01 -1.776088491315773865e+01
6.815657498186521446e-01 1.056213454887938923e+02 -2.230375341440281645e+01
-1.416257642227529701e-01 -2.520842421371444075e+01 -1.793217358759011049e+01
-1.002438648694951445e-01 -2.759106039494025353e+01 -2.034365807669995618e+01
-8.765306807271989326e-03 -2.850052199318001911e+01 -2.334701583509102107e+01
9.354008258886484239e-02 -2.973623457430411676e+01 -2.389104189944713141e+01
8.740142728220617885e-02 -3.254901381521225545e+01 -2.306176585365361476e+01
1.226212616436898328e-01 -3.612649126414501666e+01 -2.194935822895090993e+01
1.618613245922014277e-01 -3.977301065381336542e+01 -2.307635658836090187e+01
2.256454872291699665e-01 -4.553100018272654381e+01 -2.957685826762237014e+01
8.207122966102202433e-03 -3.571959180870422301e+00 -3.454164263535924206e+00
-5.538833713113714197e+00 -2.798358569383788907e+00 -1.227825341482460253e+01
-7.066280197921692263e+01 7.384697522703254435e+01 -7.049276649782322579e+01
-2.748778762276366194e+01 3.736538876715211188e+01 -3.419846527862307539e+01
-3.411271606062001638e+01 3.691793106156266191e+01 -3.483442067503366246e+01
-4.044470465967559392e+01 3.749095767790394262e+01 -3.676899017858782770e+01
-4.895705545228416611e+01 4.207699573751615674e+01 -4.216432009263376557e+01
-2.206644845605966410e+01 3.917855780769228602e+01 -3.501860039830808091e+01
-3.638254051234439146e+01 5.672530736348491587e+01 -3.123910982906205547e+01
-2.935884787516539873e+01 5.594395575127332165e+01 -3.103774054797934312e+01
-4.301982311021463090e+01 5.584447293947856394e+01 -3.363439896376908678e+01
-4.748108190368620285e+01 5.339946449367057113e+01 -3.634688260950204608e+01
-5.406233204659277192e+01 3.760626748519343465e+01 -4.577345196094332636e+01
-2.281833218903279814e+01 -5.514176107679817562e+01 -3.785788453246904339e+01
-4.923597113060215236e+01 4.646877820188421282e+01 -4.295348287451204072e+01
-7.270580071496446806e+01 4.294974579466511955e+01 -7.481317505041505456e+01
-6.123354303609935556e+01 4.345913285060953513e+01 -5.221114661165272963e+01
-3.184115195010791766e+01 7.879996254980246917e+00 -2.966280510108389379e+01
-7.672527537770828410e+00 -2.073103668396953481e+01 -1.777373073112136836e+01
-6.485845742550183424e+00 -2.735168909621362587e+01 -2.130461979490785396e+01
-1.533163062196840620e+01 -2.259195319886977416e+01 -2.169238483989132504e+01
-2.018295963005932592e+01 -2.491005181841460114e+01 -2.634116468469034444e+01
-1.194345749539501433e+01 -2.755328535295031145e+01 -2.377129960135732745e+01
-1.629981438525951276e+01 -2.795929332557170710e+01 -2.804610083363111173e+01
-2.790607642184126291e+01 -3.433315072730903239e+01 -3.664409739276518252e+01
-5.148253220653147721e+00 2.552694668300742875e-01 -4.838611005468161363e-01
-6.033289357201848446e+00 7.245256935182436742e+00 1.824712883914871631e+00
-5.785684426189057916e+01 6.268501555626348676e+01 -3.855358759936613211e+01
-1.891086040701501503e+01 2.557577077465287019e+01 -2.813521897475109057e+01
-1.907589537073139851e+01 2.721299876225976799e+00 -1.621100835546762653e+01
-1.955852095037514005e+01 6.680842245546416258e+00 -1.795163109869568174e+01
-5.137521461334988970e+01 9.327025470419870956e+00 -3.822371511001846756e+01
-5.697032205227108292e+00 1.637353421881598337e+01 -1.688884678390353500e+00
-4.311186577400339104e+01 7.033241746919654247e+01 -2.692975641494001948e+01
-5.180624225870737121e+01 6.795145325251962731e+01 -3.239569865773973589e+01
-6.457515309223698807e+01 8.628314212818597184e+01 -5.676051404830840852e+01
-1.437817937847615468e+01 6.362229855792866573e+01 -2.133933351352688845e+01
-2.325190465815940044e+01 5.327264560931107695e+01 -3.295435851440762320e+01
-3.285893649860625487e+01 -2.807611938916814509e+01 -3.791647652822443604e+01
-6.327583965241733921e+01 -2.081084742969249390e+01 -9.652533414571141179e+01
-1.447375908551166646e+01 -1.197327940504823385e+00 -1.874949771812011790e+01
-9.463956098564302977e+00 -3.398173739591671350e+00 -1.848007137568006897e+01
-2.560800936030057073e+01 -2.825645470496220923e+01 -3.709716109618392466e+01
-2.274343415988990103e+01 -2.785163695135211270e+01 -3.516371069738030997e+01
-5.567688250136917105e+01 7.313090361080466550e+01 -3.505456189053759175e+01
-1.913036562544871089e+01 -1.894895470284669314e-01 -1.994759190819694794e+01
-3.112812252517632672e+01 6.956544206988235146e+01 -2.299408194073389211e+01
-3.239188615287216777e+01 7.563406134236049638e+01 -2.127142491664936585e+01
-3.820815918812846235e+01 1.022133796133319379e+02 -3.052987916185228912e+01
-6.018848992580606705e+01 7.971564395233335176e+01 -4.405517678264847348e+01
-3.466263363559608734e+01 8.889243431371170345e+01 -2.536082450296243351e+01
-6.201348484108920900e+01 6.622687061547625831e+01 -4.384085504002387523e+01
-6.645258777649243598e+01 6.949717443346466439e+01 -5.602836678576519347e+01
-7.215639312735330435e+00 -2.462854209951445483e+01 -1.874195786724753887e+01
-1.347699459735367356e+01 -2.569433981256088728e+01 -2.240251447333674051e+01
-1.822410004472151357e+01 -2.659790446135916397e+01 -2.661390218889575721e+01
-1.290637293970661403e+01 -2.452588244761769509e+00 -2.035206377202912975e+01
-2.410527447855804795e+01 -2.814173746563502121e+01 -3.608735572685826298e+01
-2.148033755240665243e+01 -2.944282909762253908e+01 -3.213144567548406627e+01
-2.214789844192087997e+01 -2.741958619220820736e+01 -3.501822864198980056e+01
-1.144607691338866395e+01 8.065827485836305488e-01 -9.874179205879627830e+00
-1.497996165650111422e+01 -2.747205784159121222e+01 -2.912296612339097734e+01
-1.059861497454306978e+01 -2.774731753034225790e+01 -2.634975425583293074e+01
-5.618687955711724413e+00 -2.815658644858993043e+01 -2.413609999587772137e+01
-7.866850467720039042e+00 -4.536532022557375399e+01 -2.978037348072898283e+01
-7.417694672042363102e+00 -3.911796575308939339e+01 -2.345429266233474053e+01
-7.145918289088978526e+00 -3.521432161487405210e+01 -2.251056255866164335e+01
-6.699275223178029925e+00 -3.181632735108091836e+01 -2.375422469247410362e+01
-6.129686543347379057e+00 -2.945012939570274568e+01 -2.468220869792698480e+01
-1.606949728586724291e+01 -2.855751051362280890e+01 -2.944019126287366106e+01
-1.694821383401176718e+01 -2.937819657345968594e+01 -2.837067175669190533e+01
-1.823691367732600455e+01 -3.112328550700328478e+01 -2.746560713795789255e+01
-1.945593509637115659e+01 -3.337363142868196775e+01 -2.868012862708743071e+01
-2.593270384741847678e+01 -1.722497798904553790e+01 -2.809739358086448036e+01
-7.159685054952009864e+01 1.333756077414678209e+01 -1.040850946144365423e+02
-1.364469924085962294e-01 -4.767488815241346600e+00 -1.213760601666843542e+01
-1.888500643776744425e+01 -2.828818816130235803e+01 -3.266022432723605107e+01
-2.007027433697321328e+01 -2.862206491393443031e+01 -3.198978919814271293e+01
-7.516404989180673013e+00 -6.507901847063798151e+00 -1.841343492573758311e+01
-1.708743475569450609e+01 -4.308689532282000911e+00 -2.477595322015774215e+01
-8.445258345114192267e+00 -5.043589853976188309e+00 -1.835365844054971518e+01
-2.567051300521867319e+01 2.156545386076082593e+01 -3.061269653462177942e+01
-3.648692853893638244e+01 1.705850341504589096e+01 -3.288879338960751397e+01
-2.049021129236104244e+01 3.741644103550387346e+00 -2.179192855234579795e+01
-5.438189131950085908e+01 9.595946954032578446e+01 -4.257440516126196428e+01
-5.025366617874478692e+01 8.658065091129527957e+01 -3.397975097195141814e+01
-4.569441617404155664e+01 7.638092127227878336e+01 -2.746045328496168736e+01
-2.270665977001225500e+01 -3.867649418407889783e+01 -3.368641117046703926e+01
-1.647864071216562110e+01 7.345997061049914123e+01 -1.824306037278248738e+01
-1.821186864864459309e+01 8.862523439283960158e+01 -2.045857251050667003e+01
-2.039036224600778269e+01 1.049797672595860121e+02 -2.358688208181365198e+01
-4.589611124140852638e+01 3.913410748396835714e+01 -3.963226914565058223e+01
-6.084900096245605283e+01 3.270014206490024833e+01 -4.955267119686364197e+01
-1.862436603169854976e+01 4.108902280433964194e+01 -3.580468429623006443e+01
-5.451894795630833812e+01 5.197525469143668886e+01 -4.221571286406759782e+01
-1.449970353377023180e+01 3.015916540994639305e+01 -2.566325055810254341e+01
-1.555223915713544613e+01 5.134928090936272227e+00 -9.776007020591757524e+00
-6.747074840821680652e+01 2.838831827751552339e+01 -5.731407845692508829e+01
-5.646636999293731662e+01 2.711010706574346685e+01 -4.384824591769702806e+01
-4.802827334581817809e+01 2.398892458394567129e+01 -3.781878539153196073e+01
-3.545212653613146614e+01 2.490320094651318783e+01 -3.508406694400330395e+01
-2.619944545776832356e+01 2.772488359995902840e+01 -3.340073825623422721e+01
-1.942613402067233963e+01 3.099531672059173104e+01 -3.151754437298972533e+01
-5.826582992228163782e+00 3.947121958059702251e+01 -1.854773166466191725e+01
-6.608191288245889439e+01 1.328654016226582080e+01 -5.630518459859008118e+01
-5.992829033154387020e+01 5.376097860277209861e+01 -4.535262780119393256e+01
-3.035621736723032260e+00 -3.191870369390143125e+00 -3.824896043931696354e+00
-1.805453853052637925e+01 1.829525807148500149e+01 -2.565118403563215566e+01
-7.453973448572132554e+01 4.443702279080496709e+01 -9.693647652403441839e+01
-1.446152037707066107e+01 3.483617977551328693e+01 -3.038055260909225908e+01
-2.121851088011514008e+01 3.541746360929532766e+00 -2.808046881893487878e+01
-5.112989792307739378e+01 4.640469166146833402e+01 -4.437013318126778216e+01
-1.579702102658496798e+01 9.920411575691819195e+00 -1.198149676932415097e+01
-6.856737663613282052e+01 -3.425056135473121710e+00 -1.021478784653938021e+02
-1.871635754362523230e+01 4.385314235142666206e+01 -3.719735326090269467e+01
-1.098015359817197023e+01 1.393413826968411229e+01 -5.641832006130951704e+00
-4.929048281578235446e+01 -3.883487065426001550e+01 -6.142425267186121118e+01
-4.854744633328578374e+01 -4.522832261207813787e+01 -7.426150668709487945e+01
-7.170126660824146825e+01 1.302814495592309108e+01 -8.008800648737980055e+01
-5.751430522407341073e+01 -2.939756900225383518e+01 -6.942637214970568493e+01
-6.987824736506668444e+01 5.717004512909584690e+01 -6.723615269976500031e+01
-2.385083410007882421e+01 -6.100664355277151429e+01 -4.237180903534565601e+01
-2.506567968525294621e+00 -4.444855376471160469e+00 -1.253326354774693030e+01
-2.377050729173872412e+01 1.323817982900440704e+01 -2.816189649119431238e+01
-6.667778714460641254e+01 4.245837020370290560e+01 -5.879655586404463463e+01
-4.021765738869882512e+01 4.162317247243120022e+01 -3.690945048248331517e+01
-3.440074301627804232e+01 4.080329266004598310e+01 -3.534216697895982406e+01
-2.307760084454697491e+01 -3.074394900364683281e+01 -3.329625086595252270e+01
-6.408497253077051425e+01 -4.845084275317548816e-01 -5.910660985033199921e+01
-1.255987869572855864e+01 -6.961398915121088748e+01 -4.496655145155833111e+01
-3.076738047058503511e+01 -6.016958464584755006e+01 -5.744080079685379303e+01
-3.877865620776308475e+01 -5.412011675408434286e+01 -6.469613755992206450e+01
6.286293572250171158e-01 8.819005478006481269e+01 -1.922617579409032729e+01
2.421943462602994535e-01 -7.118371945042596849e+01 -4.313192947248010256e+01
-2.878535408965469600e+01 4.113630819562419560e+01 -3.507868712443082160e+01
-2.358921272554689708e+01 4.231266329072732191e+01 -3.593630622102006811e+01
-2.029639655944085419e+01 4.311146077059368764e+01 -3.727579914280909179e+01
-6.469187709334615022e+01 5.562139145177475541e+01 -5.189839372175318744e+01
-2.420408376672104822e+01 4.865402251798839472e+01 -3.439557328167931871e+01
-2.987395712260026315e+01 5.061826360491907906e+01 -3.337957222085419318e+01
-3.573293354681292300e+01 5.113515274413986589e+01 -3.369549925160356452e+01
-4.167824020914318339e+01 5.028662463188906173e+01 -3.543423719931963944e+01
-4.540405837016611201e+01 4.868358466382768768e+01 -3.758816059523691422e+01
-7.391297295348347518e+01 6.064918071392607857e+01 -8.514256194277569989e+01
-4.416141965221298449e+01 4.295605408727406171e+01 -3.903884721450846484e+01
-1.053119883849280014e-01 -1.132039623714494070e+01 -1.834217090996665434e+01
-2.022377969606067794e+01 -1.373152385374001838e+01 -2.470927936368439859e+01
-1.463973840928036019e+01 -2.224935235533462563e-01 -1.629173866696351425e+01
-8.434889746517340470e+00 -1.192531725560826672e+01 -1.890558677143896560e+01
5.519193530011887727e-01 5.150573592971169745e+01 -2.016754794812556995e+01
-4.064807031891172784e+01 -4.758249487766305919e+01 -5.552606937959090772e+01
-3.245817632056341040e+01 -5.422116359231215910e+01 -4.932650227029741785e+01
-1.305571319647749462e+01 -6.615775307231393754e+01 -3.636654569491922473e+01
-5.642422142045516154e+01 -3.490156282209849081e+01 -8.629457182139461224e+01
-2.038054111845061200e+01 4.578907856724540437e+01 -3.611862648996763880e+01
-1.014676108971353052e+01 2.778534279347401892e+01 -1.684740445542666976e+01
3.292506376076006491e-01 -6.744232466137465565e+01 -3.482604251861777556e+01
-2.230446341031826307e+01 -6.560762714433731446e+01 -4.993744994104181245e+01
-6.883919753052443014e+01 -2.198632533028636260e+00 -7.989296501605448952e+01
-1.158847060535043560e+01 -2.893247408369329321e+01 -2.682925757629479335e+01
-1.250369261649662178e+01 -3.057259462125929872e+01 -2.568073342141732951e+01
-1.337875690036567811e+01 -3.322351794968883354e+01 -2.461272977608038204e+01
-1.408699252736634477e+01 -3.671973357149562389e+01 -2.559135297119780716e+01
-1.601575769083108014e+01 -4.251444453376736732e+01 -3.091965182376421950e+01
-2.011302619919271351e+01 -2.800550342753362187e+01 -3.187466860507199939e+01
-2.203076797550387766e+01 -2.753409067655943332e+01 -3.188583669527882947e+01
-2.385910962133068125e+01 -2.655355284011779204e+01 -3.173299682847609660e+01
-3.059050468979832971e+01 -2.222279471405792250e+01 -3.274613642474501063e+01
-5.560828658996046414e+01 -5.092636817633161783e+00 -4.582969236053521911e+01
-1.011352036792905551e+01 3.526220749944454269e+01 -2.254654486954466108e+01
-1.378431280787104640e+01 4.955526511901749842e+01 -3.224889974180421603e+01
-1.761561011207180627e+01 4.801325108171258904e+01 -3.488097800314692876e+01
-1.875815245007951404e+01 -2.711357110672478399e+01 -3.253285943687287585e+01
-5.531927496820999579e+01 -2.080695355374159305e+01 -5.632187128333630710e+01
-8.077297161458378838e+00 5.025224173170379061e+01 -2.428239682317544990e+01
-1.970062995814087969e+01 -4.885857464244271142e+01 -3.472451820862533367e+01
2.886366812044254826e-01 2.525973040575896889e+01 -5.288457677112098132e+00
-5.687033807250500672e+00 3.139169252459137383e+01 -1.231477841521621031e+01
3.521430134273865753e-01 3.287227062116976839e+01 -1.077507944394935357e+01
-1.429928157148459533e+01 1.643529004460188148e+01 -1.734739766167058761e+01
3.301992568991323207e-01 -6.125261853002765378e+01 -3.071878241382587760e+01
2.738973929853168454e-01 -5.299430277128516309e+01 -3.019420419135543199e+01
-1.006408882350689282e+01 -5.256623479853652725e+01 -3.137527648226776478e+01
-3.407962161188810057e+01 -3.677771742629558105e+01 -4.068359051503823309e+01
-2.679739421314940628e+01 -1.761521015934895296e+00 -2.992190055606681653e+01
-2.745804773103326468e+01 -4.368593181954167193e+01 -3.792922122388923611e+01
-4.200822989116939254e+01 -1.137241267010995725e-02 -3.261619420537377323e+01
-3.293031176121308334e+01 -8.315841829268952878e+00 -3.130024369523077965e+01
-4.694707648664866895e+01 -1.077592003284962452e+01 -3.809384747741255950e+01
-1.222673854358122014e+01 -6.036644114626385971e+01 -3.237645048497632416e+01
-1.775340245292249008e+01 1.254781611461539903e+01 -2.209190997588834904e+01
-3.919571549261389265e+01 -4.111629503579821687e+01 -4.738809181910851009e+01
-3.099357595409926347e+01 -4.839464124958874436e+01 -4.346472979099586098e+01
-3.940914645633036884e+01 -2.862535526437075717e+01 -4.107035875300355343e+01
-6.163622270358641941e+01 -1.201144709416857737e+01 -6.196047082712268406e+01
-4.712590362587286563e+01 -2.883110265691931673e+01 -4.766057910230852457e+01
-6.469599161119904807e+01 -1.630947728132666796e+01 -7.783050091194115794e+01
-3.768126701502345810e+01 -1.699702687484169417e+01 -3.477978834509234218e+01
-1.402441429151871155e+01 2.314516565685135774e+01 -2.156125222448788037e+01
-1.342424305293703490e+01 1.914508361964507577e+00 -8.505583802284760964e+00
-1.714365673912886834e+01 3.431920449709948695e-01 -1.559700619644607222e+01
-1.119045927495251469e+01 6.537278815418176237e+00 -3.923681468547020934e+00
-1.934243412081703184e+01 5.643893485148382894e+01 -2.985374637216962057e+01
-2.993435699929826654e+01 6.075002083915197915e+01 -2.885701443257038434e+01
-3.899686625586252120e+01 6.164601512498318669e+01 -2.961038369273162019e+01
-4.656856093646968731e+01 6.065930379696248309e+01 -3.252493386543839904e+01
-5.181669742397677680e+01 5.762229145412650411e+01 -3.674508617454630865e+01
-5.545304564656611035e+01 4.498425696620515168e+01 -4.723255931078601577e+01
-7.317199482344777550e+01 2.803570302805110614e+01 -7.779843588730176407e+01
-5.050115872589809385e+01 3.418055016705798721e+01 -4.242113897764427577e+01
-4.375112231682071950e+01 3.172837586972792678e+01 -3.857013127102230499e+01
-3.501465567617245966e+01 3.148279524719375644e+01 -3.591299901647121118e+01
-2.672769198915629829e+01 3.298760461917835585e+01 -3.432353601113886299e+01
-2.039673042322005614e+01 3.534489539116452050e+01 -3.420978742540356876e+01
-1.610135564904723893e+01 3.774478009439108916e+01 -3.357452180656149210e+01
-7.317710257589310174e+01 2.905242766568007440e+01 -1.026872819025683299e+02
-1.686783805999444752e+01 -1.348313186183013546e+00 -1.888773445388212835e+01
-1.018025561505909415e+01 2.103461671683491119e+01 -1.212760335908514975e+01
-9.365090793581044792e+00 1.405096851674476177e+00 -3.543882553781957157e+00
-5.866020337985937694e+00 -1.862764802515521678e+00 -6.342494638857059996e+00
-9.197177132191853843e+00 4.456788742704998474e-01 -6.742762696643718634e+00
-1.510043647806332956e+01 -3.390991133903991539e+00 -2.116502751579652752e+01
-4.838302482242626823e+00 -2.629819524828666211e+00 -4.708972424860764505e+00
-4.320756126296807942e+00 -3.909459229336553321e+00 -1.239709520910306573e+01
-1.638987661744232582e+01 4.340928498130929825e+01 -3.628628641585738990e+01
-1.266892304034379357e+01 4.178683445221088988e+01 -3.254543423301366545e+01
-1.065199097581654719e+01 4.054302162160291800e+01 -2.836893019670907989e+01
-4.754723094630377034e+01 4.746201247981424842e+01 -3.991047762060345150e+01
-5.077231608217375936e+01 5.073627392792175073e+01 -4.023356157088097262e+01
5.812906196097533673e+00 2.418466057458834584e+01 -7.469883046850944730e+00
4.848314283140717151e+01 4.439316417388850766e+01 -4.078905877055708373e+01
5.425727625198737414e+00 -2.967685089473873994e+00 -1.236961639097544818e+01
7.398336697589560629e+01 7.434778911843699234e+01 -7.047254520955829094e+01
2.903505819111237685e+01 3.742821346018551765e+01 -3.395498620542382895e+01
3.579213948799668543e+01 3.698240639116981043e+01 -3.468434286440472647e+01
4.221540304200211580e+01 3.754304230055397085e+01 -3.663878590183516337e+01
5.082260751946483168e+01 4.206265235791747870e+01 -4.211923070120552381e+01
2.333239270041805113e+01 3.922238389719692719e+01 -3.487930650343546546e+01
3.816888788601139026e+01 5.699171536149155060e+01 -3.106849091028922061e+01
3.092489145774874970e+01 5.624064080825898770e+01 -3.105969422769471677e+01
4.483616688465970412e+01 5.601962493989294956e+01 -3.353152725192929040e+01
4.936286953139968148e+01 5.350895877273953261e+01 -3.629523494143041518e+01
5.611303871077664240e+01 3.759740099420728399e+01 -4.577853127427363233e+01
2.389610541693824786e+01 -5.587221587676953760e+01 -3.810185658484092386e+01
5.085319050588938694e+01 4.646877820188421282e+01 -4.295348287451204072e+01
7.579142736522413770e+01 4.313002094220325233e+01 -7.477641334187272548e+01
6.365856692359564306e+01 4.351548753383952572e+01 -5.225621875930532667e+01
3.296870194797468656e+01 7.663634404308894865e+00 -2.984240039693776581e+01
7.574788971150113071e+00 -2.089406535380956242e+01 -1.771896431371131087e+01
6.520771749798361938e+00 -2.750395597917126622e+01 -2.124226240173735292e+01
1.554482708666254887e+01 -2.304334289571493599e+01 -2.158005726128923030e+01
2.070511112446074620e+01 -2.543346017480184429e+01 -2.616567284420893102e+01
1.227820152207217141e+01 -2.791841473292166498e+01 -2.355122221724075615e+01
1.680737544824849650e+01 -2.834877907021267873e+01 -2.779475939540953888e+01
2.905778750672029886e+01 -3.501196630559446277e+01 -3.667836443387867718e+01
5.254628831187859284e+00 1.927698401844684661e-01 -6.228378320794459855e-01
6.232881717829095614e+00 7.215606893167552549e+00 1.690779457839611366e+00
6.026833038328729941e+01 6.286425313879210108e+01 -3.867129742649417068e+01
2.003349725884011434e+01 2.551283537903755416e+01 -2.812068761986553156e+01
1.957822803132001610e+01 2.334757405662501117e+00 -1.637133641549233687e+01
2.023461786915673244e+01 6.335753865980646715e+00 -1.810258391999137828e+01
5.328035592565863254e+01 9.085261812174143969e+00 -3.831736546193135240e+01
6.057991867485409188e+00 1.634785694499424125e+01 -1.663320592713351864e+00
4.490709243888917968e+01 7.076131589785028098e+01 -2.748666586925609323e+01
5.391626883756379840e+01 6.823519564193937015e+01 -3.277928971549065551e+01
6.770296772638297966e+01 8.687543298334107078e+01 -5.682227719833558410e+01
1.543446894335462005e+01 6.386984061167551374e+01 -2.165111345617307137e+01
2.461723318610636113e+01 5.351658292053988220e+01 -3.291440789809918499e+01
3.395739403004162682e+01 -2.875192005424698749e+01 -3.787884518716391113e+01
6.563477809320038148e+01 -2.172463783915818780e+01 -9.639821874311537897e+01
1.468895182130050792e+01 -1.629054593142755358e+00 -1.888044594716874514e+01
9.491785505907939680e+00 -3.714044015010492306e+00 -1.873515060388307418e+01
2.652056648544806450e+01 -2.887969031277802401e+01 -3.678929556865152506e+01
2.376232681086858634e+01 -2.836580227988737235e+01 -3.488171353630303173e+01
5.799731913105431147e+01 7.345239428462974729e+01 -3.546176882021233467e+01
1.966453027389675867e+01 -6.712041960011331243e-01 -2.012350552416727112e+01
3.250340822224416115e+01 6.998241540373270198e+01 -2.352309803300041580e+01
3.384776686277054125e+01 7.608152755684932345e+01 -2.186804010255406894e+01
4.017708026274315358e+01 1.027146743505483499e+02 -3.069574625425929426e+01
6.298357269839072359e+01 8.017763445613657325e+01 -4.435404198247113783e+01
3.633439543236225688e+01 8.939153799424768465e+01 -2.569398631272280298e+01
6.463107595597239197e+01 6.645162822175861095e+01 -4.401005474357304337e+01
6.946526499590433446e+01 6.986982500016451070e+01 -5.611550038277483310e+01
7.182683964233627094e+00 -2.483888162713066805e+01 -1.871770691660133679e+01
1.369361797198357422e+01 -2.611867700549191795e+01 -2.221267028312731284e+01
1.874076170317183099e+01 -2.702728029993717485e+01 -2.641947524080258347e+01
1.301944246497859048e+01 -2.858928743823461627e+00 -2.056368539186751931e+01
2.500101246594674009e+01 -2.871488734105121310e+01 -3.577715345077746889e+01
2.250602548299492156e+01 -2.994711751556387114e+01 -3.195343887597501720e+01
2.317510646037879596e+01 -2.797002462054476624e+01 -3.474493595177640515e+01
1.169237814055610869e+01 5.333635817720724370e-01 -9.845579103102465979e+00
1.566585504732586998e+01 -2.778335089253057433e+01 -2.882118165155562295e+01
1.103146106778699220e+01 -2.801986024727042235e+01 -2.612643868502685862e+01
5.781948544986023286e+00 -2.828873891506491844e+01 -2.399477515059035326e+01
8.514705856587390542e+00 -4.555499812781383184e+01 -2.989718162974136462e+01
7.951330077568774968e+00 -3.935716891246738669e+01 -2.344638410017989116e+01
7.569440611926342655e+00 -3.541137325865545904e+01 -2.249498550024543064e+01
7.039288842232524601e+00 -3.200516235010452704e+01 -2.365740721683811287e+01
6.492089394536583846e+00 -2.965047120135246672e+01 -2.456062346849664024e+01
1.698108237304513679e+01 -2.892323705760998465e+01 -2.927888797141558186e+01
1.787432075368031903e+01 -2.979127423227114235e+01 -2.829257016819843074e+01
1.921237045632279816e+01 -3.156367166241487254e+01 -2.742466388402914035e+01
2.039886396154598103e+01 -3.388721736154311515e+01 -2.872864206468701909e+01
2.657878662836805006e+01 -1.769020332079015390e+01 -2.813342607119948369e+01
7.387543368382010556e+01 1.310539463553880424e+01 -1.039042540553602407e+02
1.989902203542802184e+01 -2.871007487561088212e+01 -3.238393549950026085e+01
2.107467389134608027e+01 -2.911178947469599265e+01 -3.178760762833315212e+01
7.456437172972994354e+00 -6.712462378871673963e+00 -1.850180319754896985e+01
1.737151743220538691e+01 -4.778965808803572912e+00 -2.505354048757098084e+01
8.392933743228768506e+00 -5.283280629183800592e+00 -1.849431558111517049e+01
2.692215843056621694e+01 2.146645530906207711e+01 -3.058084995501869585e+01
3.789715892986504997e+01 1.691246413926428360e+01 -3.299999393558822192e+01
2.116144665488236498e+01 3.346165203456342940e+00 -2.188453626239932959e+01
5.698408360092224711e+01 9.662036008987111302e+01 -4.278234643284515215e+01
5.258118600323198422e+01 8.711220595109264764e+01 -3.438893502874910979e+01
4.759904005247503278e+01 7.686348181214603414e+01 -2.799134987511110495e+01
2.378120520541370198e+01 -3.924717662278393249e+01 -3.367876029035542729e+01
1.767308202634631442e+01 7.375298237440448190e+01 -1.867092913864192738e+01
1.953646218278884561e+01 8.885097777879290959e+01 -2.072668555280674951e+01
2.202151194399958101e+01 1.052811903447721988e+02 -2.382169604312248623e+01
4.772146540219691246e+01 3.914568067541459584e+01 -3.950854956631749104e+01
6.320159673538374534e+01 3.270682937991447403e+01 -4.963622545172027145e+01
1.965582004473302291e+01 4.111805212074531113e+01 -3.563842824740320481e+01
5.666978641465375688e+01 5.200366886265013733e+01 -4.220450954976677593e+01
1.555780529737698892e+01 3.010354364815483308e+01 -2.558517542308305437e+01
1.601248492322442729e+01 4.838695651762251693e+00 -9.899552389453511125e+00
7.004075546185836743e+01 2.831485433177956779e+01 -5.726527190671855294e+01
5.854000764136991819e+01 2.708660707535953804e+01 -4.390270486268530448e+01
4.985515457112175142e+01 2.393814161137402863e+01 -3.781956357837535876e+01
3.695050426006132938e+01 2.484912736930516886e+01 -3.500870471454039290e+01
2.753797464369367276e+01 2.769712558460219398e+01 -3.332187258811690356e+01
2.062358492052127090e+01 3.100123820956460463e+01 -3.144177579648418686e+01
6.776367948439482092e+00 3.947877832221555394e+01 -1.851996164808353385e+01
6.838514938607445970e+01 1.300844412797695782e+01 -5.619287427417442160e+01
6.244774565807111344e+01 5.388198053570882706e+01 -4.539163692627275282e+01
3.104123139590371228e+00 -3.252881055592895532e+00 -3.836671001822818283e+00
1.895224979664919474e+01 1.814527998609425907e+01 -2.553907454234492747e+01
7.736513584614696981e+01 4.469997441514192360e+01 -9.674716293666710953e+01
1.548104260779513552e+01 3.483467145068532744e+01 -3.028612851177476273e+01
2.174270807114076121e+01 3.150197962520029371e+00 -2.829797707316457078e+01
5.293053181114697736e+01 4.641368795515561629e+01 -4.435535824434327878e+01
1.645973878634097787e+01 9.688803932400288588e+00 -1.206543776571600013e+01
7.087035272345099202e+01 -4.058220130044307261e+00 -1.020302567000366878e+02
1.970819659640711663e+01 4.388894235147608214e+01 -3.692381901068570471e+01
1.155497272013539956e+01 1.384605559155419918e+01 -5.673268118092032353e+00
5.136109156852557334e+01 -3.999977076843904911e+01 -6.148746311560453393e+01
5.063651831230728817e+01 -4.651822536250278972e+01 -7.414049803096015978e+01
7.408792479195730607e+01 1.271474062984961684e+01 -7.996989950823824245e+01
5.984400302269409622e+01 -3.045990706249850177e+01 -6.948591989566178029e+01
7.288400325011080838e+01 5.750070258271968981e+01 -6.723499930432741678e+01
2.492301450383783390e+01 -6.184258243785646414e+01 -4.254918371915479725e+01
2.217271902030805819e+00 -4.507858228692585456e+00 -1.255470047176920190e+01
2.479357792504693236e+01 1.302533555610602356e+01 -2.824189608263193563e+01
6.941231650661319463e+01 4.259284949025475697e+01 -5.878998730438386389e+01
4.173481974753511992e+01 4.165980909892243034e+01 -3.685220777451837648e+01
3.590848731831948726e+01 4.090429102288680951e+01 -3.518923274004564661e+01
2.407065693793761341e+01 -3.130487135121948938e+01 -3.315589082619063532e+01
6.633300240861889563e+01 -1.022656015202405122e+00 -5.909621439434278756e+01
1.315197767444041865e+01 -7.009258303756158170e+01 -4.498778569760966661e+01
3.204267689565269706e+01 -6.135370159491383646e+01 -5.736505679696135473e+01
4.050816909871794991e+01 -5.545708277884371284e+01 -6.463281403568223027e+01
3.018385919195425515e+01 4.124742093943806509e+01 -3.486862022927348193e+01
2.481884080469995624e+01 4.241193887350586067e+01 -3.568001857242396113e+01
2.138558591943045784e+01 4.315224560582742441e+01 -3.696390733407582019e+01
6.747370231475156288e+01 5.587098519705767075e+01 -5.196399962232001712e+01
2.565197009997186939e+01 4.874928540934248389e+01 -3.413393924435899152e+01
3.154394740986133172e+01 5.075550985228023393e+01 -3.322136263393925049e+01
3.737057246806063660e+01 5.121904883727835056e+01 -3.363707778717149210e+01
4.327419891894960102e+01 5.030669961863463158e+01 -3.538436518767612426e+01
4.698948831351405886e+01 4.868622475260209370e+01 -3.759548569296931220e+01
7.693879633843600629e+01 6.111244818598188289e+01 -8.506411125838721432e+01
4.571740660401532352e+01 4.298307013648219765e+01 -3.898852298383437898e+01
2.063817042825898795e+01 -1.414186308221132471e+01 -2.480067862206903939e+01
1.489536690799786633e+01 -5.886268490349950699e-01 -1.651720726600220601e+01
8.402187025478431437e+00 -1.210940788264244183e+01 -1.893512888694769813e+01
4.234694651659606990e+01 -4.883999861577962065e+01 -5.559850629779923281e+01
3.386453612459259688e+01 -5.537190567743357406e+01 -4.952135775181683641e+01
1.382823780676356584e+01 -6.663618865109852152e+01 -3.645554540073165128e+01
5.866095578953203216e+01 -3.602041636370013578e+01 -8.606569032778516259e+01
2.153206095873830961e+01 4.582176214717335228e+01 -3.575580060216844203e+01
1.095019755685537888e+01 2.774089822299648489e+01 -1.680959898111194306e+01
2.322927297861683371e+01 -6.647726886890858111e+01 -4.984781608704951594e+01
7.116464317419735153e+01 -2.797510502881670469e+00 -7.984562913385680361e+01
1.218184884075191476e+01 -2.923036475267108614e+01 -2.661559151214930097e+01
1.314295696012826831e+01 -3.087343395423434345e+01 -2.556116086810729726e+01
1.406102851663687758e+01 -3.356149660169749183e+01 -2.452422115553715187e+01
1.482265074903814650e+01 -3.708931594027631462e+01 -2.556088240196000072e+01
1.696558237405839975e+01 -4.296943873649701118e+01 -3.090794086370316407e+01
2.096171521363924484e+01 -2.844372266450984910e+01 -3.161831009056928465e+01
2.278863650354998072e+01 -2.805657875836988069e+01 -3.154183190676035409e+01
2.467423563644650031e+01 -2.709385705199539984e+01 -3.146837157095863446e+01
3.142922659329362389e+01 -2.275215534064336254e+01 -3.269002677695264225e+01
5.762070291620460694e+01 -5.567541285262539219e+00 -4.596458666198921605e+01
1.107901099414093338e+01 3.525795266611608980e+01 -2.248422462573490321e+01
1.477741085481889804e+01 4.964376998838433508e+01 -3.225555555000367036e+01
1.867194232531652176e+01 4.813693448813462084e+01 -3.460722246809952196e+01
1.964735503804193328e+01 -2.755583380444717179e+01 -3.221277007250026969e+01
5.737657277443911852e+01 -2.161871284064226728e+01 -5.642768414264453014e+01
9.145652619390297389e+00 5.031935328742213187e+01 -2.427129650505439784e+01
2.078966045455258893e+01 -4.947070940158312879e+01 -3.496312804187260781e+01
6.422311663785077229e+00 3.133864485480555118e+01 -1.233089086171514914e+01
1.500091732695489632e+01 1.630792417166901487e+01 -1.737498863332581678e+01
1.083745646918120542e+01 -5.291198502851209895e+01 -3.152403166369751730e+01
3.537894322486742027e+01 -3.760866626399490542e+01 -4.093557843785763595e+01
2.745201481686120815e+01 -2.127770511449374791e+00 -3.013777870057704078e+01
2.871800605898883418e+01 -4.450730441602692622e+01 -3.816822883060347493e+01
4.347168425375205203e+01 -3.352277315398981550e-01 -3.290381163294408395e+01
3.378866180246674134e+01 -8.715652135089428043e+00 -3.150488412940300620e+01
4.865429764079439678e+01 -1.131199219326677330e+01 -3.834177968441090201e+01
1.307473799951730165e+01 -6.074247910540584883e+01 -3.251644819025433009e+01
1.856527319009788002e+01 1.230104234087306203e+01 -2.215458053444642772e+01
4.071738742146416001e+01 -4.212452285375604077e+01 -4.754549965146289736e+01
3.231904273771390024e+01 -4.935968981394291433e+01 -4.370713742331226115e+01
4.077388268180686737e+01 -2.932941878625067744e+01 -4.112371588334140426e+01
6.386452491146776822e+01 -1.276425808712394172e+01 -6.203343466110612781e+01
4.894457682331236015e+01 -2.970969110712421113e+01 -4.780173896407156064e+01
6.710253091189035501e+01 -1.713011130395713622e+01 -7.776058856582142198e+01
3.881047861913096853e+01 -1.745776361595031645e+01 -3.490285005588996370e+01
1.486280521813625377e+01 2.304017226725636291e+01 -2.151871013116515385e+01
1.380958835480394953e+01 1.616699773532579210e+00 -8.547302803737371946e+00
1.754090928367442359e+01 -5.534211361853227928e-02 -1.578424697342110505e+01
1.148399951200989833e+01 6.387771670136660696e+00 -3.956520265258944402e+00
2.042784640182764022e+01 5.663721572540279681e+01 -2.982984242030504518e+01
3.132249432200544348e+01 6.105089815361773020e+01 -2.905728360147379874e+01
4.067587438841091085e+01 6.194145497624287344e+01 -2.981374212545897251e+01
4.843427532721446482e+01 6.083465214313797276e+01 -3.268075253788737911e+01
5.388559886589162318e+01 5.772677256571667215e+01 -3.686566048740137091e+01
5.758595628661286270e+01 4.504386401875740376e+01 -4.724633593621336303e+01
7.592945947323295286e+01 2.797635959426216345e+01 -7.766965099810141737e+01
5.241346468667236280e+01 3.419203673189466031e+01 -4.235500273351494371e+01
4.552745191322304663e+01 3.173470785811882422e+01 -3.853083178085559268e+01
3.658191845607675674e+01 3.150353561632886823e+01 -3.582492130910063821e+01
2.813541922374308157e+01 3.303964193258069315e+01 -3.418969365862614040e+01
2.161314335057705449e+01 3.537579217398831588e+01 -3.415866109888090563e+01
1.717943598950049378e+01 3.777221516808048563e+01 -3.349081770376581346e+01
7.572454588016830712e+01 2.908982518056155797e+01 -1.024123088082516375e+02
1.721902540301355344e+01 -1.824252119442768993e+00 -1.907518249903202090e+01
1.076577723493179484e+01 2.100434149280236085e+01 -1.206513839637562135e+01
9.563198659143653302e+00 1.228622777164679825e+00 -3.633160237617877097e+00
6.003350546266978505e+00 -2.025851879069677786e+00 -6.435629065007022476e+00
9.384981429588918900e+00 1.928822249022601187e-01 -6.803470226010375654e+00
1.540886350204413624e+01 -3.864077668259902953e+00 -2.137396619642519724e+01
5.010307059571841748e+00 -2.736647480866315707e+00 -4.765280254498362567e+00
4.154159488519009180e+00 -4.042953323086267758e+00 -1.249878275410046946e+01
1.734766835433865140e+01 4.343410529259097785e+01 -3.610345135730540278e+01
1.369704319305261109e+01 4.182519658972064036e+01 -3.246154122099361672e+01
1.165119800646655079e+01 4.059833584185507505e+01 -2.835919799179669454e+01
4.917148670971209157e+01 4.746383416527101673e+01 -3.999071928551786925e+01
5.270703689827686134e+01 5.081467540979059549e+01 -4.031111106705026259e+01
