3.539814234760363387e-02 -2.248146181083473749e+01 -1.781268362438361663e+01
0.000000000000000000e+00 0.000000000000000000e+00 0.000000000000000000e+00
-7.182290185221623657e-02 -6.698776535616266514e+00 -1.755062165549147579e+01
-5.590239671152357204e+00 2.431010527125785003e+01 -7.508766337139554992e+00
-5.138766339991149290e-02 7.371852689156012772e+00 2.702117588123716274e+00
-4.448671328003306336e-02 1.727097997214710290e+01 5.651132081453789091e-01
6.822083836965919801e-04 4.128737050930111963e+01 -1.580791354284564498e+01
-4.739401734714374470e+01 4.488935920478797925e+01 -4.191602417352662258e+01
-8.108718834262784725e-03 6.082629913169781588e+01 -1.934080990449058035e+01
1.827167532388962456e-02 7.099980527601529445e+01 -1.705323157324766825e+01
7.685690245972764956e-02 1.067127461894156824e+02 -2.174549371358228811e+01
7.314359894619193447e-02 -2.586198302361649581e+01 -1.883712910321812117e+01
1.166468148128034787e-01 -2.819615900048008683e+01 -2.133549897587253952e+01
1.968827284702336922e-01 -2.900504310665729690e+01 -2.443646129759396146e+01
3.089331922616707082e-01 -3.030747655632008630e+01 -2.505179594154544631e+01
3.189197133042824817e-01 -3.319743663032625136e+01 -2.425362142388885900e+01
3.493914004105872495e-01 -3.683743390810162310e+01 -2.323513898112373610e+01
4.287904069587600286e-01 -4.059087759166585130e+01 -2.457956986444030889e+01
4.661135085417011936e-01 -4.618896385431045815e+01 -3.176410945606873781e+01
4.089972122354805506e-02 -3.474100493021044844e+00 -3.590783311340701722e+00
-5.488446456680146746e+00 -2.619587738366107033e+00 -1.279159978250122798e+01
-6.964487940438547753e+01 7.399510448428890186e+01 -7.200551245005244994e+01
-2.816737543205497118e+01 3.783694733285826572e+01 -3.510246223472343985e+01
-3.478175490650957613e+01 3.738390473931683289e+01 -3.566241708865255333e+01
-4.105364421189885604e+01 3.792174524426061311e+01 -3.764536060512882898e+01
-4.940006994998904588e+01 4.231388200464829907e+01 -4.325751921152926371e+01
-2.269679368383517470e+01 3.954598565876141691e+01 -3.583540635340266789e+01
-3.678234802652328739e+01 5.646528632033491135e+01 -3.199454644120489633e+01
-2.973415081051641806e+01 5.567332225211702479e+01 -3.174188450112315252e+01
-4.335419739572724751e+01 5.559202048720159439e+01 -3.442362494654932448e+01
-4.775671318185177938e+01 5.322361643137077891e+01 -3.720320025033913680e+01
-5.454944331889888787e+01 3.770373313919381530e+01 -4.692313124832652704e+01
-2.230709473924543218e+01 -5.561047393547192996e+01 -4.014580116532983567e+01
-4.963346272869605968e+01 4.687207505887877801e+01 -4.409960345111115743e+01
-7.268833920356161116e+01 4.277772567439945561e+01 -7.677626334199439384e+01
-6.153003588498589238e+01 4.323946067138082583e+01 -5.346643195390905134e+01
-3.220266631107382693e+01 8.013608580846643292e+00 -3.069160668979538897e+01
-7.324017644895577384e+00 -2.127652439009127150e+01 -1.870486420496238722e+01
-6.118090373245517632e+00 -2.789980441629056784e+01 -2.230796458100175883e+01
-1.471341888583865121e+01 -2.292379678468967441e+01 -2.271703726591218953e+01
-1.953219661648172334e+01 -2.513288880783774459e+01 -2.742197352868839033e+01
-1.139500443432213217e+01 -2.800210496130541316e+01 -2.484326187573181599e+01
-1.573210912035312070e+01 -2.822647444539161654e+01 -2.918344628049982248e+01
-2.726251103143757604e+01 -3.441161960969225930e+01 -3.819125071862232801e+01
-5.154026638199425747e+00 2.978025162495602229e-01 -5.123715900850078775e-01
-6.106704980410685657e+00 7.339190789074396370e+00 1.956771112637362586e+00
-5.791019787090657189e+01 6.187407714266448266e+01 -3.926170599452617438e+01
-1.937716282099083642e+01 2.579537862622182232e+01 -2.874223990771233161e+01
-1.916047891394488900e+01 2.928683349804162006e+00 -1.684735354348432068e+01
-1.965472680036763364e+01 6.910166623823034371e+00 -1.864844353660877019e+01
-5.205943108458127710e+01 9.195640590553820104e+00 -3.938014505776457952e+01
-5.888553730508332862e+00 1.652499275715796401e+01 -1.536465999160851359e+00
-4.318497009491233030e+01 6.920439969699144456e+01 -2.697550227042116688e+01
-5.193017631618600660e+01 6.707034638208565980e+01 -3.260545021568886881e+01
-6.373964009787454188e+01 8.661636861338470794e+01 -5.776419215975593602e+01
-1.459160417043676894e+01 6.254165840404363053e+01 -2.125786352068225682e+01
-2.363714086640780465e+01 5.310054004918790582e+01 -3.377283484600073393e+01
-3.227006963173516141e+01 -2.807134214893774171e+01 -3.935099049787546477e+01
-6.365650747959877975e+01 -2.100858335358689288e+01 -9.981397222626587507e+01
-1.454348431078593151e+01 -9.837893195645003308e-01 -1.959777827948066786e+01
-9.339420675268844008e+00 -3.233115512028192917e+00 -1.920951227048492171e+01
-2.502710766640691631e+01 -2.827178401004615438e+01 -3.841479078633614108e+01
-2.211484207111455547e+01 -2.791298475693728776e+01 -3.649871194132756358e+01
-5.554834204368867034e+01 7.221409053812611489e+01 -3.538519746406817035e+01
-1.908110628420409327e+01 4.283248492482871761e-02 -2.076039453898597031e+01
-3.119657249237644692e+01 6.830685521014154915e+01 -2.294976510517634338e+01
-3.237862692546778476e+01 7.446711142383369975e+01 -2.107049038971808130e+01
-3.833980143363479698e+01 1.030092374058983467e+02 -3.053197194401518644e+01
-5.961058132286029831e+01 7.955143699153346404e+01 -4.471572227540438149e+01
-3.470124569412002558e+01 8.895404142710067674e+01 -2.513923988818184796e+01
-6.187121304763507368e+01 6.544431313466922973e+01 -4.476966072440524869e+01
-6.584866573182985405e+01 6.932140312963454676e+01 -5.724355967448838811e+01
-6.840064142109737233e+00 -2.517943486622458948e+01 -1.972135728312499481e+01
-1.287592731814965497e+01 -2.605240143190819424e+01 -2.340839332065134926e+01
-1.761716823772511020e+01 -2.680842109562665243e+01 -2.774702459242884345e+01
-1.285770153043721109e+01 -2.193968981912231442e+00 -2.112074979499776717e+01
-2.349969911863007255e+01 -2.817959771898957300e+01 -3.739966556727866021e+01
-2.093327813786977742e+01 -2.951859452359115821e+01 -3.344867023289403818e+01
-2.144895654121234330e+01 -2.748425652135168917e+01 -3.630406569694876850e+01
-1.163620394401694647e+01 1.010779457709105156e+00 -1.029319483855322481e+01
-1.437857478161409830e+01 -2.771835974268641323e+01 -3.029864632014918513e+01
-1.006685234293567710e+01 -2.815907298272632531e+01 -2.752698245698653068e+01
-5.237461445039419239e+00 -2.864094373827638051e+01 -2.529210680508431608e+01
-7.507900763366283314e+00 -4.590246428539150259e+01 -3.194942058085995740e+01
-6.998202535839695315e+00 -3.984557940495842843e+01 -2.492819948291139198e+01
-6.777836093385051441e+00 -3.590855854775726641e+01 -2.383749662461094943e+01
-6.378458489950115329e+00 -3.240788132781483455e+01 -2.498529766992238876e+01
-5.795649902463067882e+00 -2.996763346052097887e+01 -2.589798464485931717e+01
-1.558820047851880553e+01 -2.877223501253060078e+01 -3.071012155070402372e+01
-1.646683954548925755e+01 -2.956196147342382119e+01 -2.969988064486589252e+01
-1.772098023372980791e+01 -3.132336952087663207e+01 -2.880863006583197006e+01
-1.891586018949068304e+01 -3.358877196568013801e+01 -3.015418738064698090e+01
-2.548273789536199274e+01 -1.718470415361046477e+01 -2.917489574447305856e+01
-7.170693193030473367e+01 1.320755014059298738e+01 -1.071132787364021937e+02
-1.154957699144578964e-01 -4.669378044011638806e+00 -1.264715283852965477e+01
-1.834238556093591299e+01 -2.838394389191765654e+01 -3.396101053088731447e+01
-1.954765283080213223e+01 -2.873572733892887143e+01 -3.336206702901635168e+01
-7.346430033531268222e+00 -6.430077892583788035e+00 -1.928541910719902575e+01
-1.690413179655867282e+01 -4.089028099805381622e+00 -2.583333743253615467e+01
-8.271339653746274223e+00 -4.911296084539950257e+00 -1.910518097583499397e+01
-2.618051817901723410e+01 2.175735324592025322e+01 -3.140174788474665490e+01
-3.703644970519646762e+01 1.710813043782905751e+01 -3.375734334518848101e+01
-2.052210149526364447e+01 3.981333995687350580e+00 -2.264074164168338044e+01
-5.398584594308194085e+01 9.647543229368399409e+01 -4.308714942498988876e+01
-4.989950049717559466e+01 8.647539393125346407e+01 -3.420715511561937205e+01
-4.557175256603802893e+01 7.537754194468749347e+01 -2.756498766378044962e+01
-2.211464549776336241e+01 -3.885036562230913404e+01 -3.542760412084886212e+01
-1.673582546474977661e+01 7.240883760033736394e+01 -1.782625082003146488e+01
-1.856287537065639626e+01 8.895825389165219121e+01 -1.995838553879869082e+01
-2.082874555478009526e+01 1.059902357993005353e+02 -2.323816134569924685e+01
-4.643054520738684943e+01 3.950104719112160723e+01 -4.059361077753199254e+01
-6.140155483698760719e+01 3.263145902559157463e+01 -5.090427864582218120e+01
-1.918105637386675255e+01 4.137722272214924857e+01 -3.667852256548120238e+01
-5.475481970088374339e+01 5.175287150267202207e+01 -4.326043190555709117e+01
-1.490420032525311811e+01 3.036742718816955033e+01 -2.612940227013417172e+01
-1.576859586400901847e+01 5.290466174902860530e+00 -1.014523156175789609e+01
-6.798989125703475622e+01 2.829952267102969543e+01 -5.886987630328322751e+01
-5.710446149634417168e+01 2.705308805652233062e+01 -4.510841358938361623e+01
-4.860258399092878534e+01 2.399572071772734816e+01 -3.893984784060000237e+01
-3.600814725376837799e+01 2.505310864606289201e+01 -3.594801758180800277e+01
-2.676527666612619072e+01 2.797606296303521489e+01 -3.421772182724936329e+01
-1.992580615793509935e+01 3.128309199578034949e+01 -3.216840614015448097e+01
-6.234276212043003973e+00 3.950969333296396968e+01 -1.852886737359751734e+01
-6.682331387142326662e+01 1.311091744149751825e+01 -5.791022827945635498e+01
-6.006495693868975394e+01 5.331117240216693176e+01 -4.641459031427432080e+01
-3.011821109175884192e+00 -3.102993564125635650e+00 -4.005698555601469479e+00
-1.834739098426502579e+01 1.850757824630027670e+01 -2.637830535071408633e+01
-7.394989430207576220e+01 4.422728248425236330e+01 -9.951402223318574158e+01
-1.493641693010688520e+01 3.508893051626762372e+01 -3.094402868437888898e+01
-2.118422663616840040e+01 3.742776823704805800e+00 -2.923390259115774725e+01
-5.143746880386916587e+01 4.649664655360678722e+01 -4.556673024450660137e+01
-1.602636109288072319e+01 1.012417246743770072e+01 -1.238828832985710982e+01
-6.895767463839931111e+01 -3.559792386273109344e+00 -1.052716941446072383e+02
-1.915357598351614499e+01 4.422928702548350799e+01 -3.813067120076600247e+01
-1.120948278633099449e+01 1.409702258956505005e+01 -5.734929837629660909e+00
-4.937368174102984852e+01 -3.930683107448034264e+01 -6.402725681116527312e+01
-4.853530516117569249e+01 -4.564162161160452058e+01 -7.728661463972898105e+01
-7.233914420815932544e+01 1.287936751629454868e+01 -8.240609484016354713e+01
-5.792333231923211656e+01 -2.979070282915443713e+01 -7.208530440164484787e+01
-6.953886907373558302e+01 5.702372238422073281e+01 -6.882736031258890819e+01
-2.319631828909565385e+01 -6.148185910043218172e+01 -4.485015748909211908e+01
-2.472154660199124443e+00 -4.376405417119998198e+00 -1.308185821608878463e+01
-2.406289992703725744e+01 1.344093933388262307e+01 -2.909941450700946319e+01
-6.695690691918045445e+01 4.222842480379575392e+01 -6.029273081350265073e+01
-4.089522061948235887e+01 4.220741783330583274e+01 -3.788612228124284798e+01
-3.511966373127057750e+01 4.137388507158565432e+01 -3.622285864097356978e+01
-2.246394183382738063e+01 -3.078164290410551729e+01 -3.466177686439814210e+01
-6.482734463825805449e+01 -7.416059972076973761e-01 -6.094969503420015400e+01
-1.188786723424623304e+01 -6.987976912609038038e+01 -4.759674064877800959e+01
-3.015189160214150732e+01 -6.058557764035217730e+01 -6.029624308357541906e+01
-3.841365279793294008e+01 -5.457736334614774165e+01 -6.762331709156090653e+01
3.885885716926251732e-02 8.866067802214749349e+01 -1.858802900852974105e+01
6.803671299430780195e-01 -7.136962268981795887e+01 -4.564867405591404292e+01
-2.944746004929840666e+01 4.167720847864590183e+01 -3.595712400046729584e+01
-2.418302258995364795e+01 4.278242671439352307e+01 -3.683330956275175794e+01
-2.081960431723869220e+01 4.351214303007706974e+01 -3.817878552552542004e+01
-6.473701797114324563e+01 5.512818604229479291e+01 -5.318657579123016177e+01
-2.471686243508315783e+01 4.950319492697780532e+01 -3.532808962712940826e+01
-3.042914085025874371e+01 5.171985931558546667e+01 -3.424424841130976915e+01
-3.642080699555214096e+01 5.232390667290739117e+01 -3.458414244924426839e+01
-4.235215681506988261e+01 5.132514912394531592e+01 -3.635557469593715041e+01
-4.595587570722421589e+01 4.943236267356936509e+01 -3.862347416315079585e+01
-7.297655935619027900e+01 6.062115976344888679e+01 -8.716955077252463013e+01
-4.478018512430967490e+01 4.351943352693380263e+01 -4.008620080015793974e+01
-1.692433954843725052e-02 -1.153012103733984617e+01 -1.929231362304596331e+01
-1.982100986094638273e+01 -1.361353800708720208e+01 -2.577943550962760710e+01
-1.480600241303917031e+01 2.614930495987377590e-03 -1.695260117210015238e+01
-8.214365671612149811e+00 -1.199766243315869119e+01 -1.986347719464658113e+01
6.783533466390578859e-02 5.136968917925666744e+01 -2.004938342794986639e+01
-4.029403078637755442e+01 -4.804898359626424309e+01 -5.802696979920689557e+01
-3.198746522937125292e+01 -5.472931171769386793e+01 -5.187195608711684969e+01
-1.238945476464485651e+01 -6.652981980742234214e+01 -3.870542139362837020e+01
-5.663877079589750707e+01 -3.522974391107176473e+01 -8.944584183045164139e+01
-2.084714894451009570e+01 4.635081083768139365e+01 -3.699188804116373319e+01
-1.049834118248496928e+01 2.795147342270038493e+01 -1.701468586404461547e+01
7.450018787255636710e-01 -6.779852723353164379e+01 -3.716420124674885272e+01
-2.156348922674926172e+01 -6.592221652930517450e+01 -5.264282933346415660e+01
-6.954781074540177599e+01 -2.424473565495264271e+00 -8.241471372614036284e+01
-1.117615038899020163e+01 -2.932188936496076437e+01 -2.806412070796711689e+01
-1.206212640516493906e+01 -3.099506233447941383e+01 -2.693136831843571599e+01
-1.292745358559262137e+01 -3.369530836581979116e+01 -2.600025743975474768e+01
-1.362007677102610614e+01 -3.721412599264380106e+01 -2.713131045443399003e+01
-1.552648108047350561e+01 -4.287662111571363965e+01 -3.282081228336537748e+01
-1.951289774148772693e+01 -2.810468878443458252e+01 -3.303550397657912185e+01
-2.143854183647539813e+01 -2.758860909883604506e+01 -3.297929628648918055e+01
-2.324419992578446781e+01 -2.659477621206580267e+01 -3.285842579256395624e+01
-3.010698575279405276e+01 -2.219205168454243804e+01 -3.392968949736313533e+01
-5.633235454841319267e+01 -5.352898706109788129e+00 -4.729163542711423673e+01
-1.054001898090387712e+01 3.541938357341118149e+01 -2.280283228528166006e+01
-1.421736095898047481e+01 4.947487646408199424e+01 -3.289270850810611790e+01
-1.806548943765366744e+01 4.811009993612276503e+01 -3.560602540788392645e+01
-1.813914031221581880e+01 -2.722969924935557628e+01 -3.377904374613633820e+01
-5.573683699226646837e+01 -2.112564348979725182e+01 -5.838536814513792450e+01
-8.486883867567994955e+00 5.009567682266028044e+01 -2.456806172995844051e+01
-1.931680019203199805e+01 -4.931213073994977947e+01 -3.696233669381776110e+01
-3.321966484385385776e-02 2.539291710546962832e+01 -5.093791016811073824e+00
-6.033918017781568999e+00 3.145712347196102243e+01 -1.220982523617483295e+01
-4.225120887528777125e-02 3.295223548739821950e+01 -1.063356311302288404e+01
-1.462727955683727821e+01 1.663081889881334874e+01 -1.780986547355938043e+01
6.946985145517876603e-01 -6.178510093262132585e+01 -3.295175857930659191e+01
5.887836920379148076e-01 -5.368743066788709939e+01 -3.250804984060772540e+01
-9.684551739686778404e+00 -5.312776432481411604e+01 -3.364699480683498223e+01
-3.358920683042039457e+01 -3.697813964839060219e+01 -4.244148205926028794e+01
-2.671711956722371184e+01 -1.551447452993647058e+00 -3.107374572310448713e+01
-2.696264039837994630e+01 -4.396525090026423754e+01 -3.994795347396239293e+01
-4.245290757017728822e+01 -4.610211847847711653e-02 -3.376532738498603692e+01
-3.287204531777014438e+01 -8.176159537648459263e+00 -3.241949146861294651e+01
-4.730344280069441254e+01 -1.088231166470674260e+01 -3.954382738904659078e+01
-1.166752824585421422e+01 -6.083645776855000520e+01 -3.460908790200752350e+01
-1.796838676657219835e+01 1.277148631144930135e+01 -2.282075884165156054e+01
-3.881686559158688254e+01 -4.146214610051354299e+01 -4.951744293419179144e+01
-3.055460396372075493e+01 -4.886553625625524688e+01 -4.572008061309331595e+01
-3.907071468220006949e+01 -2.875661830374533778e+01 -4.261843007965974550e+01
-6.222521229495391992e+01 -1.231787389715418968e+01 -6.407205377896463006e+01
-4.710723501386108580e+01 -2.910198515715113388e+01 -4.949729665459499728e+01
-6.528055190981504552e+01 -1.656086937642880486e+01 -8.045633713582707003e+01
-3.751190309901022601e+01 -1.699714941613344621e+01 -3.600194661328638546e+01
-1.436356305823844792e+01 2.336594116607868443e+01 -2.203823251009426087e+01
-1.363099488848492769e+01 2.111085245312848802e+00 -8.829555894846508934e+00
-1.727000530480041718e+01 5.525146741853547150e-01 -1.625628309764255164e+01
-1.133007859017605767e+01 6.627962905789678061e+00 -3.897968958919192151e+00
-1.965795194713459182e+01 5.579102297386614140e+01 -3.036816278024396354e+01
-3.025679496606504770e+01 5.985271347640973971e+01 -2.921918619628817027e+01
-3.933217681777987451e+01 6.081839536979941130e+01 -2.998416572583440143e+01
-4.689209586875701063e+01 6.003291087614475430e+01 -3.299813940175502580e+01
-5.209739539620709792e+01 5.720016671006647613e+01 -3.741052765801515534e+01
-5.578828211532879777e+01 4.494609716079959583e+01 -4.843775142656837573e+01
-7.349713845590903816e+01 2.793382515323305881e+01 -7.995274539649278722e+01
-5.107298530341024190e+01 3.431729667024426078e+01 -4.360653154408836230e+01
-4.430679983101071429e+01 3.194722521505177681e+01 -3.956552135684486160e+01
-3.560948462043091922e+01 3.180650986815429704e+01 -3.678625947689445752e+01
-2.731708197877906130e+01 3.334376696330347301e+01 -3.522834766845006271e+01
-2.094034202159068769e+01 3.569608341570437915e+01 -3.494553311688406438e+01
-1.659140624061332403e+01 3.805615935590531507e+01 -3.429594348653967728e+01
-7.294250753348767091e+01 2.888454161388490959e+01 -1.055136968463554581e+02
-1.691070211718171024e+01 -1.099431222544798192e+00 -1.968054676308027240e+01
-1.051861527035910449e+01 2.121905993010813418e+01 -1.230868013789861237e+01
-9.431704459479966829e+00 1.502669085715511610e+00 -3.670579149413173425e+00
-5.862375679261544015e+00 -1.689442093086082508e+00 -6.610244269334295097e+00
-9.316428194089107606e+00 5.803340737494552259e-01 -6.996661629621669931e+00
-1.501789797700049611e+01 -3.141673720562642380e+00 -2.205607808007994208e+01
-4.867556288530666464e+00 -2.517209289630248037e+00 -4.884047141663046432e+00
-4.263919533148489371e+00 -3.775696673350654287e+00 -1.292920599018923689e+01
-1.688739540292204921e+01 4.362601201423245101e+01 -3.713244285267570888e+01
-1.311462966894208293e+01 4.199785600170658739e+01 -3.313936551877166892e+01
-1.107497902733846296e+01 4.071542619740997537e+01 -2.873374335722727579e+01
-4.801279545768049672e+01 4.805791375049417979e+01 -4.103360524355704086e+01
-5.103989205664721851e+01 5.067258265712035126e+01 -4.127025154080191527e+01
5.514729636097577270e+00 2.429544966691949881e+01 -7.388867377170649675e+00
4.826888988444382989e+01 4.489866348776750016e+01 -4.192027833219635369e+01
5.501759630388294298e+00 -2.784675064235622166e+00 -1.284367707748730325e+01
7.253204624033841696e+01 7.447857450758073128e+01 -7.187572820904821924e+01
2.908818054508578044e+01 3.788843055610605859e+01 -3.480588046618573372e+01
3.590262003582265748e+01 3.744131700589043277e+01 -3.549769604795652356e+01
4.225318771902131232e+01 3.797056576608914469e+01 -3.743404668451369588e+01
5.060003705959439202e+01 4.231239343495936822e+01 -4.315439991979218348e+01
2.322070942235414748e+01 3.963235153551583068e+01 -3.563707809484463951e+01
3.796751200733783804e+01 5.668678822464146805e+01 -3.178518919520903907e+01
3.061346959309956262e+01 5.601549691545491783e+01 -3.159931077393314069e+01
4.465511135032488710e+01 5.570600168183514000e+01 -3.427293324666722896e+01
4.911338436681953112e+01 5.329751191619298112e+01 -3.713215957501770959e+01
5.605186858034043240e+01 3.774951593962168772e+01 -4.692072008657504512e+01
2.409986948109718696e+01 -5.623580888790981192e+01 -4.039866782448049065e+01
5.051707360620839893e+01 4.687207505887877090e+01 -4.409960345111116453e+01
7.515520221065045803e+01 4.311311347569483132e+01 -7.672334276748767934e+01
6.339770349447314857e+01 4.340081849890525234e+01 -5.351703614625647276e+01
3.310780500095469847e+01 7.878189318247254214e+00 -3.078181359393048666e+01
7.578481289715987224e+00 -2.137497102201879073e+01 -1.862765265362007483e+01
6.548504613103104610e+00 -2.798209665605462249e+01 -2.217728260489281311e+01
1.534019789541985013e+01 -2.322994786125568112e+01 -2.248483602856423502e+01
2.041553286273404666e+01 -2.546381289899442990e+01 -2.717487647066451117e+01
1.213642132855182787e+01 -2.823660608278714790e+01 -2.454868548776608606e+01
1.661501780998601063e+01 -2.843888861120193212e+01 -2.887091315484859777e+01
2.884050889511603089e+01 -3.485951805034279261e+01 -3.824969830132455684e+01
5.241717965508317256e+00 2.412085371609317686e-01 -6.145316294933158563e-01
6.122925780123626538e+00 7.338594662990850281e+00 1.860980859720201108e+00
5.990305169746340397e+01 6.208917288817301028e+01 -3.928082090777673585e+01
2.003003249298113886e+01 2.577093401838255815e+01 -2.858721490555782552e+01
1.965105774322018206e+01 2.706829518465803552e+00 -1.691210342434714775e+01
2.022757102147919994e+01 6.722810961556818121e+00 -1.866422522056494770e+01
5.365047985268907382e+01 9.039929011767762645e+00 -3.946631915162430460e+01
5.868819487245392708e+00 1.651736141810998504e+01 -1.534946878157199324e+00
4.433374634001604875e+01 6.960745944753308834e+01 -2.737790600903575111e+01
5.353343513282657540e+01 6.731071899790592283e+01 -3.287937479505132643e+01
6.632086770306496248e+01 8.719602642790637503e+01 -5.775701334749049920e+01
1.469055812331961519e+01 6.277170132583158590e+01 -2.142982724022919427e+01
2.422192077578014491e+01 5.338408035624112813e+01 -3.358427526636205585e+01
3.366007846103580192e+01 -2.851192120904040905e+01 -3.934679366515018017e+01
6.593744726194691452e+01 -2.156238063096520818e+01 -9.973606136630698416e+01
1.481833417982662482e+01 -1.260285918818102147e+00 -1.961637381614798770e+01
9.442843160489212906e+00 -3.456973257121433551e+00 -1.941699636793952521e+01
2.620442074809743715e+01 -2.858974315384130094e+01 -3.818021266744794673e+01
2.343925227897870300e+01 -2.815418184239176824e+01 -3.623947992351740766e+01
5.741003456379333869e+01 7.249657181337030920e+01 -3.567148344758641798e+01
1.967867835651862052e+01 -2.230915010207750182e-01 -2.079305007129946858e+01
3.170399011888290630e+01 6.868336539845034849e+01 -2.331287461319479348e+01
3.295756019849950746e+01 7.490318632013665479e+01 -2.148936583662902677e+01
3.931502825278867874e+01 1.035088883221063298e+02 -3.062732100719200190e+01
6.185848408603506243e+01 8.000188832615151568e+01 -4.486427617021750791e+01
3.539896914414472917e+01 8.944059036718152811e+01 -2.540564802727929816e+01
6.407380663698113210e+01 6.568876604492726301e+01 -4.483233443560727949e+01
6.843502255649011090e+01 6.968523036898555745e+01 -5.721212308964762627e+01
7.201001714659701847e+00 -2.535376981541836017e+01 -1.959456233543554760e+01
1.352996979473887862e+01 -2.636168277608310362e+01 -2.312173343203579634e+01
1.852510065366516656e+01 -2.708502871526386357e+01 -2.743681247440716220e+01
1.306430256975864346e+01 -2.458763598823325403e+00 -2.124009482480781941e+01
2.467043466155050169e+01 -2.846647188280312335e+01 -3.714761075575974303e+01
2.225348275628528683e+01 -2.976006031476710945e+01 -3.328980802111347970e+01
2.283508638718255312e+01 -2.776775417886243247e+01 -3.607289205339692728e+01
1.193032380309650442e+01 7.816197780803904038e-01 -1.016842704237287442e+01
1.540952520540725779e+01 -2.786626829912481895e+01 -2.997642869528579013e+01
1.087735608301866996e+01 -2.832908751758072441e+01 -2.722134051051825665e+01
5.806713980916289763e+00 -2.871222936983494023e+01 -2.505308534914294682e+01
8.757821745691570570e+00 -4.609985575297697835e+01 -3.206533184471356179e+01
8.124900247259036590e+00 -4.004512673683792912e+01 -2.489304469244452989e+01
7.719610089723339286e+00 -3.610089254072536136e+01 -2.372894334356917412e+01
7.145213745549458650e+00 -3.259146627395362117e+01 -2.483068296007381193e+01
6.580952232293518556e+00 -3.012691658219699775e+01 -2.573467528278773031e+01
1.685279159985266872e+01 -2.898969390125326129e+01 -3.053222249097561303e+01
1.774722321223822163e+01 -2.981482564251212253e+01 -2.956789737748881564e+01
1.907297040837113400e+01 -3.160196029517241456e+01 -2.882272748182419519e+01
2.025925515045890535e+01 -3.389348296294672025e+01 -3.017232914466380933e+01
2.631734872560575056e+01 -1.750299614043380458e+01 -2.918477465171580576e+01
7.382588776318635837e+01 1.324403270523054488e+01 -1.070579018082678715e+02
1.967614238629254686e+01 -2.860626182396901740e+01 -3.371768721618374798e+01
2.080998919270819414e+01 -2.899454389655627295e+01 -3.312398175644067067e+01
7.395216386403689945e+00 -6.581123561742054484e+00 -1.931977698154557288e+01
1.726355828664080505e+01 -4.331412515767020466e+00 -2.601137200252212267e+01
8.329890183282916638e+00 -5.065786299308793872e+00 -1.921350764081373441e+01
2.703222586902208491e+01 2.171889064763461619e+01 -3.126890641425215023e+01
3.809699339491210424e+01 1.703221399344080211e+01 -3.378099797828124906e+01
2.110052962816254052e+01 3.755001587315979883e+00 -2.258025646957403865e+01
5.585048907800862850e+01 9.713863499373977106e+01 -4.320183421344435715e+01
5.150181440156421075e+01 8.703258838945144760e+01 -3.449796311989394582e+01
4.680568069626492189e+01 7.583649299922439013e+01 -2.790412198196759519e+01
2.373365252701316663e+01 -3.928950192313198642e+01 -3.546574824090876632e+01
1.690829764163897764e+01 7.267527141991149620e+01 -1.811576716748010085e+01
1.877534428830751523e+01 8.921226913847017670e+01 -2.013088909483510136e+01
2.130157526263629109e+01 1.062903816488250186e+02 -2.346470709922657250e+01
4.765026578342061470e+01 3.948936288818391915e+01 -4.042421987313922926e+01
6.325149372020135985e+01 3.272583436315914440e+01 -5.105239191784632169e+01
1.940776898326303979e+01 4.143955129579008201e+01 -3.640708007470949781e+01
5.639737310822106764e+01 5.178428106960186028e+01 -4.317431903488031963e+01
1.538676252655233867e+01 3.036888940262701908e+01 -2.592772154301014709e+01
1.608955622910722383e+01 5.091742310598574406e+00 -1.016963260176190076e+01
7.014805256474005546e+01 2.836619417582458880e+01 -5.889951827066238366e+01
5.871998568731596180e+01 2.710087405561321106e+01 -4.513259378265401978e+01
5.003022878535659856e+01 2.401689236547619188e+01 -3.886556472001270635e+01
3.707225643114014701e+01 2.502615211755691860e+01 -3.584379498268226172e+01
2.760983693901200908e+01 2.796998066303669361e+01 -3.404279762792406672e+01
2.060352191045095438e+01 3.129843427253507215e+01 -3.196230731593644592e+01
6.340406502609090111e+00 3.954853548347686143e+01 -1.843325140357605818e+01
6.879715776623247336e+01 1.301411591776495058e+01 -5.789251793637659205e+01
6.209329032225943479e+01 5.345174865095241756e+01 -4.639511906323227208e+01
3.148427518494262500e+00 -3.147884743779861605e+00 -4.020925528299812868e+00
1.892158006579865415e+01 1.843154216100804632e+01 -2.617508397024538880e+01
7.637198552025080289e+01 4.465462231822002792e+01 -9.927598029632217447e+01
1.532056168967161014e+01 3.508385457407038643e+01 -3.073550429151409702e+01
2.166112538387162445e+01 3.571744923514918124e+00 -2.929729687572714170e+01
5.257062177823181059e+01 4.648708057690542006e+01 -4.551101096387707656e+01
1.648917194847350842e+01 9.978823882135888113e+00 -1.238446799815122290e+01
7.113779433897590820e+01 -3.851986214793107433e+00 -1.052958748964775850e+02
1.932506796148774342e+01 4.428147804711755242e+01 -3.781000658288457572e+01
1.142975685038506128e+01 1.404763225177835473e+01 -5.731702916487605215e+00
5.160297351160919277e+01 -4.013763396215465917e+01 -6.415257522059658868e+01
5.085779865296300528e+01 -4.653548646389964460e+01 -7.725272120103292650e+01
7.435836968306348638e+01 1.281775104627674544e+01 -8.241002900772235762e+01
6.014564822944963396e+01 -3.044504632745368866e+01 -7.224118230820582198e+01
7.198811024575948636e+01 5.742128295390452308e+01 -6.876459925336966705e+01
2.506902158518498069e+01 -6.217028855443351887e+01 -4.496482525238229044e+01
2.269616935971446203e+00 -4.412027858518453804e+00 -1.309046948123340037e+01
2.484124121342636826e+01 1.334565653663126739e+01 -2.905827817859133688e+01
6.910215044614686519e+01 4.245560858366173562e+01 -6.031763585963842900e+01
4.173216963371669408e+01 4.227154944528804492e+01 -3.781932240807977763e+01
3.598263792400938144e+01 4.147173551786868728e+01 -3.607668618454452769e+01
2.379697960280097035e+01 -3.109493146898884675e+01 -3.454554330066794421e+01
6.680277850273770923e+01 -1.011010914114184978e+00 -6.100100737837435361e+01
1.338300024263388011e+01 -7.030153197194884740e+01 -4.757420479729196217e+01
3.214527073950655023e+01 -6.153474608863366058e+01 -6.018167970781178866e+01
4.063535338488483717e+01 -5.559136486654366394e+01 -6.755133080626515607e+01
3.019350045534030968e+01 4.180135339438920283e+01 -3.573480243063519168e+01
2.468005842525586857e+01 4.289709971184556991e+01 -3.656735806173677616e+01
2.107781645401605886e+01 4.357485099030788689e+01 -3.780970211765848887e+01
6.696930776415895537e+01 5.539563484316828124e+01 -5.314179338417473275e+01
2.542290573688382338e+01 4.960084308787942575e+01 -3.499674188328932445e+01
3.140724175735589441e+01 5.187043404988538953e+01 -3.399464259033819502e+01
3.738920862059418226e+01 5.236934084214260565e+01 -3.445411926465645536e+01
4.326454097136373633e+01 5.125500288300048624e+01 -3.626927939027278569e+01
4.684777006032948776e+01 4.939169142269425095e+01 -3.856233879269556297e+01
7.557185132955497409e+01 6.111180011995509176e+01 -8.703561438628335623e+01
4.562045596946907011e+01 4.353929667808253612e+01 -4.002329919473764619e+01
2.037494212437818319e+01 -1.390991342541209796e+01 -2.580692514588851338e+01
1.510458747319485795e+01 -2.287450632739439493e-01 -1.708798118873615124e+01
8.367797082153758836e+00 -1.213148709169381689e+01 -1.987244524538314394e+01
4.245476759887404228e+01 -4.902603727996748262e+01 -5.817411655860792052e+01
3.399067913235651872e+01 -5.565250887754074682e+01 -5.202976187333729996e+01
1.407110156707636861e+01 -6.696482118921690585e+01 -3.877531014568211987e+01
5.890967697047838669e+01 -3.591175009587734479e+01 -8.930695050868240514e+01
2.114238160177027837e+01 4.639421658807012250e+01 -3.655518272795210777e+01
1.070882798062526042e+01 2.791200071603873312e+01 -1.693581450288546719e+01
2.336980451637718659e+01 -6.665514453503794812e+01 -5.253933163589686473e+01
7.158999495675543301e+01 -2.712257988150759580e+00 -8.245025927834520019e+01
1.218772774119201863e+01 -2.952006625387567951e+01 -2.779745842013623047e+01
1.313051724223168648e+01 -3.122871399554316696e+01 -2.675789530435806185e+01
1.411868430724223877e+01 -3.395360876441664288e+01 -2.586671880865622697e+01
1.487078614965469114e+01 -3.750605783042431085e+01 -2.701537251161975917e+01
1.708894126489645870e+01 -4.324438672259758931e+01 -3.280200868053456276e+01
2.068375283496505546e+01 -2.832473260624002265e+01 -3.275471854023626861e+01
2.252435253230655121e+01 -2.788909513503849880e+01 -3.266810134599092663e+01
2.437071835861106095e+01 -2.690647056876586163e+01 -3.260803237512951824e+01
3.119018585084910811e+01 -2.254851901608097364e+01 -3.389360683145953601e+01
5.816472357236490609e+01 -5.587354236389522555e+00 -4.748830326171652416e+01
1.077277261190269364e+01 3.542849776288105801e+01 -2.267450113968863690e+01
1.431947582660534124e+01 4.957745838080287371e+01 -3.278071095908588006e+01
1.829921766760979551e+01 4.824483704498020131e+01 -3.526024992696457616e+01
1.934166333275234706e+01 -2.745511529680100793e+01 -3.340614366383471889e+01
5.778447694890360964e+01 -2.162805475198975813e+01 -5.857745884429272820e+01
8.643117921366698653e+00 5.014927514821990684e+01 -2.445582627004807819e+01
2.099446370160939423e+01 -4.977856736207750288e+01 -3.715427450377887908e+01
6.055291296883085650e+00 3.142687179884507742e+01 -1.222239192419983667e+01
1.498237012416119640e+01 1.654856377620988539e+01 -1.775534948673392321e+01
1.116421704212912047e+01 -5.344454560371345764e+01 -3.377109002160877083e+01
3.531123414085974588e+01 -3.762668527184366241e+01 -4.267273814651463226e+01
2.742707602149895507e+01 -1.750391152817539542e+00 -3.117240755047838263e+01
2.877612325791476522e+01 -4.465031267856507924e+01 -4.021301207087915230e+01
4.373004898843411326e+01 -2.496579352128671658e-01 -3.408218116928641450e+01
3.381077039203405832e+01 -8.460740632890905388e+00 -3.263633884097549753e+01
4.898938706000872401e+01 -1.124689224325868153e+01 -3.984476778358423843e+01
1.335157971629280382e+01 -6.118916417921160900e+01 -3.477355565152858219e+01
1.855890399517086564e+01 1.263894612772784676e+01 -2.279615646338119817e+01
4.077074789374220387e+01 -4.225849316717918214e+01 -4.970895826486128044e+01
3.243587785562169756e+01 -4.966445990979672587e+01 -4.602858822995127497e+01
4.072936749456484762e+01 -2.924276645015715914e+01 -4.270569189505506102e+01
6.431437138596422187e+01 -1.274190621115748812e+01 -6.421854858088502738e+01
4.908123266965085207e+01 -2.974528401503030750e+01 -4.971365622615785895e+01
6.747370047778306912e+01 -1.700512004673864652e+01 -8.052499988507223350e+01
3.885168796278287573e+01 -1.731220336673260363e+01 -3.611219363421460571e+01
1.475188472849296950e+01 2.328416462725059333e+01 -2.192432692674092110e+01
1.400890399883015469e+01 1.863574539045371514e+00 -8.791246418890379388e+00
1.769588560583073544e+01 3.016478007717265375e-01 -1.630431191715461736e+01
1.146089746194435577e+01 6.509615279026377266e+00 -3.912727910366343931e+00
1.984074529382767338e+01 5.597309664398214579e+01 -3.023957958635326193e+01
3.084734033766245176e+01 6.011970833465203157e+01 -2.927774329009744037e+01
4.038473064712727734e+01 6.105713434895778846e+01 -3.012719782208125707e+01
4.822557095583699294e+01 6.013406557087780158e+01 -3.309128005430008557e+01
5.363868519429912851e+01 5.727093159274006950e+01 -3.744967451813236892e+01
5.731299203980561430e+01 4.502322262659188112e+01 -4.842780801011261360e+01
7.582433781511434745e+01 2.805997369034278677e+01 -7.987294496998556781e+01
5.243632153739515900e+01 3.438543590351201118e+01 -4.345325848905976329e+01
4.562508782977557331e+01 3.197863489656431213e+01 -3.948797186074197185e+01
3.670371244204712724e+01 3.182141742400846596e+01 -3.658176281493875592e+01
2.819599016237570410e+01 3.339143409049550115e+01 -3.501611744454734065e+01
2.158644078668474720e+01 3.571929160880871734e+01 -3.478720148627485997e+01
1.698885254197466210e+01 3.809362700601695906e+01 -3.412751767207900144e+01
7.520524796358000685e+01 2.911502314209454312e+01 -1.053420885777159270e+02
1.729769287332825201e+01 -1.406061174950565151e+00 -1.973378115007433564e+01
1.062554868416241405e+01 2.117441048268758053e+01 -1.220364402605327037e+01
9.675107276047214100e+00 1.359725351626355438e+00 -3.736827329826938993e+00
6.107248051783194853e+00 -1.849934904759265919e+00 -6.692438031651441577e+00
9.589671384234826235e+00 3.956260352775068379e-01 -7.002268245252607493e+00
1.538739908333530693e+01 -3.427155518441336923e+00 -2.217141406748904942e+01
5.069864192681233561e+00 -2.609257997756755820e+00 -4.954659490273195743e+00
4.195474816468150792e+00 -3.889428552521927873e+00 -1.299203111197524052e+01
1.699430942841824077e+01 4.368374583267741684e+01 -3.685754982478199793e+01
1.334258127034532748e+01 4.203304668870417515e+01 -3.300525422450165536e+01
1.131397113938175814e+01 4.076795948817214565e+01 -2.868253073592272173e+01
4.892622677331972625e+01 4.803563188966062114e+01 -4.103286834489282597e+01
5.237154302799232397e+01 5.071600723912933972e+01 -4.127042507484130596e+01
