-8.971255842996533891e-01 -2.241042255850244302e+01 -1.382485763767824238e+01
0.000000000000000000e+00 0.000000000000000000e+00 0.000000000000000000e+00
-2.522754443683632442e-01 -7.298121862063044141e+00 -1.583331851784279642e+01
-5.464576657371026158e+00 2.392979064484404361e+01 -9.601872068289161177e+00
6.145390137003024084e-02 7.458554486541421724e+00 1.983689613035017452e+00
1.243373972186547216e-01 1.714137716053873106e+01 -1.043511280151670828e+00
1.605798490264909728e-01 4.026145402822096031e+01 -1.974192627082467411e+01
-4.759240908341617171e+01 4.263378931937465666e+01 -4.433035208320915643e+01
9.511337239086645190e-02 6.114322564795551784e+01 -2.502686513346556296e+01
1.056915108809849124e-01 7.144005538915473608e+01 -2.410913243141044049e+01
-1.563115806669554686e-01 1.022928489386881807e+02 -3.243376481178181336e+01
-9.851603630101436471e-01 -2.583911299043780119e+01 -1.444189998592664104e+01
-1.051944392411340967e+00 -2.863969471497772190e+01 -1.666098413255234689e+01
-9.685365104651453283e-01 -3.003675325084608261e+01 -1.952541375674481117e+01
-9.415376838454604380e-01 -3.217324505486695330e+01 -2.006785751352375513e+01
-9.718314076912408783e-01 -3.520738610826427362e+01 -1.904292055689370144e+01
-9.592034536124908195e-01 -3.905215615366751791e+01 -1.776732368089519554e+01
-9.346066779440003192e-01 -4.290230930674755427e+01 -1.887641611725488389e+01
-7.764042919567789580e-01 -4.908714281095064536e+01 -2.525984311561561313e+01
-5.267739922133678025e-03 -3.843543971799005643e+00 -3.199286402547425467e+00
-5.563547286624230814e+00 -3.416893956226325635e+00 -1.184382512690038247e+01
-7.154766599205015609e+01 6.964762328548418679e+01 -7.763037401766943901e+01
-2.840754028845941193e+01 3.546325098086270344e+01 -3.703710113282397742e+01
-3.506424153162748780e+01 3.499294996644254496e+01 -3.766021166862247327e+01
-4.139730789876872308e+01 3.559901434963883560e+01 -3.966424604711305335e+01
-4.968750516519725124e+01 4.015982635786022570e+01 -4.534557972804253012e+01
-2.292191213174181996e+01 3.735631354913570590e+01 -3.811332854770141410e+01
-3.695036217740135953e+01 5.592618730217413514e+01 -3.568464192350198516e+01
-2.986893942092668652e+01 5.509587862973393868e+01 -3.547020124203022817e+01
-4.360531796448850628e+01 5.488139786278048149e+01 -3.796289312480074329e+01
-4.808539221582262257e+01 5.212885606820823625e+01 -4.051410546062891171e+01
-5.499007512195945679e+01 3.531035364021457212e+01 -4.854243521314611343e+01
-2.365406150521691586e+01 -5.864178057504854991e+01 -3.160188782857367329e+01
-4.985916049535752137e+01 4.472201602658357444e+01 -4.666701554705100108e+01
-7.446839937080811467e+01 3.930493832406059340e+01 -7.820171547579737137e+01
-6.224172388085248286e+01 4.103676117729908412e+01 -5.560551218895393788e+01
-3.235003798756140014e+01 6.219160141941658004e+00 -2.949067568276835516e+01
-7.988747122504849862e+00 -2.136816653749961148e+01 -1.483953654325085836e+01
-6.785038837839561410e+00 -2.856625583172240823e+01 -1.758779330593481305e+01
-1.517318604559320683e+01 -2.394835916089087036e+01 -1.834729848211383185e+01
-1.963869952335149804e+01 -2.707051142737923755e+01 -2.235103012735725159e+01
-1.171571949923722400e+01 -2.923521367083840161e+01 -1.979012116502391905e+01
-1.565466833559192139e+01 -3.021307835703648692e+01 -2.356097991211230180e+01
-2.762684128327680355e+01 -3.766531742891828571e+01 -3.106551197747422677e+01
-5.156967941843992875e+00 1.805271960823680577e-01 -5.074508033137735685e-01
-6.071108341288722343e+00 7.327476817320970781e+00 1.209759219736205926e+00
-5.830301631740847057e+01 6.132609617054904305e+01 -4.398033661459678001e+01
-1.955480965333648768e+01 2.403310547781921258e+01 -2.982275286856306451e+01
-1.904265321038486292e+01 1.660610426503001502e+00 -1.628280698914462477e+01
-1.964813266802775615e+01 5.531014175432422242e+00 -1.826164211988642805e+01
-5.203982120471854245e+01 7.015606048365054193e+00 -3.797962283037938391e+01
-5.782801668888938096e+00 1.634902774280106641e+01 -3.108583556281766747e+00
-4.379550753135711716e+01 7.009642590703803933e+01 -3.286398242309916640e+01
-5.232760912652691587e+01 6.722542632727896716e+01 -3.827819528287599127e+01
-6.513027283232868569e+01 8.243111405400644287e+01 -6.513355853907057735e+01
-1.505288330826691912e+01 6.344948377161622233e+01 -2.682216119475912564e+01
-2.374890419444444589e+01 5.215874911939098268e+01 -3.717492327683232389e+01
-3.233516903024165856e+01 -3.138097533269088757e+01 -3.284475442982077453e+01
-6.628931892711030116e+01 -2.566182550189695633e+01 -9.222431074476961044e+01
-1.436769934691181305e+01 -2.322474207085005293e+00 -1.848100199327330984e+01
-9.428738861147142103e+00 -4.370511371548920110e+00 -1.792410967052448001e+01
-2.445978877711704769e+01 -3.173921341612478031e+01 -3.177620104690911873e+01
-2.135891500194198400e+01 -3.113513638697163799e+01 -2.980939710307106694e+01
-5.618027706167220003e+01 7.202250546215206839e+01 -4.145351887207811359e+01
-1.896258070343599655e+01 -1.551187100021008902e+00 -1.965783947101716933e+01
-3.189580446054175056e+01 6.956868970972378463e+01 -2.880779877856327786e+01
-3.309307118534655956e+01 7.538750098737816074e+01 -2.771981709602748012e+01
-3.860268065344526178e+01 9.884774010604897398e+01 -4.033585597473057049e+01
-6.078246025638464545e+01 7.711804534922465848e+01 -5.134034957606981209e+01
-3.524489651780056931e+01 8.695187234102886009e+01 -3.346857502771307935e+01
-6.248920369084588344e+01 6.445674101770278241e+01 -4.976473903655932673e+01
-6.718116510296627553e+01 6.646872614467507390e+01 -6.249594842653550586e+01
-7.537673979570884697e+00 -2.543188158596948512e+01 -1.537541888509123211e+01
-1.332196802256888546e+01 -2.715498414115969439e+01 -1.868042814674901564e+01
-1.767327592098655842e+01 -2.878694677301829330e+01 -2.233034684930066405e+01
-1.279892612762590964e+01 -3.608322455932492900e+00 -2.001215221878241479e+01
-2.280823312539376602e+01 -3.158431950216927220e+01 -3.079156418564710052e+01
-2.067492931004579404e+01 -3.262887236425736859e+01 -2.669583988006194275e+01
-2.074214133714731290e+01 -3.058169774066821489e+01 -2.969957442375914880e+01
-1.146074777567343439e+01 1.547477042230176736e-01 -1.002675761863888404e+01
-1.422435091855076905e+01 -2.990830927415307272e+01 -2.459097915001267509e+01
-1.037449236169548250e+01 -2.974380633341749558e+01 -2.221291733200432361e+01
-5.896638849162517459e+00 -2.981831104345116046e+01 -2.023174262792512934e+01
-8.567815813659855451e+00 -4.869310811500182012e+01 -2.524798161393363927e+01
-8.131257034475741108e+00 -4.216379410623397916e+01 -1.911366602193517039e+01
-7.819680171788393253e+00 -3.809931365648559876e+01 -1.829838139749285375e+01
-7.281390422239252480e+00 -3.441477683351251216e+01 -1.970370351245382778e+01
-6.645439128265834050e+00 -3.193178339106223618e+01 -2.076129485275904685e+01
-1.552591965992783152e+01 -3.137563987747790506e+01 -2.488937119754409721e+01
-1.648430235189587734e+01 -3.231711686805954997e+01 -2.369712080461929560e+01
-1.789028858730938865e+01 -3.417106842623413598e+01 -2.248389771183775210e+01
-1.926986814782926416e+01 -3.650372657190442993e+01 -2.346022867978743065e+01
-2.571108525811131784e+01 -1.928366301989768417e+01 -2.486335155140179509e+01
-7.422702889918136293e+01 8.882961225575256137e+00 -1.038557990989102393e+02
-2.163290493615633581e-01 -5.244016520140632132e+00 -1.151313013453677314e+01
-1.802400160710410049e+01 -3.126693550160090851e+01 -2.759341753324649460e+01
-1.918047034007363649e+01 -3.172189405668459727e+01 -2.676812689589354832e+01
-7.538020920542437331e+00 -7.357742757231553909e+00 -1.745878050419174699e+01
-1.697665750825566633e+01 -5.888657334532402921e+00 -2.401499021701444647e+01
-8.416198207377348695e+00 -5.963963342011375346e+00 -1.764462568316992730e+01
-2.637042307355333648e+01 1.979395540706872225e+01 -3.178273159208003307e+01
-3.718785874081871157e+01 1.515382075368586001e+01 -3.363883434033434838e+01
-2.054607516083312291e+01 2.336786835019232900e+00 -2.173265497843487282e+01
-5.479555796738405604e+01 9.242785815265899885e+01 -5.179269320940400689e+01
-5.086792817540432310e+01 8.440256931306464594e+01 -4.173293732981985471e+01
-4.636120575644446973e+01 7.575317105176181087e+01 -3.401592957532596273e+01
-2.281371025226756188e+01 -4.195864306969528457e+01 -2.811119695473830404e+01
-1.710642039306705797e+01 7.314321717276307311e+01 -2.460214852810258535e+01
-1.876014258196487461e+01 8.652961280035439984e+01 -2.864768471921590631e+01
-2.089042851469992712e+01 1.016018920471452986e+02 -3.359029549820312610e+01
-4.671181507111128184e+01 3.720821466295757318e+01 -4.271367487624889492e+01
-6.205011021337743671e+01 3.010200435579189815e+01 -5.179615142196192323e+01
-1.937266134051564848e+01 3.938875509081994153e+01 -3.913365295428670265e+01
-5.515490167823961798e+01 5.020584645436036197e+01 -4.641888105357271144e+01
-1.503699838797108690e+01 2.882668837446203369e+01 -2.786276044429261489e+01
-1.559990422812933808e+01 4.487086199089874938e+00 -1.017243728061805363e+01
-6.902124555944980955e+01 2.542548876843951078e+01 -5.895640386905575525e+01
-5.757578610207342251e+01 2.467181158042400213e+01 -4.545918109938438789e+01
-4.898565462732520359e+01 2.174904393157862259e+01 -3.904072512669053907e+01
-3.631691586640790348e+01 2.290389120515123977e+01 -3.650534187595862079e+01
-2.703541551590508973e+01 2.585370993128797323e+01 -3.511321888066527208e+01
-2.013631751903538003e+01 2.929270295543800628e+01 -3.369249792985552716e+01
-6.203266584217878687e+00 3.849222078449759721e+01 -2.208726900421034856e+01
-6.760228983414323523e+01 1.023143599533795545e+01 -5.635189187535004152e+01
-6.060443932601702244e+01 5.186046888889602258e+01 -4.984892481166768619e+01
-3.093449288623545179e+00 -3.449461153317400441e+00 -3.564334959165220695e+00
-1.853389116693171701e+01 1.690608439997238932e+01 -2.668347453478621389e+01
-7.637627921189732660e+01 3.988766520848727026e+01 -1.005843021173828902e+02
-1.510111798469779743e+01 3.330121478364883103e+01 -3.306771760566697793e+01
-2.137685457038577397e+01 1.835169270861954915e+00 -2.778253627373034362e+01
-5.183713220395141263e+01 4.458582381155024876e+01 -4.804893725101967306e+01
-1.594222698728451704e+01 9.148502089314124675e+00 -1.269560062595401995e+01
-7.163752002073270830e+01 -8.037358374330585420e+00 -9.994031723494067876e+01
-1.931659583058812046e+01 4.222298574929889980e+01 -4.087510005366843302e+01
-1.111686688991569483e+01 1.364122008985512480e+01 -6.732647497544418158e+00
-5.136150557955335927e+01 -4.308143856325251875e+01 -5.552954931341057687e+01
-5.137144610165123737e+01 -5.017688218803045430e+01 -6.763905063732713074e+01
-7.416589704781227965e+01 9.329017413356286426e+00 -7.998576499822213748e+01
-5.968553490718804255e+01 -3.361695384389975061e+01 -6.443283184565760280e+01
-7.110123063481191252e+01 5.373966934041482091e+01 -7.227320933617997412e+01
-2.516619494535303758e+01 -6.510769233912454013e+01 -3.538208483308950036e+01
-2.589982336932070695e+00 -4.945551918950105375e+00 -1.192265339060115892e+01
-2.425059823546606097e+01 1.161131842928095459e+01 -2.862583812836166786e+01
-6.800555797051619322e+01 3.968866261469894141e+01 -6.215579005784208277e+01
-4.109103460645101791e+01 3.978547262193973211e+01 -4.016880241513103300e+01
-3.531348156747417733e+01 3.887349123496948522e+01 -3.856900804974611674e+01
-2.233346409366476593e+01 -3.400654407505188459e+01 -2.773902155088402566e+01
-6.556138652574034609e+01 -3.696251382173992628e+00 -5.738129130223544649e+01
-1.393367314200416374e+01 -7.468019526280541243e+01 -3.719066982088473594e+01
-3.297990645313026903e+01 -6.494896398840784002e+01 -5.011013707532890038e+01
-4.136905996567579535e+01 -5.897215002058609201e+01 -5.759092281811868475e+01
-6.460436733565136369e-02 8.607366378420854858e+01 -2.742169420066973728e+01
-5.128818505494013857e-01 -7.648268118386053516e+01 -3.530016743196690499e+01
-2.964914792443828162e+01 3.917308867832675645e+01 -3.837343708663775033e+01
-2.442955608409734580e+01 4.039790150600803287e+01 -3.936069206264217968e+01
-2.104143792760415366e+01 4.132410919459022125e+01 -4.087464471755485107e+01
-6.554441140681650779e+01 5.329910170110373713e+01 -5.667392129549647706e+01
-2.472436079044281954e+01 4.721585478086404208e+01 -3.836715985682520369e+01
-3.034852323828079079e+01 4.927941725726805089e+01 -3.757421753338385884e+01
-3.626654056162801254e+01 4.987729484790505552e+01 -3.785527061366561696e+01
-4.217645103885921998e+01 4.895059876220191342e+01 -3.953925885085901371e+01
-4.591319089648717267e+01 4.719845951757347535e+01 -4.151113511402822098e+01
-7.525628626845103497e+01 5.623741460118063173e+01 -9.078599546852181845e+01
-4.495321309344155480e+01 4.116740281097609255e+01 -4.241599172599695322e+01
-4.954054871828227902e-01 -1.185646317017334717e+01 -1.680809467527024026e+01
-2.022290751296170441e+01 -1.538141981007734138e+01 -2.243920376304314956e+01
-1.458748251570382592e+01 -1.174589397828936566e+00 -1.625395624766596825e+01
-8.626251281427396833e+00 -1.269570419540853834e+01 -1.725222904932308765e+01
1.718103985300007963e-01 5.053210607754495243e+01 -2.471156469861736582e+01
-4.256978651656701373e+01 -5.172484973534794506e+01 -4.886258309379430642e+01
-3.415367645223225423e+01 -5.834283156521037483e+01 -4.243550791748722162e+01
-1.407975564452588380e+01 -7.033078804263983841e+01 -2.926292909967121503e+01
-5.931219554184263387e+01 -3.987714217097136782e+01 -8.063705106359630292e+01
-2.094419932789416094e+01 4.421756582171054362e+01 -3.999549991823968753e+01
-1.051036855772190215e+01 2.700009852415236011e+01 -1.909594361866918177e+01
-4.367263475194680944e-01 -7.195177178715850630e+01 -2.766729599657574212e+01
-2.412508146602777614e+01 -7.046662359029605227e+01 -4.244195010394107470e+01
-7.146199499219335394e+01 -6.082446246688456348e+00 -7.799022584259418522e+01
-1.155395745442741884e+01 -3.151515909391392967e+01 -2.265781831969633586e+01
-1.251734491647440883e+01 -3.326397699936026697e+01 -2.133366510077040701e+01
-1.353124811797163396e+01 -3.612292917467649289e+01 -2.005617848692868677e+01
-1.439273061311068247e+01 -3.977820592589789328e+01 -2.081563149864239648e+01
-1.643076603210300846e+01 -4.583792899593393599e+01 -2.581636772243854949e+01
-1.896850864187733166e+01 -3.085511523870727046e+01 -2.698344651952671214e+01
-2.100313767165311774e+01 -3.039991021246192560e+01 -2.697772860046006471e+01
-2.294502134714024066e+01 -2.942082635346484309e+01 -2.699447359272130953e+01
-3.008065809265564994e+01 -2.489473207084272488e+01 -2.861753613817651143e+01
-5.637611784925189085e+01 -7.841248118806486644e+00 -4.385916321352450353e+01
-1.059206613867025482e+01 3.414310749000681966e+01 -2.541106851785859888e+01
-1.436355993158558775e+01 4.823765553903587744e+01 -3.632139902383614327e+01
-1.816989774513066180e+01 4.658247471027846842e+01 -3.894615779188477234e+01
-1.760391772389630560e+01 -2.994558770057181363e+01 -2.756182838098357024e+01
-5.651690067941527218e+01 -2.426159885874585598e+01 -5.240841374119674612e+01
-8.556645342511378871e+00 4.923338937460975728e+01 -2.861317556082720515e+01
-2.029459015743755401e+01 -5.219690464263199203e+01 -2.914777358423380349e+01
1.770577973839586039e-01 2.501954545490394466e+01 -7.452137966095297550e+00
-5.956587597119182398e+00 3.075777188141277918e+01 -1.517875935845031776e+01
1.430296556164831201e-01 3.229659120955136586e+01 -1.374624873258329494e+01
-1.462119867046900623e+01 1.553278073241895640e+01 -1.851605803002241757e+01
-4.179069728041455156e-01 -6.511931521026789937e+01 -2.447158886269792077e+01
-5.421133114557143973e-01 -5.662698752024697058e+01 -2.499352630784933993e+01
-1.068623698459203553e+01 -5.595416854475516288e+01 -2.606083412161044066e+01
-3.460410869080239848e+01 -4.010896500477601023e+01 -3.502152130132031971e+01
-2.707359602474260996e+01 -3.592155860102835607e+00 -2.899785428682876898e+01
-2.809623830552321877e+01 -4.702471936636137428e+01 -3.205201659911347889e+01
-4.234250042926074542e+01 -1.968515560635499373e+00 -3.149939875790786203e+01
-3.310692237672586202e+01 -1.025391213153384129e+01 -2.924681817031328990e+01
-4.727193196531429464e+01 -1.320527504610809189e+01 -3.555931273877005339e+01
-1.291432724833222068e+01 -6.386159552478464008e+01 -2.617156830641089016e+01
-1.810109474386809936e+01 1.127650683649988039e+01 -2.274623035349507205e+01
-4.037398819793588700e+01 -4.472581299983124836e+01 -4.134983806778942039e+01
-3.208759580970817638e+01 -5.198182092589442505e+01 -3.710667994588470719e+01
-3.968696769617422859e+01 -3.181783969604982687e+01 -3.620230625491921472e+01
-6.320232346457157746e+01 -1.547719690482046317e+01 -5.890347342998700952e+01
-4.806347553542260442e+01 -3.223922025436363725e+01 -4.285341327591292071e+01
-6.720287548393099541e+01 -2.038029921542444711e+01 -7.419914610819303391e+01
-3.760085375979058853e+01 -1.949744343613074804e+01 -3.156157251308034262e+01
-1.445807462717948866e+01 2.205954051889144907e+01 -2.317128977418317248e+01
-1.341034863883186468e+01 1.312432531934163427e+00 -8.760760659338622247e+00
-1.705063758225949044e+01 -6.567651720739438037e-01 -1.548484632599937072e+01
-1.125244985028757405e+01 6.289159404832743938e+00 -4.486267923896878784e+00
-1.994857302136628618e+01 5.566876815938984890e+01 -3.446517093065910586e+01
-3.056503466173723282e+01 6.031303236665117851e+01 -3.381197558608082687e+01
-3.966215199733569818e+01 6.112879624664067535e+01 -3.456178561256956527e+01
-4.715536952882192168e+01 5.981091446714705029e+01 -3.738178408676062503e+01
-5.232398757350314611e+01 5.631424428639178359e+01 -4.141642392769154668e+01
-5.630572734194450391e+01 4.286309305276950710e+01 -5.078616591000111669e+01
-7.530906745707842731e+01 2.441953931694245483e+01 -7.938467533414947752e+01
-5.144835442455518404e+01 3.203130594790504659e+01 -4.477702841201399053e+01
-4.475094138906659680e+01 2.964550358247670303e+01 -4.077278132428124735e+01
-3.598509621078081722e+01 2.949825062340604021e+01 -3.805367818653454748e+01
-2.758780274283306966e+01 3.108302087314448769e+01 -3.653855722725441524e+01
-2.117649546949840555e+01 3.357869841735060135e+01 -3.684681840746232950e+01
-1.677742434567925756e+01 3.608002430627267643e+01 -3.640613108175717372e+01
-7.540143729380305615e+01 2.454082911794758459e+01 -1.044777981153860509e+02
-1.677187483843602678e+01 -2.582284482660330394e+00 -1.859902584471059939e+01
-1.046417294248039731e+01 2.051240378788157059e+01 -1.379785289408268767e+01
-9.367798353634309905e+00 1.119895108287942698e+00 -3.718498682497282104e+00
-5.933087974907271800e+00 -2.332398846980976881e+00 -6.128720157690277226e+00
-9.202187305973367870e+00 -4.832166748041364507e-02 -6.798467781066029225e+00
-1.497004010510414140e+01 -4.734763074116589365e+00 -2.061974878173655057e+01
-4.906695473952255249e+00 -2.967985695004390578e+00 -4.429195499107041023e+00
-4.408023326699042066e+00 -4.445568856561833648e+00 -1.189420631242962401e+01
-1.699781177227232831e+01 4.184573990059494264e+01 -3.989512630165337725e+01
-1.325394760400599381e+01 4.025148018593859689e+01 -3.592141602615499352e+01
-1.119150964199263854e+01 3.919260469187873497e+01 -3.170171327350301738e+01
-4.808413675197177639e+01 4.587790321082237455e+01 -4.372268592227093364e+01
-5.135810825577762984e+01 4.914222724348382343e+01 -4.422159392120607890e+01
5.723777536726264437e+00 2.384760525533364017e+01 -9.505098770450478796e+00
4.809358495696056934e+01 4.247502275903707414e+01 -4.433857062910341540e+01
5.404117185390929556e+00 -3.677341996659268641e+00 -1.188404036995247104e+01
7.157238764097093053e+01 7.015143849830361944e+01 -7.741863382519852621e+01
2.921849470646237279e+01 3.515875002369389790e+01 -3.686460944212993951e+01
3.591780761860604798e+01 3.470661663571630129e+01 -3.756131790681303073e+01
4.222020783509971409e+01 3.529526749051083812e+01 -3.959744243431411093e+01
5.034804343669602389e+01 4.000007152739309646e+01 -4.533527400333608881e+01
2.343626887790273017e+01 3.706579872744198667e+01 -3.802091512569088394e+01
3.776013259296956903e+01 5.618389017541419861e+01 -3.553625159145835255e+01
3.049688441579802145e+01 5.527392352399852626e+01 -3.548264923836719476e+01
4.442226649474751099e+01 5.515350928686739707e+01 -3.791706561671038855e+01
4.893881530713261441e+01 5.235341246456651731e+01 -4.048487043189048507e+01
5.567424725263848728e+01 3.498249661200278382e+01 -4.862267403209737182e+01
2.366504792838439286e+01 -5.967063212163679964e+01 -3.188075565257252819e+01
5.029510588349054245e+01 4.472201602658356734e+01 -4.666701554705100108e+01
7.501543914537727176e+01 3.929146531086259131e+01 -7.801023568964193089e+01
6.290958204103625917e+01 4.089620604430503903e+01 -5.570824567287676388e+01
3.261589005380803741e+01 5.615321569560034476e+00 -2.987157109412618894e+01
6.378467508499000793e+00 -2.171592368852424570e+01 -1.475810045170512730e+01
4.897367332104876958e+00 -2.887441376513748281e+01 -1.746643226593893061e+01
1.380714950266355601e+01 -2.479381829456576014e+01 -1.815471094380746919e+01
1.825614668251449046e+01 -2.814863648422084452e+01 -2.194724152805677875e+01
1.014157791445560264e+01 -2.994796404101112586e+01 -1.944356283725201351e+01
1.405626805684532954e+01 -3.114249050646450456e+01 -2.316445314790984256e+01
2.698564978470927045e+01 -3.901250504168751121e+01 -3.095300416352314343e+01
5.299257698093918556e+00 6.820880753600799817e-02 -6.638419269919997312e-01
6.280497579568632638e+00 7.270626624751579392e+00 1.119875903289442975e+00
5.902937748749343427e+01 6.177731101930481117e+01 -4.407204386496925252e+01
1.988006412733338024e+01 2.373083328408331383e+01 -2.988041505725424329e+01
1.935057853387390736e+01 1.118615569569939350e+00 -1.633290228260094779e+01
2.005644350654673502e+01 4.990928564415770374e+00 -1.827640505099799029e+01
5.280456711203587616e+01 6.186994792007857846e+00 -3.827963909830739198e+01
6.059751346064801147e+00 1.625857057535455752e+01 -3.025614062688526840e+00
4.424274589128791035e+01 7.065745879362070525e+01 -3.347915766174585173e+01
5.292124763148590461e+01 6.777451593250840745e+01 -3.866693571615642355e+01
6.521312296832205391e+01 8.301290247108019571e+01 -6.503178795871296813e+01
1.524914415680196811e+01 6.361129253241561798e+01 -2.717427676802425296e+01
2.420161923199474074e+01 5.221021574651391006e+01 -3.714861706661739760e+01
3.164875440357707959e+01 -3.284634009420856415e+01 -3.266878660277056667e+01
6.732857766620584528e+01 -2.700985708389579898e+01 -9.200969688482703646e+01
1.436169344864472741e+01 -2.859859876419382996e+00 -1.849376564402948020e+01
9.148146376759871856e+00 -4.763452184875426987e+00 -1.821105681704747781e+01
2.306311535781853195e+01 -3.317583958083010032e+01 -3.117142984210046919e+01
2.017569241522034318e+01 -3.241428549146964855e+01 -2.922453781344083623e+01
5.661606812134657218e+01 7.259315099734942578e+01 -4.184897071235707244e+01
1.927816559718596778e+01 -2.187571119828216393e+00 -1.977414328830859347e+01
3.220924991627369138e+01 7.000283417403345254e+01 -2.947225755241651513e+01
3.341932157471863718e+01 7.584138781852381328e+01 -2.840108751446200586e+01
3.855811642171302367e+01 9.928490110144198866e+01 -4.040912094539142885e+01
6.111178619914154808e+01 7.770637197745259073e+01 -5.153015106145016233e+01
3.534379164860703781e+01 8.739072033414728935e+01 -3.377297843812870326e+01
6.307035505726975089e+01 6.490553365696030141e+01 -4.984020325612298308e+01
6.748552219911537975e+01 6.695124391991777202e+01 -6.245292566442351045e+01
5.738555875577768361e+00 -2.581388463779417464e+01 -1.529412558825857893e+01
1.173122589468996857e+01 -2.795524685136345155e+01 -1.832800618648874291e+01
1.618055583024647603e+01 -2.975224506095470645e+01 -2.190774227391751339e+01
1.259121187043836088e+01 -4.095542165692207526e+00 -2.014514436225325866e+01
2.142246745159685517e+01 -3.292725286386205141e+01 -3.014113347065121573e+01
1.945605041221884335e+01 -3.373543966795836013e+01 -2.629660655367641198e+01
1.964431646350059069e+01 -3.183745204213622415e+01 -2.910866484375080532e+01
1.167241574061443288e+01 -2.363387609494840280e-01 -9.863825212146638322e+00
1.283037123611417130e+01 -3.075351345370477318e+01 -2.412544291758534953e+01
8.815567498316395856e+00 -3.035192823137105123e+01 -2.185427328914274980e+01
4.119822043842196635e+00 -3.008562296007042747e+01 -2.002432925822395049e+01
7.402860981113140504e+00 -4.903998606723168052e+01 -2.538351436508067138e+01
6.605729353317186359e+00 -4.254009912037525254e+01 -1.909997356388316803e+01
6.137547083498474443e+00 -3.844692638303222054e+01 -1.825173790829903098e+01
5.513521026799971025e+00 -3.475256078570922114e+01 -1.953381009362775345e+01
4.945907933271381118e+00 -3.226702395256934608e+01 -2.060104150996585659e+01
1.428892695876378660e+01 -3.216776348523278273e+01 -2.451396033033620370e+01
1.525872794312229885e+01 -3.313313173846484716e+01 -2.343329972514456827e+01
1.673003817758173639e+01 -3.503392675511931742e+01 -2.231120771268300018e+01
1.814988832361256144e+01 -3.744185093263209296e+01 -2.339362429354993722e+01
2.509818003320757285e+01 -2.021892230845228866e+01 -2.475647741137269620e+01
7.441612847890473859e+01 8.336437359324413876e+00 -1.034611781148186225e+02
1.685695930834976153e+01 -3.225521700130334324e+01 -2.705827607297176129e+01
1.797092412296477804e+01 -3.278047342000505893e+01 -2.630918681937280112e+01
7.118113595710055641e+00 -7.658923199898941547e+00 -1.752893745916652435e+01
1.682374501232789399e+01 -6.501196111121390508e+00 -2.425014661157193174e+01
8.067738377103228942e+00 -6.284664918011487522e+00 -1.778360845075132346e+01
2.679170557243685380e+01 1.942133327812116050e+01 -3.185611227382738875e+01
3.760035800671852968e+01 1.458736932219851745e+01 -3.395139621717150646e+01
2.085034441529050753e+01 1.737771723151413150e+00 -2.175378023236660141e+01
5.491313582772793467e+01 9.300920132485674685e+01 -5.181769051066182641e+01
5.115905809470590526e+01 8.496968228132813294e+01 -4.211405355391591598e+01
4.673436830562944522e+01 7.639005064239370313e+01 -3.458384648516560844e+01
2.226804691565031646e+01 -4.300001099117328351e+01 -2.798717744172959243e+01
1.739412963362063991e+01 7.338941322723509586e+01 -2.500480815086246622e+01
1.873387338039626471e+01 8.673311945439516535e+01 -2.890224002146403848e+01
2.078574824810071675e+01 1.018521861987258177e+02 -3.380238760876536475e+01
4.746959230374877592e+01 3.695348943880766512e+01 -4.260927870679017104e+01
6.287238501125756329e+01 2.966241481620696874e+01 -5.202659704912143468e+01
1.965821894432317052e+01 3.914329209294283629e+01 -3.894583341842847801e+01
5.585585839683512432e+01 5.031489566954255821e+01 -4.637460914743660112e+01
1.537062238906283262e+01 2.859573318591081659e+01 -2.781039259060852586e+01
1.595750675633592230e+01 4.057450487810453588e+00 -1.022126630760414479e+01
6.990080977302982035e+01 2.494207676630540860e+01 -5.896635645319754815e+01
5.833843584744061417e+01 2.415173145378552633e+01 -4.561136974967672586e+01
4.970016095657447153e+01 2.121917574183024513e+01 -3.928970628490559136e+01
3.682333055820686241e+01 2.247596749068291544e+01 -3.662362942206393512e+01
2.752401529784980738e+01 2.551056817575969760e+01 -3.515636407228286942e+01
2.053285269076252462e+01 2.902528209588072272e+01 -3.367050373479781200e+01
6.484216756404444837e+00 3.840373936806355459e+01 -2.203211587988390008e+01
6.852312856882056735e+01 9.390402012599242454e+00 -5.629068019683150226e+01
6.140924202967083545e+01 5.202411573967763303e+01 -4.983229195030801151e+01
3.130573378567980125e+00 -3.570161191801807021e+00 -3.559880091261031776e+00
1.879810688094503490e+01 1.657280442520384511e+01 -2.657369813200127950e+01
7.624365155714238540e+01 3.994034492070899489e+01 -1.002003729492844855e+02
1.531855292098935806e+01 3.307826031535037004e+01 -3.298930577052867363e+01
2.137276886669767961e+01 1.229186325678681246e+00 -2.795297298054822832e+01
5.236168829793668067e+01 4.452923537204387117e+01 -4.800611533949990672e+01
1.642443469699844982e+01 8.793837837563346582e+00 -1.276285475895422827e+01
7.221724914921927052e+01 -9.005184570040178471e+00 -9.967701563647919727e+01
1.957078772918044862e+01 4.198259902018534717e+01 -4.054387646435669978e+01
1.158221660804990805e+01 1.341740805580357510e+01 -6.751839759086535331e+00
5.254397484375505201e+01 -4.481225101411626355e+01 -5.571400930384070449e+01
5.262940133700855228e+01 -5.194515332368150240e+01 -6.757307958012438576e+01
7.479503226591097587e+01 8.650801124136977549e+00 -7.982887180131558580e+01
6.101984925213726996e+01 -3.524606803303415603e+01 -6.454597801534355028e+01
7.135391691665599012e+01 5.400941555699726848e+01 -7.215616869069719996e+01
2.525799209552744173e+01 -6.625522560357852342e+01 -3.558145051910684487e+01
2.169655926248099664e+00 -5.023779525704677340e+00 -1.192793876863595059e+01
2.460997441198136926e+01 1.112383116948054962e+01 -2.875274864079493042e+01
6.870014737589397669e+01 3.961061568743256345e+01 -6.216495174342088603e+01
4.168986893764181900e+01 3.952874011307294211e+01 -4.018951322713466112e+01
3.602157854862587527e+01 3.864890293542797650e+01 -3.847373128291373234e+01
2.113374341102921505e+01 -3.518736278875361023e+01 -2.734762570845321505e+01
6.654414413409637064e+01 -4.815743863113011614e+00 -5.746314484680475942e+01
1.322135577237494886e+01 -7.536448720935931078e+01 -3.726064122833107461e+01
3.335409716428389970e+01 -6.648843461994076165e+01 -5.014204182201852689e+01
4.226731160681551813e+01 -6.071524014500037936e+01 -5.756175490685614449e+01
3.031474326351825255e+01 3.894648614976921408e+01 -3.824588037633651538e+01
2.492957272789867318e+01 4.015978026022186498e+01 -3.912953496716485091e+01
2.136133440716222509e+01 4.107314721159990967e+01 -4.055028700610313308e+01
6.626546316274428250e+01 5.356431569290598560e+01 -5.666902876681331236e+01
2.538771367093170639e+01 4.711161369821226685e+01 -3.808828238953618950e+01
3.121232103614210374e+01 4.929944346937183042e+01 -3.741730745157194349e+01
3.704747919360939790e+01 4.994144677029768076e+01 -3.786530715204879272e+01
4.291942574487037376e+01 4.904851273003511380e+01 -3.951497878882029369e+01
4.655607737333240692e+01 4.731019669182531118e+01 -4.159749713921384284e+01
7.504209676961666275e+01 5.659595616211684188e+01 -9.044166939764114943e+01
4.549012762021226308e+01 4.097576133301502210e+01 -4.241720172542524381e+01
1.971152747651913373e+01 -1.610385286000388660e+01 -2.244954877845967545e+01
1.464032564430827321e+01 -1.684539146030596957e+00 -1.647556557132619659e+01
7.735288962824308889e+00 -1.302784532784282767e+01 -1.726168146983991036e+01
4.342702625243718018e+01 -5.349766848980438994e+01 -4.908426631610711155e+01
3.471542090250497381e+01 -5.990794159330091162e+01 -4.265350505413328364e+01
1.365224798989643240e+01 -7.097978363870275587e+01 -2.939400454884854597e+01
6.049027829635694076e+01 -4.150913800088367367e+01 -8.042411448635591853e+01
2.134929845448311880e+01 4.403080158663034638e+01 -3.955784624092282797e+01
1.079462032643298741e+01 2.683909737220445990e+01 -1.906785931013925506e+01
2.399160725739361055e+01 -7.160293593211764573e+01 -4.230962716507892907e+01
7.235786108867483790e+01 -7.105032961143225911e+00 -7.793945259461554542e+01
1.006311715586180533e+01 -3.212279841197103281e+01 -2.230901979139832747e+01
1.106224771940689422e+01 -3.385764386218937716e+01 -2.113217053897418651e+01
1.215101332140804402e+01 -3.673650674025152796e+01 -1.986679637619200989e+01
1.310213698139956406e+01 -4.041263323021645704e+01 -2.064632570266313394e+01
1.570718927423222411e+01 -4.659100140910742738e+01 -2.571224444157014943e+01
1.756526236193752410e+01 -3.198918394868833559e+01 -2.641706998609371126e+01
1.956259866394618641e+01 -3.164367691200330768e+01 -2.636529264570197739e+01
2.157164439959251823e+01 -3.070344671495152866e+01 -2.640228404917799310e+01
2.931850697510299852e+01 -2.610612398001364909e+01 -2.837592474366463691e+01
5.725335144178822588e+01 -8.932586237157506659e+00 -4.415162754170452075e+01
1.084667248206928392e+01 3.402732775159574885e+01 -2.537758476982771683e+01
1.451872130077790146e+01 4.812962739043256732e+01 -3.629308730607626643e+01
1.840183850275194999e+01 4.649118175954398424e+01 -3.865122024062963391e+01
1.630694581112373243e+01 -3.099653110430181258e+01 -2.699196059962635275e+01
5.747694015464131212e+01 -2.571183802220733838e+01 -5.262245411003837603e+01
8.860435551523265119e+00 4.919162845000490591e+01 -2.857216748550643004e+01
2.015352742257929819e+01 -5.314274609236205293e+01 -2.936838291693467795e+01
6.257942842258932714e+00 3.067175960226665410e+01 -1.521032820239004657e+01
1.489919176585530103e+01 1.525839129032821262e+01 -1.856660353315445278e+01
1.001098088514044804e+01 -5.644823216000661148e+01 -2.620626676615267314e+01
3.465832738852900974e+01 -4.156582650233604426e+01 -3.525429459733259563e+01
2.695241102259630495e+01 -4.257800146866805413e+00 -2.923920105764454647e+01
2.817988613890916128e+01 -4.831977972523186793e+01 -3.231022768298206671e+01
4.273553191799494755e+01 -2.791700436257488427e+00 -3.199560764076780828e+01
3.291425769918352273e+01 -1.110533005069880375e+01 -2.946796561482361909e+01
4.782856133888237338e+01 -1.433429927385511782e+01 -3.599228896936485000e+01
1.249483891562167770e+01 -6.442337666376204197e+01 -2.629786658867347882e+01
1.843718804105284192e+01 1.085005079621598689e+01 -2.281066753694423710e+01
4.092349368681117738e+01 -4.630752482982466489e+01 -4.160656675437818564e+01
3.247394048075902617e+01 -5.344191947447467328e+01 -3.742464006554043010e+01
3.972683348861422559e+01 -3.326200441747145931e+01 -3.627602328486597827e+01
6.424835135992817925e+01 -1.681882767760167141e+01 -5.899888540588446517e+01
4.884999198395331632e+01 -3.380185166923733675e+01 -4.310217497460129721e+01
6.843117813973445607e+01 -2.173983071124323985e+01 -7.413499864094947611e+01
3.741315554041359093e+01 -2.063959359421851758e+01 -3.173945793030633666e+01
1.472353971908493087e+01 2.181896602367141469e+01 -2.312230353192998678e+01
1.376099496936972422e+01 8.496806750618413062e-01 -8.724026046772976883e+00
1.729069159293118574e+01 -1.175038660034136262e+00 -1.559717065600523966e+01
1.150276781180104813e+01 6.020663594623908210e+00 -4.547284093570311825e+00
2.017884592319879644e+01 5.568773184022641232e+01 -3.439969746824149865e+01
3.098442639302900048e+01 6.050637950963740508e+01 -3.401573459291137169e+01
4.024450540610855853e+01 6.147268194755569226e+01 -3.481272464667936362e+01
4.782149573495156147e+01 6.014818507779480683e+01 -3.754005065838825317e+01
5.309231938731333145e+01 5.665196885987241870e+01 -4.151214845579971069e+01
5.693883455677063665e+01 4.277846441453215220e+01 -5.085553410436506994e+01
7.592517510599263630e+01 2.406446434619306274e+01 -7.916148000322992573e+01
5.217981090404931876e+01 3.169042216335716589e+01 -4.485001218853403060e+01
4.547669961670899141e+01 2.927203468217111748e+01 -4.091297873215428638e+01
3.665322048242957464e+01 2.913605153739960940e+01 -3.806835153775692504e+01
2.822630714828028786e+01 3.077825564001141601e+01 -3.647187130639469643e+01
2.163058712389510774e+01 3.328663916177846005e+01 -3.683716309392124089e+01
1.708802188180710502e+01 3.583943431075473995e+01 -3.631844961135609395e+01
7.535585513941842351e+01 2.428421060406078880e+01 -1.040398643640627938e+02
1.684674118892161232e+01 -3.194816223735826632e+00 -1.875615643620223949e+01
1.068330509706360942e+01 2.038785398405418903e+01 -1.370590612341248082e+01
9.623280223554557367e+00 8.142702665574741427e-01 -3.753786695169724297e+00
6.068908101652355391e+00 -2.580851092127243618e+00 -6.199045276453277076e+00
9.436278516927121274e+00 -3.865623500242014177e-01 -6.822955770009037302e+00
1.493050219812074708e+01 -5.315881069207710752e+00 -2.080621073294103951e+01
5.074458027436627994e+00 -3.159884490194487583e+00 -4.512170065159506471e+00
4.140377723990523506e+00 -4.666942646764100644e+00 -1.194741771226527760e+01
1.715849950837178284e+01 4.161103241069623948e+01 -3.967252158000870566e+01
1.349234743371756018e+01 4.003514523722033402e+01 -3.584128878843036148e+01
1.141415790274090725e+01 3.904735385597218311e+01 -3.172508824179828935e+01
4.865150939511317318e+01 4.593387212724905311e+01 -4.390386063675060768e+01
5.210184819132281575e+01 4.929070946275962939e+01 -4.428214956261325597e+01
