9.715261429154637973e-01 -2.405340024196092941e+01 -1.550542957107028030e+01
0.000000000000000000e+00 0.000000000000000000e+00 0.000000000000000000e+00
5.772394153668909400e-01 -7.395054299621675931e+00 -1.670951722429333586e+01
-5.718085778465239244e+00 2.504571474389956975e+01 -9.102449030403915842e+00
-1.877573581154713678e-01 7.689113919332393188e+00 2.187279307721364585e+00
-3.532051038643458929e-01 1.786480028390679919e+01 -5.689394637565569068e-01
-1.882055418329995067e-01 4.259951123997963407e+01 -1.890045940484137077e+01
-4.782632663767589065e+01 4.493834615900469487e+01 -4.457063345149759215e+01
-2.646694166260931680e-01 6.290309673650882161e+01 -2.359397888169057822e+01
-3.078761843421627953e-01 7.343678082832028053e+01 -2.227112977297997176e+01
-6.822411035537413460e-01 1.077085205447479552e+02 -2.976973990160462691e+01
1.057881329128584902e+00 -2.761458238702201839e+01 -1.630425346596773650e+01
1.107758307010261900e+00 -3.020542167376550324e+01 -1.865560369196505164e+01
1.203515796965393569e+00 -3.122250007325654764e+01 -2.168275492329665610e+01
1.348123538472669081e+00 -3.222811277259539509e+01 -2.147938999336728116e+01
1.403993394745156165e+00 -3.514026665648589898e+01 -2.045489232158114135e+01
1.464087679947156051e+00 -3.887819570361225630e+01 -1.920363464806965226e+01
1.510890661817064107e+00 -4.269529416211414485e+01 -2.027603923703730260e+01
1.624374112135546167e+00 -4.882027494940360413e+01 -2.696950580370291206e+01
8.257388880051629021e-02 -3.864512587953694123e+00 -3.421771925879288911e+00
-5.084136094891708701e+00 -3.318875548396316599e+00 -1.246240014339738522e+01
-7.361911664998514482e+01 7.350445227565649020e+01 -7.723259625016576990e+01
-2.854186695661014284e+01 3.769351476276774804e+01 -3.725524819999115778e+01
-3.535361311074238699e+01 3.714207890704584258e+01 -3.787137491716515569e+01
-4.175631105751853767e+01 3.763927569969025910e+01 -3.988040854939606561e+01
-5.023595081803389917e+01 4.214591853741001870e+01 -4.565191994871153014e+01
-2.276415242645981252e+01 3.974012704405524232e+01 -3.821394413227177012e+01
-3.720207998618531064e+01 5.782329279904099195e+01 -3.518711747989910776e+01
-3.010774255676824751e+01 5.723178417851598709e+01 -3.520529214323012468e+01
-4.381217717381928622e+01 5.665916343534705391e+01 -3.754080364028764905e+01
-4.834864929335688544e+01 5.393553105489518629e+01 -4.032917509388803268e+01
-5.580910461337479944e+01 3.700516587960454729e+01 -4.919053569932572145e+01
-2.185574653008931989e+01 -6.000120693979191344e+01 -3.442574199748829500e+01
-5.007128851276925019e+01 4.700948154408265367e+01 -4.688084938508796995e+01
-7.609542140283160450e+01 4.110154154885724154e+01 -7.934229947900625746e+01
-6.344599850728661039e+01 4.250823077304888642e+01 -5.617410356800036197e+01
-3.195419361161261662e+01 6.442082758693394418e+00 -3.092820708752297421e+01
-6.325120481645869042e+00 -2.304797029518750762e+01 -1.643044312983138155e+01
-5.029043941251767791e+00 -3.015673159623604249e+01 -1.957058221445037560e+01
-1.361169294059405921e+01 -2.553157330463365327e+01 -2.017426319476623320e+01
-1.835986229966415095e+01 -2.852583225445812332e+01 -2.450347764560745745e+01
-1.029736310962469048e+01 -3.076708316415264477e+01 -2.186171589322386666e+01
-1.446632200830790893e+01 -3.153903519403128541e+01 -2.595903699918778429e+01
-2.634054686910204168e+01 -3.888225127257297231e+01 -3.412424818975666341e+01
-5.235033454983155643e+00 1.152913737355955592e-01 -6.539356779860846514e-01
-6.281242621765355416e+00 7.483316983231518726e+00 1.329602471424587318e+00
-5.942283021110115016e+01 6.240476949557785247e+01 -4.322204019140572484e+01
-1.929179057842874201e+01 2.541714696612406854e+01 -3.020101393423222191e+01
-1.876244819694199606e+01 1.838283340181462666e+00 -1.692278248373053628e+01
-1.939181937223920471e+01 5.894050503918163209e+00 -1.889100151870418287e+01
-5.242514285710742428e+01 7.196941683365003506e+00 -3.957026254222375172e+01
-6.092463544506419026e+00 1.697682248494303181e+01 -2.674785960125339646e+00
-4.378553129078754580e+01 7.136183304064587674e+01 -3.186450983474652787e+01
-5.290126049464915070e+01 6.833843756161985539e+01 -3.719573273494788879e+01
-6.703862273905780000e+01 8.700090243136988022e+01 -6.402842881486455440e+01
-1.454428085078462551e+01 6.512665141099094512e+01 -2.572789380303592921e+01
-2.382534802477332647e+01 5.456454806095995025e+01 -3.701808356674150957e+01
-3.126650390927862944e+01 -3.251752060918342835e+01 -3.578204476509281307e+01
-6.615367026520638660e+01 -2.743464053382565382e+01 -9.625744409802548773e+01
-1.386130436782822173e+01 -2.169120365671701300e+00 -1.942979536224840231e+01
-8.754941343193221925e+00 -4.266774801350337043e+00 -1.893426690836730941e+01
-2.332938943654317043e+01 -3.264907383084008075e+01 -3.457024326673771952e+01
-2.067033271665917127e+01 -3.202416295950636993e+01 -3.267876008666519994e+01
-5.701483103762018345e+01 7.332902896746911381e+01 -4.038465273415398116e+01
-1.865902036671828412e+01 -1.426773639172659758e+00 -2.059354305421909359e+01
-3.132246211744681830e+01 7.098449620753099509e+01 -2.789423553543316814e+01
-3.273823930120295245e+01 7.717671199152013628e+01 -2.656481966603742961e+01
-3.971559541045083108e+01 1.043286309891613541e+02 -3.816825874421744658e+01
-6.215173661637469138e+01 8.022497388084313741e+01 -5.030493357815010569e+01
-3.556925203177460304e+01 9.087158014693198993e+01 -3.174558300412298451e+01
-6.382131693059320554e+01 6.574489794741751325e+01 -4.904125904071823783e+01
-6.892746376838873346e+01 6.917780270853839397e+01 -6.203471384024536661e+01
-5.793074259328237829e+00 -2.725369986552509616e+01 -1.717555833548033917e+01
-1.171391473402980665e+01 -2.881565542549010672e+01 -2.061927723968722503e+01
-1.637596257990827553e+01 -3.020005644722522575e+01 -2.461792489400784589e+01
-1.214404601821841467e+01 -3.450567104884540548e+00 -2.093323353473609316e+01
-2.185566764071470658e+01 -3.246518181277966875e+01 -3.363613150249917538e+01
-1.964694889480186291e+01 -3.335925627745570665e+01 -2.944159589421718692e+01
-2.021486671898184184e+01 -3.156442258085629504e+01 -3.249889896361018060e+01
-1.120292969502825109e+01 2.972215747067568636e-01 -1.024754344436753861e+01
-1.330531263523512742e+01 -3.105757723973865581e+01 -2.705764661744601440e+01
-9.063301799620113286e+00 -3.100958357476189420e+01 -2.444970836050258356e+01
-4.206247210405796189e+00 -3.109402278147693011e+01 -2.231247655005513408e+01
-6.479977798511728615e+00 -4.898255503194638294e+01 -2.724176261111185937e+01
-5.990465454696961345e+00 -4.231745454295084841e+01 -2.066289752898205734e+01
-5.713887862128787631e+00 -3.816951913462307289e+01 -1.980862338973260250e+01
-5.242128803441723939e+00 -3.459291137206029276e+01 -2.114518412322204455e+01
-4.728911624317862383e+00 -3.215492111564664413e+01 -2.221683357568217687e+01
-1.451630809580010073e+01 -3.195986128228935286e+01 -2.704055145013603223e+01
-1.541333555256244203e+01 -3.281472449250459533e+01 -2.590506115668457809e+01
-1.671209945128801166e+01 -3.463842450944874685e+01 -2.486408285026723775e+01
-1.788953121219106990e+01 -3.706547909003684538e+01 -2.599739724967235688e+01
-2.464023503402836468e+01 -2.022250194685771874e+01 -2.707690636727715017e+01
-7.466751014466498759e+01 8.744105775598645991e+00 -1.068029115696909912e+02
4.006331154140288509e-01 -5.224357152762768131e+00 -1.211558705184937246e+01
-1.721684267922469047e+01 -3.200051624482879475e+01 -3.006825793985152018e+01
-1.829884610805912715e+01 -3.241123866426103461e+01 -2.940507467798382990e+01
-6.706649686487980766e+00 -7.470840904720874143e+00 -1.847471254362287851e+01
-1.616608910050533154e+01 -5.840120906550255064e+00 -2.542238503253643600e+01
-7.681322867103365759e+00 -5.939397624830214717e+00 -1.863022334853965845e+01
-2.613714861779305210e+01 2.094039788932793655e+01 -3.245126539833341184e+01
-3.706545011888643160e+01 1.586988812495406087e+01 -3.459662336542017158e+01
-2.017072730624394339e+01 2.610204674036176176e+00 -2.269456222842830684e+01
-5.636985760737479723e+01 9.751831576163351656e+01 -5.012701221765068027e+01
-5.168503324138016808e+01 8.787203641307407054e+01 -4.043630128508717547e+01
-4.651174839960152241e+01 7.737442000640032802e+01 -3.293579658126261478e+01
-2.136375560018592878e+01 -4.291266970088904031e+01 -3.091405646286491304e+01
-1.683314539810433530e+01 7.528615965696772605e+01 -2.311179145196060247e+01
-1.905712028610834352e+01 9.076993117903253960e+01 -2.668421276591892521e+01
-2.174698495754673289e+01 1.071820972170145012e+02 -3.124608552118115767e+01
-4.715988518750019409e+01 3.920940237664580508e+01 -4.300131822276269133e+01
-6.312387839096755471e+01 3.142385234744731548e+01 -5.283974426620979159e+01
-1.904845756268982271e+01 4.184744383913201204e+01 -3.906467762724370374e+01
-5.600570300701317450e+01 5.184691453239909009e+01 -4.631549623809403471e+01
-1.483248903236066951e+01 3.047804101380135577e+01 -2.787736467916306182e+01
-1.545332467343878058e+01 4.687490140288866236e+00 -1.046970064161598302e+01
-7.022281387777690043e+01 2.639899665302122500e+01 -6.023422352207923325e+01
-5.831368508783804572e+01 2.581139375572886507e+01 -4.654362007361170583e+01
-4.935937007778106533e+01 2.284965008574630474e+01 -4.018052155035200457e+01
-3.629625033141416424e+01 2.415782833289195963e+01 -3.725332765585992689e+01
-2.686723005898275929e+01 2.736665452043784441e+01 -3.572465940595169087e+01
-1.991156701437111209e+01 3.105639301682326092e+01 -3.399937996969642739e+01
-6.363600582510447801e+00 4.067351602116915643e+01 -2.138043049702039156e+01
-6.838812159485895847e+01 1.045005499374889624e+01 -5.808718333812762324e+01
-6.191934902276212682e+01 5.317943722987456567e+01 -4.969967306277615648e+01
-2.959100299069025830e+00 -3.530761140212807181e+00 -3.792988866435887729e+00
-1.814233054867369788e+01 1.790526154477801413e+01 -2.724288875986753311e+01
-7.775168693990239888e+01 4.182074146238117862e+01 -1.020805570863211926e+02
-1.477453117501583790e+01 3.532400986738205972e+01 -3.307887020774343512e+01
-2.068973829103447670e+01 2.190820004712854541e+00 -2.919409277940108893e+01
-5.216968257574660583e+01 4.655618611440278443e+01 -4.819011055427612433e+01
-1.585915791181768419e+01 9.610254207595213316e+00 -1.298610423814121262e+01
-7.177711308082463404e+01 -9.118800419876762930e+00 -1.034396715659377151e+02
-1.901593855197043936e+01 4.486343134879574990e+01 -4.066927621960233097e+01
-1.128487205276765870e+01 1.414387540573997448e+01 -6.602478473961834737e+00
-5.038072749130162009e+01 -4.483751203620882109e+01 -5.935021816337125244e+01
-5.001126459806673807e+01 -5.213667990206187852e+01 -7.176677863384938405e+01
-7.478468377443071802e+01 9.302420880235271028e+00 -8.240764747134656432e+01
-5.939967747788499963e+01 -3.532948137810119249e+01 -6.814634455516453215e+01
-7.277277150353675950e+01 5.618588553646679173e+01 -7.260854499753151003e+01
-2.311601886679592965e+01 -6.626750286493995645e+01 -3.841951894976206461e+01
-1.929201088904170414e+00 -4.955710914254774835e+00 -1.260551961306980218e+01
-2.388336913183528409e+01 1.229759582022043851e+01 -2.964908328593326203e+01
-6.946626210213688069e+01 4.113157933946856559e+01 -6.289985069307717680e+01
-4.125592295370620377e+01 4.220204383832112427e+01 -4.039112355520958886e+01
-3.546941021608537881e+01 4.134784012757460658e+01 -3.865954209331861335e+01
-2.113335021914580025e+01 -3.484587474127311424e+01 -3.058444422851881583e+01
-6.605875096043588712e+01 -4.272483483726237097e+00 -5.988160743015519216e+01
-1.140529859146654523e+01 -7.480377025947599634e+01 -4.040347680306616240e+01
-3.060623714669667095e+01 -6.644091967070666271e+01 -5.367927214125366220e+01
-3.937706361376503139e+01 -6.078703135150032466e+01 -6.142031676856014855e+01
-4.593945271452705703e-01 9.012139399389148764e+01 -2.527997464504722913e+01
1.833423820605585952e+00 -7.585005553363710362e+01 -3.839895651439819346e+01
-2.970469884589451226e+01 4.173561464091191198e+01 -3.842746807956149269e+01
-2.428488330902707659e+01 4.302255681588579961e+01 -3.923796679017561928e+01
-2.073811252220582091e+01 4.396607896278564453e+01 -4.065149293730350166e+01
-6.709355443735860547e+01 5.474919941765929110e+01 -5.668291459115111763e+01
-2.490178246140191476e+01 5.029484680645116157e+01 -3.818558501348181977e+01
-3.075079416758851636e+01 5.247924473088158948e+01 -3.730429818060417801e+01
-3.664991678360309635e+01 5.299114248371758151e+01 -3.761285707077150420e+01
-4.255279462881822639e+01 5.179927487563511335e+01 -3.941350569443766716e+01
-4.625490268497032531e+01 4.980001625109569829e+01 -4.157297450632859892e+01
-7.692589580132278115e+01 5.930252828570460366e+01 -9.131800916601406470e+01
-4.514418686602326858e+01 4.352347424024207356e+01 -4.266549665480487619e+01
7.571006850993464710e-01 -1.253390445819134413e+01 -1.799536410633712791e+01
-1.901928076649744526e+01 -1.605829321676226229e+01 -2.421570248031904526e+01
-1.414029967109565433e+01 -1.030809156946601135e+00 -1.702933156877655207e+01
-7.399892040708787810e+00 -1.346457455933995817e+01 -1.846752680872496555e+01
-2.400550434462086491e-01 5.277731836776867169e+01 -2.374205795862136625e+01
-4.102710281967225114e+01 -5.358837572301694507e+01 -5.260268900160161110e+01
-3.231481984067229973e+01 -5.997941062940778068e+01 -4.586165870867760219e+01
-1.193352650653432256e+01 -7.095926395998414193e+01 -3.204360894191095355e+01
-5.863603746580951537e+01 -4.186186331638196378e+01 -8.479231181302293407e+01
-2.078300858143966678e+01 4.705790274074214352e+01 -3.965966273272917419e+01
-1.046481400982541743e+01 2.840467571719689488e+01 -1.888279799215956700e+01
1.791498373029169366e+00 -7.156111736640386312e+01 -3.021866029703915046e+01
-2.156374934416016131e+01 -7.133575022702038382e+01 -4.567419373999041454e+01
-7.181163941347369928e+01 -6.963242672830286750e+00 -8.104654914748664396e+01
-1.006760939100077934e+01 -3.191532688229903059e+01 -2.440397987251295575e+01
-1.098915496522766588e+01 -3.362392202497473193e+01 -2.309687176814595588e+01
-1.189726636397384141e+01 -3.641815133786570868e+01 -2.194776061869444916e+01
-1.258533347191615803e+01 -4.009668923747543090e+01 -2.286280423313797883e+01
-1.473726873594882569e+01 -4.645440071924930692e+01 -2.814630242382863301e+01
-1.814506786247314096e+01 -3.195346728147225335e+01 -2.963510818322472673e+01
-1.997704173193860910e+01 -3.158092093059765304e+01 -2.955046828564606898e+01
-2.186114240409601805e+01 -3.062475413295290139e+01 -2.950760876878666394e+01
-2.913148182036215772e+01 -2.599529596528165598e+01 -3.117187004256459204e+01
-5.675839691522855190e+01 -8.487964513189405480e+00 -4.627607917762554735e+01
-1.050005407250518275e+01 3.608794272391215685e+01 -2.511484753548663207e+01
-1.400690248482468547e+01 5.076351464392385537e+01 -3.618804129278863257e+01
-1.796031081573472932e+01 4.917348188264347897e+01 -3.857031873686804602e+01
-1.694479469780263159e+01 -3.097903147709217109e+01 -3.025940439060615716e+01
-5.641564267750587902e+01 -2.560927476002413528e+01 -5.560997100121925740e+01
-8.551948733386238288e+00 5.154209715971109773e+01 -2.801910135782750189e+01
-1.857816824166188496e+01 -5.332683092463249608e+01 -3.183669321825628273e+01
-2.592176415003971113e-01 2.625012147884329394e+01 -6.891066315290301780e+00
-6.194047443360268801e+00 3.239574777322544463e+01 -1.461479085082541474e+01
-2.216987129856680949e-01 3.406384214714339720e+01 -1.306189605659546871e+01
-1.437928199941899088e+01 1.632406144569251083e+01 -1.883368435481426317e+01
1.798998038857041681e+00 -6.499118602894974117e+01 -2.658719671699042308e+01
1.784118610523424797e+00 -5.647010265730705214e+01 -2.681961721402263876e+01
-8.684974760396338311e+00 -5.658308533080312230e+01 -2.817598805534652939e+01
-3.328713423289784856e+01 -4.164007678650090583e+01 -3.829181710974225439e+01
-2.623859561148979580e+01 -3.663944432359831360e+00 -3.071381638542641923e+01
-2.654403332325152576e+01 -4.846665547679090480e+01 -3.523594624889415883e+01
-4.224052920888617990e+01 -2.235319917264246392e+00 -3.346784110584659544e+01
-3.235268850675746677e+01 -1.086735906395030327e+01 -3.142301706248176529e+01
-4.725320662108656222e+01 -1.402363026918269462e+01 -3.819424078928958011e+01
-1.096379554352279762e+01 -6.473696241212009284e+01 -2.848959346762046607e+01
-1.773754260374801817e+01 1.197098489050327963e+01 -2.344086509846962940e+01
-3.899512031774695231e+01 -4.640097968159702191e+01 -4.478610766074171323e+01
-3.039262832928331193e+01 -5.356289669277004606e+01 -4.042387348067328645e+01
-3.871862090118065680e+01 -3.318840711740421767e+01 -3.924642567474123211e+01
-6.342365463873030507e+01 -1.661798376920857123e+01 -6.194964697056878578e+01
-4.743047101734006787e+01 -3.366300695594347303e+01 -4.610920878330664152e+01
-6.730600302745980912e+01 -2.185764669331100762e+01 -7.764231675185619963e+01
-3.700852834187783458e+01 -2.049752921859770538e+01 -3.414032557307303506e+01
-1.418678621366596104e+01 2.326361385643757274e+01 -2.332094518336281297e+01
-1.331377117439281932e+01 1.425335719391835232e+00 -9.011655761567753942e+00
-1.674680153757176271e+01 -5.652880060933397344e-01 -1.624079793588052922e+01
-1.126807847457568279e+01 6.491389333273935414e+00 -4.428862716138594280e+00
-1.953127710569015463e+01 5.775476851712016213e+01 -3.409433461947082122e+01
-3.031977941625291351e+01 6.198417233123032588e+01 -3.326097520079380843e+01
-3.963290103197162040e+01 6.265346784653282697e+01 -3.392602980984123917e+01
-4.743360067074366526e+01 6.127529960835931178e+01 -3.670868301266015976e+01
-5.295849647464660137e+01 5.784487073319495209e+01 -4.086814926323538799e+01
-5.712728861694444049e+01 4.455411592434740697e+01 -5.112125581135255459e+01
-7.650779637072157868e+01 2.529784928086584372e+01 -8.117296676959335855e+01
-5.199206583566700601e+01 3.363733715115147049e+01 -4.553730976960369503e+01
-4.507344399524953360e+01 3.125641407922187653e+01 -4.144369599180517127e+01
-3.609915505745629360e+01 3.122165577795868074e+01 -3.859427963128871397e+01
-2.758031663740628758e+01 3.298179578723241434e+01 -3.707584391822608438e+01
-2.096112414010009672e+01 3.565733386836356544e+01 -3.711074009714510424e+01
-1.646690773517175899e+01 3.832473539816323438e+01 -3.658132069229134231e+01
-7.632975520442430195e+01 2.542267680627811899e+01 -1.067559075306160850e+02
-1.633948166081088260e+01 -2.484650768874243187e+00 -1.953725861937656916e+01
-1.043060883123961702e+01 2.147097843909493875e+01 -1.363966869511741820e+01
-9.369146981578246880e+00 1.166969624949767637e+00 -3.875662972509898996e+00
-5.753969531371581958e+00 -2.274116534930370470e+00 -6.515989278576443944e+00
-9.045925065756080130e+00 3.256440084142633862e-02 -7.055305909628426519e+00
-1.438730186702578351e+01 -4.654286762897892338e+00 -2.178233376857370018e+01
-4.761763114680024778e+00 -3.003913484074279161e+00 -4.796660095447956351e+00
-3.799542762616785030e+00 -4.439916083823882254e+00 -1.254967612916789399e+01
-1.662532982955027450e+01 4.439345385826518253e+01 -3.981386077506299159e+01
-1.291943557202311688e+01 4.268466419223183550e+01 -3.584126657466541843e+01
-1.097301954467612539e+01 4.147483991572881479e+01 -3.145743491824638483e+01
-4.838219916730235326e+01 4.830899494108185621e+01 -4.387034791397208977e+01
-5.180873368388699163e+01 5.100298706785912373e+01 -4.426030317354899779e+01
5.311769035266417305e+00 2.506640491449472208e+01 -9.173742225003266526e+00
4.781179692860721531e+01 4.495147687543095572e+01 -4.459746595830651472e+01
5.693423465072245726e+00 -3.253728746163372598e+00 -1.245378637139852174e+01
7.253753479971018692e+01 7.395215527050638116e+01 -7.733722121073779476e+01
2.857210891012326215e+01 3.763917284056969237e+01 -3.742828394708210737e+01
3.539836801513926190e+01 3.717474533121665559e+01 -3.801213820228483087e+01
4.179436323521917274e+01 3.779184856835325945e+01 -3.993384186485359066e+01
5.006109368837969953e+01 4.229492300364572088e+01 -4.573398811877140702e+01
2.288493587098840720e+01 3.962266294848209469e+01 -3.831890865766316523e+01
3.682211223931431476e+01 5.766451949125230669e+01 -3.537040339509819376e+01
2.968322083150597734e+01 5.709134458509129928e+01 -3.523436297981525911e+01
4.350105457902400019e+01 5.647696316106863890e+01 -3.768254904047734044e+01
4.809540841165740943e+01 5.379907527189193672e+01 -4.031474103177114898e+01
5.573811390990592685e+01 3.745671822417614294e+01 -4.909166324334947262e+01
2.554299541366251347e+01 -5.933086766038584159e+01 -3.425981700813395747e+01
5.003943309740137124e+01 4.700948154408265367e+01 -4.688084938508796995e+01
7.599437000289648836e+01 4.207326707937459531e+01 -7.937867723660409069e+01
6.325973767114052748e+01 4.312624283378148959e+01 -5.607441713042755538e+01
3.285429972932661258e+01 6.889624965490916075e+00 -3.069207288115717702e+01
8.328870278419962858e+00 -2.291470307407411511e+01 -1.645276761105779784e+01
7.402384570482826831e+00 -3.000937293559718810e+01 -1.956131392782148026e+01
1.596257015101777732e+01 -2.527388528694564229e+01 -2.019832526887706337e+01
2.105953409482492589e+01 -2.808816134968204636e+01 -2.452963532567893523e+01
1.280169088752602313e+01 -3.055485932368031499e+01 -2.192779750952366413e+01
1.724376320826024411e+01 -3.119921376927928947e+01 -2.599255965463900964e+01
2.978966857799491663e+01 -3.817068705047167754e+01 -3.388303590780610364e+01
5.189250706358874865e+00 2.060578149537413417e-01 -6.246714016260336289e-01
5.936118574742023313e+00 7.585685105364415648e+00 1.452356825226149617e+00
5.862804248261510764e+01 6.251174791522461760e+01 -4.309796901533978541e+01
1.954281966247290470e+01 2.552787109926638465e+01 -3.027678214446597238e+01
1.920759570672234773e+01 2.011040906359945257e+00 -1.697334923150999941e+01
1.970582768105876070e+01 6.112984691066664311e+00 -1.891635700779530893e+01
5.321995618705846454e+01 8.062385383023116248e+00 -3.934356337343734822e+01
5.599059862106642527e+00 1.703801407717655536e+01 -2.700602136432694866e+00
4.313480750818008147e+01 7.108022551878075035e+01 -3.157312770848540495e+01
5.215612455571364592e+01 6.819318731010694989e+01 -3.695432509299343593e+01
6.578882503577406737e+01 8.717592556152966665e+01 -6.398952106360695069e+01
1.411391328690838876e+01 6.503041148958948270e+01 -2.561486800514590811e+01
2.360994587729326355e+01 5.443256268132031295e+01 -3.712687708383861462e+01
3.457896034808597818e+01 -3.174415867685994641e+01 -3.569869219532898086e+01
6.815826143752444466e+01 -2.592585180445422921e+01 -9.658470961983600489e+01
1.463566708864979304e+01 -2.045208153197451306e+00 -1.934621867021038000e+01
9.687522704852687738e+00 -4.196351809135533628e+00 -1.875164480423028124e+01
2.686807315179920153e+01 -3.204652942773515178e+01 -3.477367752314285099e+01
2.391282868239498782e+01 -3.144834073662077856e+01 -3.271064588911278292e+01
5.605424211516174893e+01 7.318661867671762877e+01 -4.012758393420535441e+01
1.933699077573172076e+01 -1.208827277957500224e+00 -2.056367648917386148e+01
3.083420500629634375e+01 7.079734998102034638e+01 -2.753073859622402608e+01
3.211880616771732377e+01 7.696579637227583248e+01 -2.626224764425329994e+01
3.818273755339911446e+01 1.042263283720932350e+02 -3.807869724579536808e+01
6.096998580335827000e+01 8.033646195808235291e+01 -5.007776686415159162e+01
3.461044232957671341e+01 9.074802743232268654e+01 -3.159706974934899648e+01
6.294010570064969556e+01 6.593049435237357159e+01 -4.896084341313090960e+01
6.791057112148180863e+01 6.952813504663622268e+01 -6.201709756302240351e+01
8.011959298135311158e+00 -2.712440876927609068e+01 -1.721143288335526123e+01
1.421487187815766617e+01 -2.857711641958304583e+01 -2.066969711323999093e+01
1.917318191687068918e+01 -2.977941831634555214e+01 -2.463430767492761575e+01
1.307588491256727536e+01 -3.315219378035727971e+00 -2.083161403027807879e+01
2.526497338500680812e+01 -3.185540600576971215e+01 -3.367988650315800214e+01
2.284162084508202639e+01 -3.276478669395913101e+01 -2.932240327612904096e+01
2.330350509999275843e+01 -3.101087218053705996e+01 -3.253852207546547959e+01
1.153321889282211288e+01 3.886177784594785911e-01 -1.040343150046271781e+01
1.597507835134222809e+01 -3.068990582740266859e+01 -2.705280305103934069e+01
1.158310874415540148e+01 -3.081747818975548725e+01 -2.448962724743511643e+01
6.639041716710424090e+00 -3.096110486568401399e+01 -2.235691292865134727e+01
9.830435203769871677e+00 -4.877694874766427091e+01 -2.697801720434215866e+01
9.119614449423615099e+00 -4.217132821066653747e+01 -2.053623092537245398e+01
8.704017691656305900e+00 -3.801501491263157817e+01 -1.971322784935120609e+01
8.173704748400975717e+00 -3.448775236388100751e+01 -2.111272158203088267e+01
7.569710219886239599e+00 -3.203030285843024672e+01 -2.224327299302371586e+01
1.749825413607149116e+01 -3.149791255938237100e+01 -2.692811057148975706e+01
1.838757765488560736e+01 -3.234291605874528841e+01 -2.573324774789321978e+01
1.967514688189255878e+01 -3.414886228578497906e+01 -2.463821918109705678e+01
2.100803066284121101e+01 -3.652173074718813695e+01 -2.585950997883379898e+01
2.692229005797004859e+01 -1.972634082648701792e+01 -2.688514245757928123e+01
7.588489841847044204e+01 1.016682269618386236e+01 -1.070761692467316379e+02
2.027663124987213550e+01 -3.149306480230067251e+01 -3.013861247808293342e+01
2.141878243334136656e+01 -3.190490143035135162e+01 -2.931241069920087838e+01
7.825780179756832489e+00 -7.379087231886154008e+00 -1.842364850812314359e+01
1.737316730434922363e+01 -5.595475150315031954e+00 -2.521241034786254076e+01
8.672130101085647524e+00 -5.851708587138431561e+00 -1.845531987882859681e+01
2.657749833579164900e+01 2.116702139365899527e+01 -3.250311483358566278e+01
3.776511625066903122e+01 1.635488894943749827e+01 -3.446476120424658518e+01
2.079233747875862548e+01 2.849716598824063141e+00 -2.261293879821295150e+01
5.489323226859961125e+01 9.756583118286967249e+01 -4.990925526138251200e+01
5.048548578628810191e+01 8.776557661878707961e+01 -4.013128303196893398e+01
4.568511176671113816e+01 7.713321818353581705e+01 -3.262255340881698373e+01
2.474358747434350292e+01 -4.228807395880077280e+01 -3.065494427912461362e+01
1.628276529190302924e+01 7.515906391628794836e+01 -2.298032872103271984e+01
1.809936399068114099e+01 9.070968549238786238e+01 -2.665261226092860625e+01
2.024807778379904022e+01 1.071640908329229234e+02 -3.112144283453967830e+01
4.710125985463480447e+01 3.936992558896463379e+01 -4.295954791042152010e+01
6.316419684829310199e+01 3.218983908479383871e+01 -5.273179409268763607e+01
1.923421090672341904e+01 4.175401282381879042e+01 -3.928995983965483418e+01
5.558038637951454319e+01 5.194969401227857730e+01 -4.634252799163193970e+01
1.498937699393012757e+01 3.052017707254098511e+01 -2.796424618818727481e+01
1.561543663025278583e+01 4.792124912161144223e+00 -1.049775084295163197e+01
7.026636817268969537e+01 2.742321895360018758e+01 -6.023340390296402092e+01
5.847225218615020736e+01 2.654414028466365139e+01 -4.645831624024313555e+01
4.968025207480580008e+01 2.348799986686789865e+01 -4.005627329777115619e+01
3.678818886932852905e+01 2.454543993668369239e+01 -3.727746748521317954e+01
2.727321997289643107e+01 2.754615575525651039e+01 -3.581909256630297733e+01
2.015946246967467914e+01 3.111826943912741683e+01 -3.404749190702233363e+01
6.149438187100134456e+00 4.067842475851627881e+01 -2.139038977177842682e+01
6.893499371688001531e+01 1.155210674177671315e+01 -5.812620093104742836e+01
6.133285142286280234e+01 5.355511351359723449e+01 -4.974312400445996474e+01
3.187043527846294744e+00 -3.507519356649752229e+00 -3.867179819632657445e+00
1.852332876054805055e+01 1.801125094915743929e+01 -2.733301636076193475e+01
7.797180510157380695e+01 4.288856155676267434e+01 -1.022752427062409879e+02
1.498338983217650089e+01 3.527244792740446400e+01 -3.319128470329341951e+01
2.158475367018182567e+01 2.470382145790312123e+00 -2.913361316274197677e+01
5.207611389664893409e+01 4.657084643872769192e+01 -4.832924460825412893e+01
1.581429116447144345e+01 9.729265209940782810e+00 -1.299423902538726949e+01
7.328503294019677128e+01 -7.635838572222975351e+00 -1.037537752132993774e+02
1.917425085986325328e+01 4.474723932488634404e+01 -4.100191928311297573e+01
1.099840876367197495e+01 1.424854213892850829e+01 -6.626269100249121635e+00
5.330481041685222010e+01 -4.363463053711706863e+01 -5.931342001135693920e+01
5.295912502564092961e+01 -5.090063728185983649e+01 -7.194534015334254207e+01
7.562564957495952456e+01 1.062740441883076237e+01 -8.254475659897626372e+01
6.174921875757313927e+01 -3.402158599845337505e+01 -6.825754997784750344e+01
7.219483139443352115e+01 5.688901112360140644e+01 -7.265923482289277047e+01
2.680868306274174628e+01 -6.558114697423131645e+01 -3.839089479405672733e+01
2.724736689566130909e+00 -4.891439775667854484e+00 -1.255065679221530495e+01
2.445918474218810701e+01 1.253726599502597416e+01 -2.962921884835501984e+01
6.925522537033896242e+01 4.194846084454695756e+01 -6.287836812481737780e+01
4.130315922759126579e+01 4.215207415895196164e+01 -4.047197778795933942e+01
3.552416612019722919e+01 4.128243758745333025e+01 -3.883777860087350575e+01
2.448274893239699423e+01 -3.422668826704115475e+01 -3.050724280330638294e+01
6.712031473818414895e+01 -3.109279672546937601e+00 -5.982707773190283262e+01
1.504200786411712620e+01 -7.446579471721243237e+01 -4.036665726538368659e+01
3.424961909049774533e+01 -6.556382290328420481e+01 -5.390937899413223278e+01
4.281130673878443105e+01 -5.972874169391118215e+01 -6.169538474965410302e+01
2.975153120445729016e+01 4.160191322849088635e+01 -3.856006376891573950e+01
2.441383365986707688e+01 4.292059634918182809e+01 -3.952727109115155457e+01
2.096461489007672796e+01 4.382777538486561042e+01 -4.096843948679567404e+01
6.646337511360843564e+01 5.530628742443945356e+01 -5.665158266468777981e+01
2.473668018933713952e+01 5.017531126223310167e+01 -3.838989867420269775e+01
3.040765924383333640e+01 5.234590912703680488e+01 -3.736965144409480644e+01
3.629694032797501535e+01 5.287015243570435530e+01 -3.778600619904171509e+01
4.226211557344296921e+01 5.173681744959510809e+01 -3.938465778267872253e+01
4.602842958256188410e+01 4.981744035778353208e+01 -4.156575308292413951e+01
7.649964008813499561e+01 6.004894247665500018e+01 -9.139168716046897600e+01
4.518281444768813770e+01 4.354097155223499271e+01 -4.270968658445828225e+01
2.084452894277455570e+01 -1.570058197256865284e+01 -2.406743267863412683e+01
1.478083056043444188e+01 -9.132359376656539185e-01 -1.699274209840661953e+01
8.971720663563116815e+00 -1.332796594426515746e+01 -1.844757661841947538e+01
4.436722456986499452e+01 -5.257230989751193562e+01 -5.248749632483687577e+01
3.585034747391296150e+01 -5.907894934875398718e+01 -4.577016886114888194e+01
1.556689682647598794e+01 -7.056139098920272090e+01 -3.186234555358475617e+01
6.106032386612672980e+01 -4.046764119484723921e+01 -8.499750405264697406e+01
2.087326667708603267e+01 4.696481266810797450e+01 -3.996733238022054024e+01
1.043702330670639711e+01 2.843821471662132438e+01 -1.891873207515022060e+01
2.532042727842166130e+01 -7.068851070642386958e+01 -4.572905957720924874e+01
7.299342359858097495e+01 -5.534698007129765784e+00 -8.116033690409068413e+01
1.305090971213618722e+01 -3.165391165940896556e+01 -2.430656831737623591e+01
1.397453989023571275e+01 -3.331181877832189286e+01 -2.305359146480574495e+01
1.491325124307691219e+01 -3.605402951854628668e+01 -2.179547332879615240e+01
1.579089365663783795e+01 -3.970716572789227428e+01 -2.273652544607335457e+01
1.809256342023032715e+01 -4.601670995025500588e+01 -2.790526074586064098e+01
2.117840222360061020e+01 -3.148339536288642293e+01 -2.959676087811692113e+01
2.306355938668288275e+01 -3.107475489254634482e+01 -2.955696019761485260e+01
2.492624463032182192e+01 -3.008716938720989020e+01 -2.956561851089771764e+01
3.190997466170275487e+01 -2.533118669020786484e+01 -3.109474722754272236e+01
5.800692727435548335e+01 -7.446824305755951556e+00 -4.587641350297175791e+01
1.048873777052239475e+01 3.610934532309342870e+01 -2.516692412249483723e+01
1.403227821198794167e+01 5.061378986594095863e+01 -3.621522507686279368e+01
1.796609440814174263e+01 4.904481346691670751e+01 -3.884350820952550265e+01
1.981980201490510396e+01 -3.053973578411846646e+01 -3.027473287612137653e+01
5.855865722453068400e+01 -2.447896316286555063e+01 -5.546428720224972153e+01
8.263190924485389388e+00 5.147611123339957118e+01 -2.799636448613641448e+01
2.216555784014134645e+01 -5.277868466251542401e+01 -3.160071975618845030e+01
5.857121021014391360e+00 3.242993847185016421e+01 -1.458297683079077167e+01
1.444283255039992397e+01 1.639477236953194605e+01 -1.885853222837048548e+01
1.230637399849870839e+01 -5.630636938510929212e+01 -2.796295427537255662e+01
3.656380927692715233e+01 -4.079554722277516987e+01 -3.796738026074872607e+01
2.750468399691050436e+01 -3.215305930721676919e+00 -3.045602910915209094e+01
3.000732874017834106e+01 -4.779063870647733836e+01 -3.483515404456188946e+01
4.350630892363439983e+01 -1.520023653378366202e+00 -3.297699088117849442e+01
3.409561377199844401e+01 -1.027316899784909765e+01 -3.106747894492856688e+01
4.898859439265976334e+01 -1.315502402258229253e+01 -3.771848237905808077e+01
1.465968002684391180e+01 -6.438358071048948261e+01 -2.838479252407993059e+01
1.800413140405141021e+01 1.207552854998275826e+01 -2.347289105581116786e+01
4.228037845739935108e+01 -4.544678785122493281e+01 -4.453626312464027137e+01
3.401015132957864040e+01 -5.275131081201551098e+01 -4.013343644144003974e+01
4.172947380614252211e+01 -3.228358889678584376e+01 -3.897440518122350994e+01
6.500414364922463051e+01 -1.543981528762531674e+01 -6.180626056907009058e+01
5.004305122994429667e+01 -3.264356222476426694e+01 -4.579631806542162309e+01
6.911266268281863745e+01 -2.043444894170402648e+01 -7.777520885429147768e+01
3.935621718728744867e+01 -1.974116421135320820e+01 -3.372945164112611138e+01
1.436104993609711933e+01 2.332242936245614828e+01 -2.348520047305566649e+01
1.350160143687311276e+01 1.503355553989118132e+00 -9.052613104964285284e+00
1.729390822655559745e+01 -3.920857585749102370e-01 -1.614277003843251279e+01
1.119078583025717855e+01 6.577722903595461190e+00 -4.413940437052229271e+00
1.934452105129198074e+01 5.758782568706223515e+01 -3.408751399594281395e+01
3.000161889742289034e+01 6.178534497326449326e+01 -3.315869674289239555e+01
3.925879314591657732e+01 6.241861244645217255e+01 -3.385436652269781632e+01
4.704127896373301354e+01 6.109487520610915823e+01 -3.668903646566144516e+01
5.252246959993530595e+01 5.778540549946019667e+01 -4.089588952098289809e+01
5.697416568861326880e+01 4.488531661823304830e+01 -5.111348030809770648e+01
7.689155658278009753e+01 2.649620145097326329e+01 -8.131276488113979894e+01
5.207638821105477689e+01 3.408332884278161146e+01 -4.542240659664394542e+01
4.530041774179815661e+01 3.167757401841955911e+01 -4.136385678789770992e+01
3.637320417682993678e+01 3.144030695430732791e+01 -3.853829157957197538e+01
2.779771486616983012e+01 3.307271717681112477e+01 -3.717536513950262389e+01
2.120570776942232172e+01 3.562964182749460917e+01 -3.717707484723593581e+01
1.667701627469304526e+01 3.826452620530063342e+01 -3.665814044799849825e+01
7.706573055633759850e+01 2.666160942305536352e+01 -1.069786201381019737e+02
1.703743968945961740e+01 -2.331832719424336009e+00 -1.945607600369155321e+01
1.028673325675703865e+01 2.156439361836345370e+01 -1.371548291539988007e+01
9.451885846722538176e+00 1.243664038888427470e+00 -3.842421428906687364e+00
6.014531890382147417e+00 -2.217871640675580291e+00 -6.468212005722324243e+00
9.291833163814940733e+00 1.068446416459357118e-01 -7.076178645731595829e+00
1.533387820164351467e+01 -4.479973255016858502e+00 -2.157542664062851401e+01
5.040260936493009325e+00 -2.965701672407563549e+00 -4.727934062735321241e+00
4.542832518092348337e+00 -4.421981201664404004e+00 -1.249606541246833480e+01
1.686233527101885343e+01 4.422439767994995208e+01 -3.997040101636303433e+01
1.306162459475957682e+01 4.253846304274629375e+01 -3.593261696828545837e+01
1.102969293623780267e+01 4.137359322534950223e+01 -3.150536679666592477e+01
4.827514623200509192e+01 4.830613751437730485e+01 -4.396243657510608216e+01
5.152102563183247952e+01 5.098413092026730453e+01 -4.422056785750505981e+01
