2.090187127457178162e-01 -2.306867123928368102e+01 -1.701968766017050783e+01
0.000000000000000000e+00 0.000000000000000000e+00 0.000000000000000000e+00
2.948020350400766196e-02 -7.027962789018423528e+00 -1.700140039794886704e+01
-5.723110663582815505e+00 2.389179154185895371e+01 -7.292598938854284008e+00
-8.047556682251193194e-02 7.323458846128881206e+00 2.618567983698577795e+00
-8.715896711987683454e-02 1.701618386512344827e+01 5.493675623501357297e-01
-2.316227117637724431e-01 4.066294171926621459e+01 -1.550664590901910600e+01
-4.781529843320733164e+01 4.404244950857996344e+01 -4.054228558379198688e+01
-4.088934816586792254e-01 6.104598752237606618e+01 -1.894819030834290885e+01
-4.889198755720808309e-01 7.144413257732152545e+01 -1.686446745816544635e+01
-8.650404740309253215e-01 1.067486446396751489e+02 -2.100368216240214636e+01
2.337109000565751604e-01 -2.649299415884595277e+01 -1.806013700208591644e+01
2.997345916786787190e-01 -2.900720887810351201e+01 -2.054472167966727625e+01
4.140988820982730578e-01 -3.001754524497225418e+01 -2.359424465532351434e+01
5.042917594566654893e-01 -3.168717199535948126e+01 -2.414788681957439209e+01
5.762229657586284137e-01 -3.464826417221915023e+01 -2.343989156702695453e+01
7.016785745467722935e-01 -3.834667229129245669e+01 -2.250899782201574340e+01
8.516425811643486554e-01 -4.212050343792586204e+01 -2.391586159651754429e+01
1.081643499522832785e+00 -4.776127273959669139e+01 -3.086982730396892904e+01
1.667556550127649861e-01 -3.646992647137182519e+00 -3.512099747947027062e+00
-5.224651701877958132e+00 -3.092974558891477432e+00 -1.240199194542229399e+01
-7.155513256995044458e+01 7.344508516326456515e+01 -7.003067273916201430e+01
-2.821534230533523413e+01 3.673493170321053469e+01 -3.398332904950894573e+01
-3.483873725245830144e+01 3.627777190371216420e+01 -3.462798367815463507e+01
-4.121242013376308222e+01 3.685430941923189607e+01 -3.653422766795274867e+01
-4.981881965211537278e+01 4.159081997145414533e+01 -4.190010765138733007e+01
-2.290244376040765317e+01 3.851462806716207155e+01 -3.475047691541514183e+01
-3.719774840042813224e+01 5.671646800959030088e+01 -3.090274607799728557e+01
-3.005002775806512361e+01 5.579097659806234333e+01 -3.061181223325648659e+01
-4.395525226103624306e+01 5.580575698704856080e+01 -3.326220964370275368e+01
-4.840528320406062335e+01 5.325293559346162198e+01 -3.594735177109376423e+01
-5.494304753738191494e+01 3.683194490468994786e+01 -4.553714519893478041e+01
-2.157804852891115033e+01 -5.707933548502371224e+01 -3.905353782668724705e+01
-5.017411723314624084e+01 4.612678314398571189e+01 -4.267817806243623835e+01
-7.361763113145168802e+01 4.201795478340102363e+01 -7.481814317167761885e+01
-6.203891451790969569e+01 4.271166697712008897e+01 -5.190857906124406185e+01
-3.217301168194178729e+01 6.807663612400164155e+00 -2.958027053739036560e+01
-7.211198350150972658e+00 -2.198763592977222103e+01 -1.786053816588045962e+01
-5.949981703673874911e+00 -2.885354210261984775e+01 -2.145177042025762049e+01
-1.464271205540711307e+01 -2.408896110217641962e+01 -2.180696945378137386e+01
-1.946307926277776090e+01 -2.661566440477493600e+01 -2.655126633823276805e+01
-1.121363856698648576e+01 -2.922421602925590634e+01 -2.394484688880733358e+01
-1.556789315073843127e+01 -2.969674171664271256e+01 -2.830348195128692623e+01
-2.716485785833294031e+01 -3.646297618347919922e+01 -3.724221527073679283e+01
-5.001718635580642669e+00 1.995932869165564782e-01 -4.726596135075099570e-01
-6.040484363696812409e+00 7.186373034406034144e+00 1.945511836062304045e+00
-5.867506183527314789e+01 6.239994815053484700e+01 -3.799735270029760414e+01
-1.943514455833236809e+01 2.482934802236346528e+01 -2.788596669481572476e+01
-1.869139806038959151e+01 2.040362528855003355e+00 -1.627863382314820484e+01
-1.930267345822127822e+01 5.968027289534915347e+00 -1.799086442105560124e+01
-5.199620383822091441e+01 7.882636617594783068e+00 -3.813129572244324095e+01
-5.903365663191721957e+00 1.620931790591099642e+01 -1.509388089979618819e+00
-4.393682694647331033e+01 7.027364445537291715e+01 -2.615650997904074515e+01
-5.270582479369784323e+01 6.786450017856999750e+01 -3.172434162922298029e+01
-6.557841458141993485e+01 8.624391889488838103e+01 -5.601780131717985256e+01
-1.521350289385421028e+01 6.316336084214125890e+01 -2.066516191701297345e+01
-2.399290390763215086e+01 5.295804315832921816e+01 -3.253451609748969275e+01
-3.226751308140749330e+01 -3.009775771109480047e+01 -3.835648951242465188e+01
-6.365894305488836125e+01 -2.289476760158177626e+01 -9.748698291444918596e+01
-1.401694103659460211e+01 -1.893349552954182391e+00 -1.882364274164006446e+01
-9.016679477938962961e+00 -4.014687704972461191e+00 -1.856948361516549184e+01
-2.498700322144976482e+01 -3.030325790165355571e+01 -3.750654144968150661e+01
-2.195988978617652165e+01 -2.984195931131547042e+01 -3.553443931449641013e+01
-5.655990619856975599e+01 7.308675271383071959e+01 -3.426413291634421654e+01
-1.858721684341173486e+01 -1.007892675028459362e+00 -2.003593668308019460e+01
-3.189036162785058437e+01 6.934730057093234734e+01 -2.218301315532357521e+01
-3.317547741905706715e+01 7.553109586288938715e+01 -2.036225759335395225e+01
-3.948870963342053386e+01 1.028795645035303750e+02 -2.940427133203875343e+01
-6.107658472948681094e+01 7.970078657028406610e+01 -4.319655530313985992e+01
-3.571330181075845189e+01 8.926076414738096787e+01 -2.431484965838776091e+01
-6.287350199455718780e+01 6.589164060519711086e+01 -4.324473822931361866e+01
-6.733021662484836156e+01 6.916297610844786448e+01 -5.543650359795451976e+01
-6.712196166165488975e+00 -2.598826125352975325e+01 -1.885004061936342623e+01
-1.279659399533260888e+01 -2.724495371000576682e+01 -2.253447168560563085e+01
-1.755996535855423346e+01 -2.830266362738436925e+01 -2.684314636611908611e+01
-1.241452906507031884e+01 -3.163551621531652813e+00 -2.044874122120062410e+01
-2.339583436069822397e+01 -3.018889112494728977e+01 -3.648562570148416029e+01
-2.079415480885529988e+01 -3.147517628736002138e+01 -3.251648041727832350e+01
-2.131413927461762725e+01 -2.935861518118908720e+01 -3.537394072482192087e+01
-1.117135021784858750e+01 4.460504695567812927e-01 -9.991140148047916725e+00
-1.420542116889504136e+01 -2.922072046312098337e+01 -2.938612398128379510e+01
-9.883820270968458388e+00 -2.942806752119470914e+01 -2.657495290319839043e+01
-5.054285388160041137e+00 -2.975446598679211263e+01 -2.436650327890925638e+01
-7.038564825606019149e+00 -4.757111713318789725e+01 -3.094989512181611246e+01
-6.737507638113922503e+00 -4.143313686370214555e+01 -2.420377433899722419e+01
-6.566847543234862528e+00 -3.745777651104129546e+01 -2.304500101654635458e+01
-6.205222384028167504e+00 -3.391446716381891235e+01 -2.408288058705138468e+01
-5.649018488023346052e+00 -3.142375588600081926e+01 -2.491454742332452810e+01
-1.539298935810203872e+01 -3.050718659467925775e+01 -2.972264523384273005e+01
-1.626341524350211287e+01 -3.138333214012695649e+01 -2.869673918262702728e+01
-1.752949303899547573e+01 -3.316642125436570154e+01 -2.788227531115506608e+01
-1.875180077140121071e+01 -3.547368645470905335e+01 -2.923615491159879198e+01
-2.550990551346989932e+01 -1.865046278406672897e+01 -2.823436822287560233e+01
-7.242282594311495814e+01 1.184919657585092168e+01 -1.047045690333968508e+02
-5.410453548978971794e-02 -4.938307962354680392e+00 -1.228142291140577669e+01
-1.819385115969772926e+01 -3.023470469797958771e+01 -3.303243683170833123e+01
-1.936990560494731284e+01 -3.060087894568622602e+01 -3.240148663735413948e+01
-7.107104809124260569e+00 -7.091555727079974503e+00 -1.864321048495840216e+01
-1.657404799482854685e+01 -5.217853869752875795e+00 -2.492410512658733523e+01
-7.989453081887440078e+00 -5.640030567150952301e+00 -1.849803980597895503e+01
-2.614795471508528379e+01 2.072738294295941586e+01 -3.045419979472854166e+01
-3.706047560670602081e+01 1.601099916557068070e+01 -3.274400090388141393e+01
-2.018514531963619518e+01 2.890849643838587113e+00 -2.183212528722933499e+01
-5.543558455726234513e+01 9.622949137093574734e+01 -4.161160000559392103e+01
-5.115342298068859606e+01 8.683076200973829373e+01 -3.299057457498402357e+01
-4.651576787922640221e+01 7.637065116800340547e+01 -2.660201380212643940e+01
-2.193331495849265167e+01 -4.083532964214067107e+01 -3.448553134567837475e+01
-1.740913267618833515e+01 7.318719691060624655e+01 -1.733559524646526739e+01
-1.940287074913936749e+01 8.908799671698096745e+01 -1.933967662157717271e+01
-2.180035438079201526e+01 1.059387605152159324e+02 -2.231558195495301433e+01
-4.671423839243094989e+01 3.856880085407769343e+01 -3.938003370381377977e+01
-6.174694640805289225e+01 3.168220111811913142e+01 -4.935065234364556375e+01
-1.954970113636766982e+01 4.047606860428191311e+01 -3.556621714788162336e+01
-5.539169702423787811e+01 5.158972982802489327e+01 -4.183313281970779229e+01
-1.508851040687837042e+01 2.948582075587216167e+01 -2.535852363730663228e+01
-1.539654691850270574e+01 4.699122077703396627e+00 -9.778812222884178951e+00
-6.840359848664729725e+01 2.723811678006398296e+01 -5.729262307227028828e+01
-5.736524707575641457e+01 2.598617317342328548e+01 -4.368215004333124085e+01
-4.879193568099262279e+01 2.285675347424065151e+01 -3.758227486086576619e+01
-3.610777890667193191e+01 2.398077019651140418e+01 -3.489788161016068813e+01
-2.682392167520951531e+01 2.693118734611662290e+01 -3.318200310704186506e+01
-2.009963761639453139e+01 3.028815157625800580e+01 -3.124667847729350001e+01
-6.527890658265733670e+00 3.887469335657593916e+01 -1.809507743549996306e+01
-6.703114289723960439e+01 1.179892521771848735e+01 -5.640205599569516437e+01
-6.067945746290305209e+01 5.323216434912223605e+01 -4.491311417106390991e+01
-2.794479083060962488e+00 -3.313813571316817530e+00 -3.904784043376339664e+00
-1.837398589604821098e+01 1.753401034773967382e+01 -2.548879586360986593e+01
-7.536708819329621178e+01 4.342971455121988811e+01 -9.711149638227890080e+01
-1.524632758118063158e+01 3.417668806099517553e+01 -3.009731600029568099e+01
-2.100104625096216893e+01 2.564305505352455938e+00 -2.817097197739010639e+01
-5.205336057085801116e+01 4.602233142743695282e+01 -4.410765471501792945e+01
-1.575050664614142448e+01 9.428138742119424265e+00 -1.189567620704142392e+01
-6.926023915488690363e+01 -5.186602968170507921e+00 -1.029230375918212701e+02
-1.962608961380270500e+01 4.326661842991806850e+01 -3.699283126528560217e+01
-1.110233324148522449e+01 1.363301588964010591e+01 -5.501882569194197714e+00
-4.898697577387270741e+01 -4.120659793276148264e+01 -6.227960542935485222e+01
-4.808830189672754329e+01 -4.755321079599978162e+01 -7.536531044169308302e+01
-7.287619714893062906e+01 1.156200987369902933e+01 -8.043767649103511985e+01
-5.772847029458732493e+01 -3.177611568516294227e+01 -7.020418140553547914e+01
-7.080801207727327551e+01 5.651767117350771485e+01 -6.691542333767034734e+01
-2.230845555797882440e+01 -6.276241284021641320e+01 -4.373121173189456101e+01
-2.321768800842705094e+00 -4.641812025092654004e+00 -1.266916820662195775e+01
-2.397955349347193277e+01 1.234791502088338966e+01 -2.806736086132582386e+01
-6.753630727610529050e+01 4.159956461435924524e+01 -5.858240568867789477e+01
-4.110123279820498965e+01 4.118097069331973614e+01 -3.666054860731767207e+01
-3.524775694254696390e+01 4.027185532677431468e+01 -3.516086757146339892e+01
-2.238163008653776842e+01 -3.279064281867144359e+01 -3.375742272183188675e+01
-6.489093930963075252e+01 -2.261209810699246425e+00 -5.933468779115703029e+01
-1.084734180486599442e+01 -7.118421575478380703e+01 -4.643468831001244013e+01
-2.930277943284797360e+01 -6.193416413841704582e+01 -5.885812756247244693e+01
-3.770504749506766728e+01 -5.617318332242090406e+01 -6.597691929473310779e+01
-7.266181702186461644e-01 8.872550707200829834e+01 -1.810365385335125410e+01
1.769389346448431155e+00 -7.286452708649021304e+01 -4.461022718832102640e+01
-2.962090675505037396e+01 4.057985184673156454e+01 -3.486541858301335139e+01
-2.446656123054807708e+01 4.172598276403943629e+01 -3.574543854328391035e+01
-2.122114455761970220e+01 4.251700948240097233e+01 -3.707166101357704235e+01
-6.549161544277266955e+01 5.500800122790091251e+01 -5.154066187613424432e+01
-2.494098621454996945e+01 4.827701962402333180e+01 -3.413200610294008186e+01
-3.052442264589578258e+01 5.040095847778970750e+01 -3.311538432665948761e+01
-3.651410308040544095e+01 5.103680383507191465e+01 -3.342945228403257829e+01
-4.251526883108137866e+01 5.016774023768287094e+01 -3.514233311736019516e+01
-4.625702782438676053e+01 4.849231184843141307e+01 -3.727831956881915687e+01
-7.480780055680632756e+01 5.992103506158144910e+01 -8.494915881779286337e+01
-4.510628513885784940e+01 4.254235807207758313e+01 -3.877733197250211106e+01
3.336777679553899756e-02 -1.204050609546395556e+01 -1.858302394794198875e+01
-1.972626635063913270e+01 -1.489633548149889641e+01 -2.489241244484104598e+01
-1.424268764923278674e+01 -8.267069359372583026e-01 -1.633415877299468377e+01
-8.086964364558935969e+00 -1.280850527503568337e+01 -1.910429803722225728e+01
-1.931455278645022033e-01 5.095214002873425585e+01 -1.961013190926353644e+01
-3.971569873079680946e+01 -4.972291991612931383e+01 -5.654645880279203851e+01
-3.120071167516231370e+01 -5.613520691600253798e+01 -5.053186960567426667e+01
-1.149934226100261370e+01 -6.797171670211338323e+01 -3.777066234427156388e+01
-5.643802286021738013e+01 -3.723323684815089507e+01 -8.733511335807483533e+01
-2.125447829147108791e+01 4.525767946742146108e+01 -3.587463520183159460e+01
-1.064335699256457168e+01 2.725858479543985169e+01 -1.652072215064758254e+01
1.767193527505647621e+00 -6.933765255377504388e+01 -3.621482944019209782e+01
-2.062205189202278888e+01 -6.716370229648120471e+01 -5.144162936776883299e+01
-6.985530188528188944e+01 -3.980540560361706781e+00 -8.033300109018229307e+01
-1.102142329063757309e+01 -3.090580223229846979e+01 -2.710390455982233249e+01
-1.190625363264192238e+01 -3.261272748998426607e+01 -2.597768327332392957e+01
-1.274949107614648192e+01 -3.537293343706546267e+01 -2.509801089300907506e+01
-1.340201929086994959e+01 -3.893906452035502497e+01 -2.630105087226229088e+01
-1.516802014571808321e+01 -4.469724362712356225e+01 -3.191102793730669873e+01
-1.936668567605494573e+01 -2.983020663509890014e+01 -3.217993693159910151e+01
-2.133975101053776058e+01 -2.933918534149474411e+01 -3.213730072840489527e+01
-2.319491550961032900e+01 -2.835618857384737979e+01 -3.201826253381710785e+01
-3.011320588289269651e+01 -2.392029820255012496e+01 -3.300330312577792569e+01
-5.614070532715056316e+01 -6.888676465522087788e+00 -4.592403966293836248e+01
-1.079862257073179777e+01 3.465556201353908961e+01 -2.215114855223473356e+01
-1.472826992924783696e+01 4.903805987016968260e+01 -3.174583745002436430e+01
-1.853775467864288728e+01 4.751653356231538794e+01 -3.455535498928992411e+01
-1.799168568272047608e+01 -2.890430134758040026e+01 -3.287283529208396970e+01
-5.553797760669220906e+01 -2.299794300316737150e+01 -5.675289540926926435e+01
-8.891394351412959196e+00 4.972190724659686367e+01 -2.374565968391932103e+01
-1.878040585636587778e+01 -5.098489691273167068e+01 -3.589178836806836870e+01
-1.150943642833111152e-01 2.497832468357460201e+01 -4.969236079158089403e+00
-6.211781054497224730e+00 3.091587061743969045e+01 -1.191569733921510377e+01
-2.022454280640679225e-01 3.240579307973726486e+01 -1.037985022266627411e+01
-1.455744893288350816e+01 1.584194445980033272e+01 -1.716546375250207745e+01
1.638233145988867712e+00 -6.335560938747588722e+01 -3.204826159640241201e+01
1.347333512483373186e+00 -5.524942026785362970e+01 -3.150736177123622994e+01
-9.070667700071203043e+00 -5.474789814677175315e+01 -3.259731145908272509e+01
-3.336760221376886903e+01 -3.892597232394763296e+01 -4.132911102516244028e+01
-2.662790297193621569e+01 -2.907925938814925892e+00 -3.001139111452534536e+01
-2.658065679165557427e+01 -4.581348110265351181e+01 -3.888566450599327595e+01
-4.232700232690859110e+01 -1.414013464816881616e+00 -3.258295910809562912e+01
-3.290445027757187546e+01 -9.671240178009000488e+00 -3.137793433160791068e+01
-4.707578674068825819e+01 -1.249239808327133083e+01 -3.824986967636712620e+01
-1.091739115892778500e+01 -6.235487468437256098e+01 -3.369732357636159037e+01
-1.784293482069071501e+01 1.179668305849036436e+01 -2.202074114079275091e+01
-3.837439202851264497e+01 -4.325369079136299177e+01 -4.815887003008313627e+01
-2.995164622215220973e+01 -5.043997184612856444e+01 -4.445807949036642270e+01
-3.895468492810019256e+01 -3.070757417456444216e+01 -4.151216117531563299e+01
-6.218544553880182235e+01 -1.403707315802284405e+01 -6.231442548612317012e+01
-4.681014539734009361e+01 -3.102074695919946024e+01 -4.814375940616534422e+01
-6.540350107862280993e+01 -1.839416779073147623e+01 -7.844612151615277185e+01
-3.745969142203525593e+01 -1.869823309909299169e+01 -3.496992121685762811e+01
-1.444606227851838476e+01 2.252312461198237514e+01 -2.133675699066497344e+01
-1.313112010678398001e+01 1.549030018553674726e+00 -8.538515788809871054e+00
-1.670627011043043808e+01 -2.745706241907961975e-01 -1.563850485008540048e+01
-1.112321169109124774e+01 6.350657272840297907e+00 -3.800578303288761006e+00
-2.017770786904597458e+01 5.606066032112729403e+01 -2.927822698087589259e+01
-3.071046636033318222e+01 6.056631659681789870e+01 -2.825777345349145264e+01
-3.988755401650968935e+01 6.155186332535152616e+01 -2.903696178898863067e+01
-4.752013393827108700e+01 6.052566760604229756e+01 -3.208564926247503735e+01
-5.276140633946433667e+01 5.743031986019932589e+01 -3.629208437043473623e+01
-5.632532991492988117e+01 4.441197230070205393e+01 -4.692554256914245769e+01
-7.422568837369021821e+01 2.686099431081838063e+01 -7.801049685457047644e+01
-5.139897583579703166e+01 3.336795013846909086e+01 -4.217065924116768372e+01
-4.454595482381437677e+01 3.086154184669662826e+01 -3.831761281616198289e+01
-3.571913520869933478e+01 3.068694204394352454e+01 -3.572605933896332431e+01
-2.739444185980027768e+01 3.225907450903839191e+01 -3.410016360304793182e+01
-2.117363563855366948e+01 3.467966675216646166e+01 -3.392939030917216314e+01
-1.693548952862319368e+01 3.710064378409266084e+01 -3.326898992726322035e+01
-7.401859659844321015e+01 2.784493760506220994e+01 -1.030598650571736670e+02
-1.634517998099499891e+01 -2.077248285977736586e+00 -1.898910149629094590e+01
-1.058575107917178926e+01 2.062618992384173566e+01 -1.191605168648817248e+01
-9.135249949959645122e+00 1.229103062462875373e+00 -3.568977244425633355e+00
-5.540888790450753554e+00 -2.084262762023544102e+00 -6.397853268612248456e+00
-8.914374340419104925e+00 1.747062682746061135e-01 -6.794499600904178926e+00
-1.456734604623733453e+01 -4.192678246589670366e+00 -2.127522125890309113e+01
-4.564569082515244069e+00 -2.791550821345529787e+00 -4.742897194881056322e+00
-4.037900572159840884e+00 -4.172824647120390473e+00 -1.249370145472599170e+01
-1.735163420952363467e+01 4.281192356604020688e+01 -3.597190167496729174e+01
-1.355621079159598352e+01 4.117637675260664309e+01 -3.218124805127204979e+01
-1.148482981005628112e+01 3.994016166060857387e+01 -2.794770043182326447e+01
-4.844121534499907966e+01 4.719098585491989439e+01 -3.960619174597111680e+01
-5.169098327388825709e+01 5.047733921477702523e+01 -3.988687953748178217e+01
5.413947629702824393e+00 2.387606730875753414e+01 -7.142558275495517250e+00
4.799625976775986658e+01 4.406755115191721472e+01 -4.054524223251301862e+01
5.390888176716421398e+00 -3.213360063111497578e+00 -1.250282519940082793e+01
7.291471143682927902e+01 7.440544395969558877e+01 -6.981250186792826185e+01
2.886456878717815400e+01 3.685872720477758691e+01 -3.358878700401333361e+01
3.559505779699351535e+01 3.646510720171131226e+01 -3.437453398627212664e+01
4.201438819209715092e+01 3.701784900340428663e+01 -3.636835078032721214e+01
5.051346878050890155e+01 4.161559255874554708e+01 -4.183294016630030399e+01
2.308722552575872555e+01 3.861760895798484938e+01 -3.453848613486598396e+01
3.756422064146428852e+01 5.671205751934564177e+01 -3.065673663634809643e+01
3.028328558598850861e+01 5.587388744554102260e+01 -3.055674235303182584e+01
4.418685352161018898e+01 5.576184014022480540e+01 -3.315426373091177936e+01
4.868545174626850525e+01 5.324051843066930445e+01 -3.594650196777433138e+01
5.600174600825599214e+01 3.697258323647804445e+01 -4.557948242866498845e+01
2.510413513814636488e+01 -5.794169036202333700e+01 -3.941854284168017131e+01
5.030389618507353333e+01 4.612678314398570478e+01 -4.267817806243623835e+01
7.571876442675532815e+01 4.233585651225153867e+01 -7.461621486231543088e+01
6.335496632950092533e+01 4.280056169614515227e+01 -5.204400789066932731e+01
3.321341435592559321e+01 6.773859017894399592e+00 -2.999932373707111211e+01
7.668139724221650688e+00 -2.202873984297117005e+01 -1.787281028327467425e+01
6.730552339475082135e+00 -2.890231809609904801e+01 -2.145420849868222035e+01
1.550270821287918288e+01 -2.427267687060633605e+01 -2.180385207520679103e+01
2.069188181862451259e+01 -2.682136762824068299e+01 -2.641092254485184654e+01
1.236998122482355633e+01 -2.940630562399329406e+01 -2.375906786812777582e+01
1.686997598784202168e+01 -2.989704397842941219e+01 -2.809448434635608294e+01
2.954502338089979219e+01 -3.701867442002944841e+01 -3.736818240592599238e+01
5.210053398952154247e+00 1.481359380145614857e-01 -6.589381590049037118e-01
6.026063265129784519e+00 7.197895824249747498e+00 1.726141411079098020e+00
5.915317496494827054e+01 6.232002508630622373e+01 -3.811502347545917502e+01
1.992765894810094096e+01 2.486399269715136739e+01 -2.789371327413914159e+01
1.934036972012498268e+01 1.915556912355537600e+00 -1.648711564505004645e+01
2.003086916505455051e+01 5.831612772787933885e+00 -1.818622569723658344e+01
5.398440051089037439e+01 7.827390613811692432e+00 -3.843146100111280816e+01
5.817923829415255099e+00 1.623047872718982987e+01 -1.464642510141014320e+00
4.347971367635238948e+01 7.009728228291355379e+01 -2.672436220283007913e+01
5.256510886197150967e+01 6.769938502069726383e+01 -3.210718920300224255e+01
6.612724721269637485e+01 8.725282722635768096e+01 -5.598121993677229113e+01
1.442028781144422744e+01 6.304430320522062203e+01 -2.091113595665161995e+01
2.400617298270364586e+01 5.306066496219900586e+01 -3.242793106850479745e+01
3.419601910883057627e+01 -3.060859042091726323e+01 -3.830147774295343766e+01
6.779017560848264168e+01 -2.402138804377688430e+01 -9.715243564231899143e+01
1.445540052387797125e+01 -2.080820860842175879e+00 -1.909570960472171919e+01
9.269887523027836806e+00 -4.158370100963156624e+00 -1.903465046807798799e+01
2.653556447577316391e+01 -3.066343738085461723e+01 -3.704084370397556825e+01
2.376756509872719647e+01 -3.012563876676386343e+01 -3.518916856250408642e+01
5.638712049742956367e+01 7.291892453311800182e+01 -3.473365651205360649e+01
1.945663981753667215e+01 -1.210145921001370084e+00 -2.030438746436273334e+01
3.117360106599735303e+01 6.919559933341099622e+01 -2.283369350545656218e+01
3.231898120273429953e+01 7.538218390755467624e+01 -2.108463867422801385e+01
3.856114604213433950e+01 1.036499240887277438e+02 -2.949810829050773719e+01
6.132129426613038703e+01 8.014604180858832194e+01 -4.350982575696416887e+01
3.463418622632430299e+01 8.961909935030548979e+01 -2.469105290152613463e+01
6.343262601137230661e+01 6.592715969025543643e+01 -4.348383424326725333e+01
6.837763466473305130e+01 6.965823179264606324e+01 -5.552595897077074483e+01
7.324466217549697511e+00 -2.609609306575491772e+01 -1.885612156401273865e+01
1.371076088051598418e+01 -2.745187081857792322e+01 -2.237948219230735702e+01
1.874360403047004198e+01 -2.848153809883580578e+01 -2.669346387857546077e+01
1.276284134314354901e+01 -3.329593379054847979e+00 -2.076307425410246310e+01
2.500826201227332035e+01 -3.052171574965912271e+01 -3.609814244492377355e+01
2.268206401478348155e+01 -3.180563462746920678e+01 -3.243759756749427936e+01
2.319018537783527023e+01 -2.973595094965876129e+01 -3.505025206161572982e+01
1.166083625968019000e+01 3.116173627997460560e-01 -9.894566343636133965e+00
1.571647630608796398e+01 -2.937880299066593537e+01 -2.912795845120634652e+01
1.113948819849020211e+01 -2.960630372524287779e+01 -2.639402777635283570e+01
6.014616182638362396e+00 -2.979929818852544798e+01 -2.423415730446329874e+01
9.432467414543271644e+00 -4.777814141135177550e+01 -3.122288109615913498e+01
8.598951071385508627e+00 -4.168331516275888760e+01 -2.435087877846469340e+01
8.122288955073225125e+00 -3.763042561325896429e+01 -2.317245351754958449e+01
7.430485301303367152e+00 -3.407191996787646104e+01 -2.408118678090573184e+01
6.797819553582097107e+00 -3.158230031156945117e+01 -2.488871929879453759e+01
1.716133996139364726e+01 -3.074619987081556971e+01 -2.970511599606222575e+01
1.811935799151938653e+01 -3.165074193289492754e+01 -2.884186439158717263e+01
1.958214280042610866e+01 -3.353656047869214518e+01 -2.811790569895976333e+01
2.084653463129981787e+01 -3.591190619415259988e+01 -2.945465648072682896e+01
2.660925725535912179e+01 -1.887383753722968649e+01 -2.847824723172747241e+01
7.502156736583883401e+01 1.164723090577564335e+01 -1.042513553055059390e+02
2.003205499761315878e+01 -3.049889749954736118e+01 -3.278272519577220834e+01
2.119156705506622274e+01 -3.094304390873259436e+01 -3.223532724692734064e+01
7.344063005790806287e+00 -7.214940618803455052e+00 -1.876133757570308447e+01
1.715843353553172079e+01 -5.430451548357080327e+00 -2.538997284196792847e+01
8.213292071967334351e+00 -5.740363843405078548e+00 -1.877652673561797414e+01
2.695902031562997081e+01 2.080098824297063587e+01 -3.042422466595237651e+01
3.810888430073698174e+01 1.603776923916253949e+01 -3.294249160694194956e+01
2.096827289656427240e+01 2.757338392064884403e+00 -2.204588922407320339e+01
5.527620735745500014e+01 9.724481298860520440e+01 -4.179856565165265181e+01
5.067871481331462036e+01 8.719679283305964645e+01 -3.350446720593391348e+01
4.591665001592934914e+01 7.628055046022026886e+01 -2.721493140974345337e+01
2.450466635993373288e+01 -4.141720666773480986e+01 -3.461525099673360728e+01
1.641594055442253008e+01 7.304034440345698442e+01 -1.778000585056592087e+01
1.807815914048734030e+01 8.930152517021224412e+01 -1.961168089078131516e+01
2.052580061961611690e+01 1.063936947380688594e+02 -2.264745040345486515e+01
4.751337613570441931e+01 3.865731645260783722e+01 -3.929435834386826798e+01
6.335145718041439977e+01 3.184318127162232770e+01 -4.960605448135930828e+01
1.931260142837475868e+01 4.049507269814431965e+01 -3.521013292568018471e+01
5.603652551499065027e+01 5.156655666883516176e+01 -4.177220224041627716e+01
1.528052529141860738e+01 2.948830073200840118e+01 -2.526669949463128617e+01
1.584663092072567814e+01 4.581665283666082722e+00 -9.941904587903986013e+00
7.051640349729788682e+01 2.731601911702251684e+01 -5.725487934282899261e+01
5.884784660703902404e+01 2.616972341666444990e+01 -4.385752350364851537e+01
5.014712438180508514e+01 2.303268742137434089e+01 -3.771761238897944679e+01
3.700033136656859512e+01 2.410820836755854302e+01 -3.482422512411694981e+01
2.747857254624149448e+01 2.706333204565067874e+01 -3.307141763826714254e+01
2.049354705540760335e+01 3.036262850802174640e+01 -3.114739523792389875e+01
6.141314589965858772e+00 3.886374913760855776e+01 -1.800315325594825211e+01
6.945959694529935291e+01 1.166612749504371749e+01 -5.634358878700491857e+01
6.181011909166976892e+01 5.326172969413324410e+01 -4.499378394276617144e+01
3.205808683265170433e+00 -3.326666520542480132e+00 -3.885842196921215130e+00
1.884968028842654775e+01 1.752918377194376021e+01 -2.545417445797674816e+01
7.730418363889435795e+01 4.390936513227838844e+01 -9.658751254994254509e+01
1.518987588443047798e+01 3.421918155029324993e+01 -2.993737536883009653e+01
2.158730584136284847e+01 2.446243108614792661e+00 -2.848303905093709076e+01
5.242239208720533128e+01 4.601029134845600055e+01 -4.400797326235351647e+01
1.633629411348116633e+01 9.356593835880255838e+00 -1.209436951257552373e+01
7.259808326171298631e+01 -5.882370432173455121e+00 -1.025690179860550160e+02
1.928878536298069690e+01 4.326095083896166926e+01 -3.644358247042886489e+01
1.135621848461615890e+01 1.362525300474775136e+01 -5.579971169650556284e+00
5.304387827978702319e+01 -4.252150857813317941e+01 -6.234040876355945926e+01
5.262575224579877187e+01 -4.915940924522807620e+01 -7.511777941005998116e+01
7.538806160385958322e+01 1.128904254572743149e+01 -8.028030189683435935e+01
6.186997969209608073e+01 -3.294382805511761347e+01 -7.029714070270519244e+01
7.230990516630049569e+01 5.702783138266916296e+01 -6.686003864920296280e+01
2.614387520307127133e+01 -6.382466139950476958e+01 -4.386920621230107997e+01
2.255107624522372234e+00 -4.666128233724307961e+00 -1.271199988068743458e+01
2.481926538858976983e+01 1.230296296433869685e+01 -2.826548017492409315e+01
6.927392401814461209e+01 4.178796215476778997e+01 -5.861147678850456089e+01
4.131265451030034797e+01 4.130174013718568204e+01 -3.656017185153316973e+01
3.555216729338999215e+01 4.046809631823080622e+01 -3.488020234202156900e+01
2.430679479196644621e+01 -3.319019368723257202e+01 -3.365608847902180401e+01
6.782838112555680254e+01 -2.677894699733841311e+00 -5.950030487251534339e+01
1.447751134587780975e+01 -7.182979524541437399e+01 -4.643203241635863776e+01
3.334341123215379810e+01 -6.337945956750416343e+01 -5.856894693202903568e+01
4.204750617759508913e+01 -5.778589267409665098e+01 -6.570029142502905017e+01
2.986308718262039008e+01 4.077037972821753442e+01 -3.449905528291563428e+01
2.449405629795836958e+01 4.185717001488187350e+01 -3.527053649284102477e+01
2.097619440365361498e+01 4.256419151685411606e+01 -3.649046096700013919e+01
6.687070083707162382e+01 5.522296261618762259e+01 -5.157798873658791905e+01
2.516474758352077501e+01 4.826041021241205442e+01 -3.367012463256441634e+01
3.105764804381796651e+01 5.040576523619644433e+01 -3.284718605224058052e+01
3.692445021176440179e+01 5.092414866007341345e+01 -3.330747177480899524e+01
4.279469415299286084e+01 5.003945036082745190e+01 -3.508797641764432029e+01
4.648623688069984894e+01 4.841330460726045715e+01 -3.730970787850405657e+01
7.634145253342025228e+01 6.075879546380336649e+01 -8.467829318660939464e+01
4.523863167177565714e+01 4.264035810092303791e+01 -3.870855615037201858e+01
2.054769204223153523e+01 -1.504968573826877609e+01 -2.516410511489482005e+01
1.469715013170934270e+01 -9.468912641688502774e-01 -1.668436814537152557e+01
8.390416295014002657e+00 -1.284026442935485868e+01 -1.921419701690590287e+01
4.362230298974416343e+01 -5.112918784723310495e+01 -5.667985646896229213e+01
3.512880354378442149e+01 -5.749437300908834203e+01 -5.070303352142868647e+01
1.511027554438437903e+01 -6.854374227884545689e+01 -3.786876995153606629e+01
6.089147393292206800e+01 -3.864956175161260177e+01 -8.701259231901647695e+01
2.106924520562791514e+01 4.522926975360501700e+01 -3.523277011179626328e+01
1.055544719260343989e+01 2.724196539084820756e+01 -1.650652267503195247e+01
2.449284536454182870e+01 -6.829798267469637096e+01 -5.120384439397987819e+01
7.305072226077506059e+01 -4.620318077194808026e+00 -8.039557676740982117e+01
1.240724652844280484e+01 -3.111700292072454133e+01 -2.701736101433537840e+01
1.346710268511880315e+01 -3.285209288189220445e+01 -2.605785952632951208e+01
1.455137068777949771e+01 -3.569796404409055413e+01 -2.518823777801374320e+01
1.541094867809610491e+01 -3.932465438611733077e+01 -2.636644662390498794e+01
1.784303084268988115e+01 -4.518146200784637756e+01 -3.200430529103789468e+01
2.098446318206538308e+01 -3.006231663607967519e+01 -3.192581959057696750e+01
2.277825822522362387e+01 -2.962556507668755401e+01 -3.182558682756202373e+01
2.466144500465911804e+01 -2.862289140943720867e+01 -3.170487880785214330e+01
3.153490212360596701e+01 -2.424389587098542620e+01 -3.296697692008409319e+01
5.889201482839823143e+01 -7.242199150317279788e+00 -4.637473650186672103e+01
1.061450889327043079e+01 3.464554296957437884e+01 -2.208827317390861111e+01
1.421762356236193270e+01 4.899322016609693975e+01 -3.180351365680568065e+01
1.819670554404192586e+01 4.756991450450544079e+01 -3.406840682600308412e+01
1.965248486537830885e+01 -2.916200637800880813e+01 -3.249023793747747391e+01
5.889666940165110987e+01 -2.374922654996055371e+01 -5.704950040603558392e+01
8.488028250134455277e+00 4.965245054829906479e+01 -2.372425213958879198e+01
2.194276193551493037e+01 -5.166816079878170598e+01 -3.622773219526639110e+01
5.897961685038692004e+00 3.086853251954533661e+01 -1.195274182232976656e+01
1.485929555022839565e+01 1.582618919367383015e+01 -1.728825443999384248e+01
1.199727018205161144e+01 -5.514169701273394963e+01 -3.287923606661286868e+01
3.615333981106177674e+01 -3.970934807962858315e+01 -4.170442067639037020e+01
2.747499416236914271e+01 -3.040845125735659682e+00 -3.047310827478549911e+01
2.972984581222678457e+01 -4.667056253055763904e+01 -3.930471347888904887e+01
4.403243776251341757e+01 -1.601904522555557708e+00 -3.322498808999846176e+01
3.400480157687952953e+01 -9.898930379677777225e+00 -3.187127851015342372e+01
4.950802213518016259e+01 -1.290829304610099726e+01 -3.878733732326023897e+01
1.428787479020454754e+01 -6.283064947073355455e+01 -3.388099167961531322e+01
1.848445140670452602e+01 1.174077218189794714e+01 -2.219381505005785016e+01
4.172078866501828998e+01 -4.431472429095897070e+01 -4.847254447902751906e+01
3.345395033314115807e+01 -5.154335990816298363e+01 -4.492157072261996831e+01
4.140918825745099241e+01 -3.135062675356066109e+01 -4.168623615339316757e+01
6.551964481396011308e+01 -1.472786667842868447e+01 -6.258499915537901614e+01
5.009836429263580015e+01 -3.189546027337666700e+01 -4.845388090252678381e+01
6.922771274833922917e+01 -1.933378378177808088e+01 -7.849744675538187266e+01
3.918109387587767856e+01 -1.902544832478930203e+01 -3.534736253787774984e+01
1.463320704850285736e+01 2.248273218453947209e+01 -2.128980787561334154e+01
1.373775258385285447e+01 1.415719687085704059e+00 -8.585362913297400311e+00
1.733830255751549032e+01 -4.294305537678476115e-01 -1.596788297386653532e+01
1.128035335864574407e+01 6.277713917955986211e+00 -3.984164416494433869e+00
1.970483533105963758e+01 5.596641161703183087e+01 -2.933136296747066396e+01
3.043407064828054942e+01 6.045937111134347930e+01 -2.846267248648875281e+01
3.975462786168497331e+01 6.150804242161619584e+01 -2.920197121891976266e+01
4.750477712483611015e+01 6.045392763187008001e+01 -3.211574019913262390e+01
5.303535771864167003e+01 5.736028128347381738e+01 -3.632851642885154320e+01
5.717800662723697513e+01 4.449175084851885487e+01 -4.694402904337743365e+01
7.651380877023784421e+01 2.688335752926297673e+01 -7.774155851823171304e+01
5.240938422955672138e+01 3.354486903131218156e+01 -4.222986860387035790e+01
4.556808489149921115e+01 3.103816638577350417e+01 -3.835749410934906933e+01
3.652144855703642179e+01 3.086937929481073795e+01 -3.557485643063876068e+01
2.803101422205821081e+01 3.242393495892585520e+01 -3.390846732408443387e+01
2.144198183689680448e+01 3.475637341254901003e+01 -3.386288262711158836e+01
1.690431270253962381e+01 3.714529505401223730e+01 -3.308889401451759227e+01
7.622660819002989285e+01 2.800053545893653251e+01 -1.025241729021057324e+02
1.699194399794297539e+01 -2.303860662559281014e+00 -1.929473407724072942e+01
1.046009169879850731e+01 2.063915921340677073e+01 -1.184460528340700947e+01
9.507077556204489355e+00 1.115002659697785781e+00 -3.676139834082468028e+00
6.086888451855673843e+00 -2.187285090170723478e+00 -6.528477572681594232e+00
9.375762078049319825e+00 3.442989922575979966e-02 -6.875310533647331468e+00
1.519353601144383248e+01 -4.433837372379607622e+00 -2.165155610726478486e+01
5.088395136159159726e+00 -2.849931448043590443e+00 -4.878318146141859657e+00
4.142828829781211475e+00 -4.252488167905630334e+00 -1.263302846808488589e+01
1.692006631850298604e+01 4.280704641533111499e+01 -3.565162025959700998e+01
1.330931210352607863e+01 4.117983267285645610e+01 -3.205635532036826163e+01
1.122784950710109086e+01 3.996504300145062416e+01 -2.793884124270024216e+01
4.864419768610534334e+01 4.715478947369452811e+01 -3.969440340717839888e+01
5.207040737385995044e+01 5.046305876066291063e+01 -3.999347071844051271e+01
