-1.977196185402731454e-01 -2.176750971369216714e+01 -1.445748613340268385e+01
0.000000000000000000e+00 0.000000000000000000e+00 0.000000000000000000e+00
-2.639872599884948712e-02 -7.188026459886726727e+00 -1.621968795597740609e+01
-5.246491631153752166e+00 2.410017030379069425e+01 -1.013925253992640307e+01
8.132812891738568084e-02 7.480643363936030354e+00 1.926499085965829750e+00
2.221263172670211450e-01 1.725713321866651029e+01 -1.239701584077527841e+00
5.105469423646387117e-01 4.046627085739787333e+01 -2.053303644182172150e+01
-4.708526606792777613e+01 4.215205786538677302e+01 -4.622079400939810512e+01
5.363766562091673018e-01 5.925505966549457781e+01 -2.607550810944150399e+01
5.262141402713074179e-01 6.904578663525630589e+01 -2.521184325113505409e+01
5.019657282133120901e-01 1.000107476790264371e+02 -3.433326712312973683e+01
-1.921728241412412053e-01 -2.514875734935879592e+01 -1.506860198946558249e+01
-1.859358153606168740e-01 -2.781489851681214276e+01 -1.720257999441817631e+01
-9.336153757182996671e-02 -2.901288019159744991e+01 -2.007119197704193070e+01
-1.667740091825167248e-01 -3.176442140900767086e+01 -2.030801881358120298e+01
-1.727429706574284962e-01 -3.472168235959084370e+01 -1.917932171221630355e+01
-1.327670082535523377e-01 -3.847954702904156221e+01 -1.775809253143967581e+01
-1.127098943857323121e-01 -4.231151562733285942e+01 -1.879937991893868343e+01
2.738358067918583716e-03 -4.849738414738625636e+01 -2.528962246243705536e+01
1.864129328279181055e-02 -3.829683213570849176e+00 -3.249855659378128703e+00
-5.628011972014069997e+00 -3.313465358121998605e+00 -1.213940700235894177e+01
-7.019428297526256699e+01 6.722089279989033628e+01 -7.999190608347993248e+01
-2.784084475333220610e+01 3.526033557215302494e+01 -3.886211026722483552e+01
-3.444117253779241139e+01 3.478584190266235510e+01 -3.937724797569762814e+01
-4.071291069552439978e+01 3.525198327959378730e+01 -4.129461006911994758e+01
-4.891774480671935521e+01 3.945743354233844258e+01 -4.711952881755651390e+01
-2.235027178827166594e+01 3.708187165673670194e+01 -3.980465850185910881e+01
-3.664401901309334875e+01 5.480176345534295024e+01 -3.755101079049811119e+01
-2.950756122167875617e+01 5.412364349954427922e+01 -3.740080290251513162e+01
-4.327212551195775347e+01 5.364492880610449532e+01 -3.971570634591800086e+01
-4.770734686206773745e+01 5.092548724645344294e+01 -4.225991137334127501e+01
-5.391795936032544745e+01 3.456280651296547290e+01 -5.037168204348413525e+01
-2.355793855721350738e+01 -5.833003503077001284e+01 -3.198355223696060534e+01
-4.934443221035759564e+01 4.417648657247472954e+01 -4.856198326004766841e+01
-7.257943071519781597e+01 3.760820534375768176e+01 -8.038601088621850010e+01
-6.115466098128243999e+01 3.965510980012923170e+01 -5.747683454683298265e+01
-3.178642494703395371e+01 6.367517083175327386e+00 -3.061785401782785598e+01
-7.730167469368723232e+00 -2.071396933287650199e+01 -1.546024787313189996e+01
-6.350830472130692073e+00 -2.773615646931109069e+01 -1.819880581493885074e+01
-1.530546807959162159e+01 -2.319111315571291598e+01 -1.909315080151316124e+01
-1.984672272577793706e+01 -2.631390843660595280e+01 -2.339346933460237921e+01
-1.161729437015009125e+01 -2.833287081290612619e+01 -2.059654969315005602e+01
-1.572449709461388245e+01 -2.937193978154302343e+01 -2.467800039493850761e+01
-2.762505806461007651e+01 -3.703752367241923338e+01 -3.233736903914155647e+01
-5.310339938415965300e+00 1.709033975084593981e-01 -5.354478343001608520e-01
-6.145207451997507064e+00 7.376731854052871462e+00 1.168920165520568766e+00
-5.787701700051830755e+01 5.880749619428518571e+01 -4.548842568474116632e+01
-1.898442729576385091e+01 2.408704442242743937e+01 -3.098369718828675090e+01
-1.947182017371297746e+01 1.918643743766548893e+00 -1.682420026168532701e+01
-1.986914413608591445e+01 5.818148791571841727e+00 -1.890822493174638552e+01
-5.091074785666479130e+01 7.149540655160294911e+00 -3.933894875685206216e+01
-5.700052941542136153e+00 1.643003564741039924e+01 -3.348167456830590361e+00
-4.327570698089120071e+01 6.727234704587542069e+01 -3.420772301979602048e+01
-5.196649796669363752e+01 6.449652327765730320e+01 -3.953162766502310888e+01
-6.422103442051837874e+01 7.994205256228140399e+01 -6.743828726617829261e+01
-1.423023151575855572e+01 6.124984758090748471e+01 -2.814200995705692065e+01
-2.331551620182354156e+01 5.140708760205325945e+01 -3.917550362628615801e+01
-3.232959731125840364e+01 -3.068590378723483880e+01 -3.428452974920342911e+01
-6.405965635623611831e+01 -2.631036212773702943e+01 -9.373151726077905721e+01
-1.478376316574230565e+01 -2.065650760717050893e+00 -1.906741055802740803e+01
-9.657855336110356959e+00 -4.121125740345226163e+00 -1.824463443941681362e+01
-2.492165304557959260e+01 -3.112996326750820586e+01 -3.335545648737780056e+01
-2.181663099408691409e+01 -3.060653367184515261e+01 -3.141875094084304010e+01
-5.576593093816830304e+01 6.904093215685500695e+01 -4.290087704843708849e+01
-1.948060583265437629e+01 -1.248175960516840544e+00 -2.023025829220790328e+01
-3.114672921881158985e+01 6.685592050436798672e+01 -3.015348449135749220e+01
-3.240773850372808340e+01 7.260264915844535949e+01 -2.905472741711921358e+01
-3.798054632063242764e+01 9.654600806899695442e+01 -4.243522487174522695e+01
-6.002668730283561871e+01 7.452595357826874078e+01 -5.322807013291490108e+01
-3.462904204633782257e+01 8.466958796218601435e+01 -3.516468382192061881e+01
-6.185086838298165901e+01 6.170192208492306207e+01 -5.152826639547172505e+01
-6.605112306320033611e+01 6.398323687234022117e+01 -6.466709471399359188e+01
-7.183947306774500774e+00 -2.474330703822352717e+01 -1.602940533353861596e+01
-1.329075083883316566e+01 -2.634073867241690792e+01 -1.948342156757177079e+01
-1.776275343443574783e+01 -2.797179525294572855e+01 -2.339890447302398613e+01
-1.317924563275646044e+01 -3.306521548294028889e+00 -2.045593130830405570e+01
-2.331265949876447863e+01 -3.099786184676721845e+01 -3.237644424889809613e+01
-2.102728661203421723e+01 -3.220559988215864422e+01 -2.811772545019555380e+01
-2.114321077653278991e+01 -3.011252091202591785e+01 -3.125849329946390753e+01
-1.167926767482873451e+01 2.385516410763230122e-01 -1.032792973575862128e+01
-1.430414631661001579e+01 -2.899154920140508551e+01 -2.572465329459382488e+01
-1.023638167870612037e+01 -2.875200947010932140e+01 -2.304984435638194640e+01
-5.426488554978289081e+00 -2.881531345234202135e+01 -2.085939291292432785e+01
-8.167641834834105552e+00 -4.822786917839670906e+01 -2.539630782130467068e+01
-7.669568201381802730e+00 -4.170029022321426027e+01 -1.919120600356736972e+01
-7.330648256637113391e+00 -3.762120383065036577e+01 -1.842212212044232444e+01
-6.828114502541129838e+00 -3.399841867800550688e+01 -1.998725567026668060e+01
-6.200117543898149286e+00 -3.154525001017530528e+01 -2.114308652060100258e+01
-1.562375308619359693e+01 -3.101988518730401978e+01 -2.589667349307025646e+01
-1.659314538514836102e+01 -3.193562515161195492e+01 -2.466513639327813223e+01
-1.800086422109442097e+01 -3.375600999407564018e+01 -2.349807846392180366e+01
-1.935529415838537659e+01 -3.607888902677127163e+01 -2.457177853338568596e+01
-2.568230295031672483e+01 -1.876112503573114765e+01 -2.596525964059226510e+01
-7.187374581908498783e+01 7.285836387144784432e+00 -1.057636316352573544e+02
-9.726030648546450663e-02 -5.240247022762930307e+00 -1.177097621771500791e+01
-1.826926143813610892e+01 -3.089788878287362905e+01 -2.900969569460119146e+01
-1.952350199192395408e+01 -3.130752200169395394e+01 -2.815951251532385413e+01
-7.670672385795115567e+00 -7.194420498361104421e+00 -1.786654397390196891e+01
-1.736266793786866813e+01 -5.493760883242347681e+00 -2.470275834151228622e+01
-8.622837511569633406e+00 -5.747065386823527966e+00 -1.796992449893932431e+01
-2.575478968661971635e+01 1.984404714784400525e+01 -3.297396619802876927e+01
-3.634414694824452141e+01 1.521812832454258313e+01 -3.474239174795020091e+01
-2.083002148844601820e+01 2.659900866705878109e+00 -2.246825172792820524e+01
-5.414207443883589121e+01 9.001897754794615025e+01 -5.395409180494453238e+01
-5.021946230959103019e+01 8.183304287772868690e+01 -4.353218026348989156e+01
-4.582043574717285139e+01 7.280621324182220633e+01 -3.554862086846560487e+01
-2.271822283924199581e+01 -4.137850582634136032e+01 -2.916662369007972089e+01
-1.645080098714984729e+01 7.068607038359932915e+01 -2.588995915490428246e+01
-1.818430759681705311e+01 8.459176415844527241e+01 -3.032072705777247279e+01
-2.025983373054748427e+01 9.935626978845813539e+01 -3.561895601278703083e+01
-4.597746029404731161e+01 3.669230568174057083e+01 -4.435390793846906377e+01
-6.063018541947158013e+01 2.933226335729520073e+01 -5.363302250241396507e+01
-1.881752129748023350e+01 3.904009816210895423e+01 -4.084559631348712827e+01
-5.453436188885828528e+01 4.868701539959833724e+01 -4.823161413222027250e+01
-1.450787952233713085e+01 2.889151097279259517e+01 -2.895520020619181167e+01
-1.583639992115456252e+01 4.617132978952803057e+00 -1.054024056331926751e+01
-6.722173935836777048e+01 2.454782572885596181e+01 -6.079360045147664948e+01
-5.621988201883275593e+01 2.425601878473267448e+01 -4.717141964442708968e+01
-4.783352719298974165e+01 2.163832009022041092e+01 -4.074356688579940311e+01
-3.544343509533447900e+01 2.286176174403227179e+01 -3.797897840894589905e+01
-2.631844161330609921e+01 2.581289037513351303e+01 -3.659546400318510706e+01
-1.948370998342975113e+01 2.924266526911754127e+01 -3.500175817894972852e+01
-5.812672458969556644e+00 3.861351891456791208e+01 -2.296689823644790351e+01
-6.571891691314608863e+01 9.847835340968497775e+00 -5.793967342603342274e+01
-5.983537902031088151e+01 4.990256807192119481e+01 -5.167960716276569855e+01
-3.108555027517131641e+00 -3.453333982880205433e+00 -3.646076384529946868e+00
-1.816819278336924270e+01 1.706091041555710675e+01 -2.775112441332168345e+01
-7.432398870459867624e+01 3.771918678194116126e+01 -1.029417299809563104e+02
-1.446205423752184949e+01 3.324241020459140827e+01 -3.440013979890181162e+01
-2.150166583339902715e+01 2.195271906444669963e+00 -2.883762594331134821e+01
-5.111993749183190516e+01 4.362678804006306876e+01 -4.995997286399339288e+01
-1.599829322417250133e+01 9.328033043831567284e+00 -1.322354071551658095e+01
-6.929391042093810427e+01 -9.219755805482524380e+00 -1.015996691098239637e+02
-1.880678832628125718e+01 4.190435630046222570e+01 -4.275845099709616903e+01
-1.105518029515623013e+01 1.373648660543412348e+01 -7.096299165870331827e+00
-5.025373604125995541e+01 -4.268576311547124646e+01 -5.681773918200788387e+01
-4.990985435864077147e+01 -5.004442907367248949e+01 -6.872857448859795682e+01
-7.178966693590173520e+01 8.379873027390608797e+00 -8.174421854713554580e+01
-5.798488310307694604e+01 -3.341493044495715026e+01 -6.579895782224096479e+01
-6.952155628903285844e+01 5.167302473376673078e+01 -7.452367421120895585e+01
-2.503349829209804156e+01 -6.495989443584173273e+01 -3.558558271233837189e+01
-2.533747819387187850e+00 -4.931378539686273044e+00 -1.218981851516018011e+01
-2.391491131037665951e+01 1.177918190859872105e+01 -2.973266548128254882e+01
-6.652034740551697212e+01 3.818285019490557630e+01 -6.413608701244906740e+01
-4.060202556827365328e+01 3.943449815520757795e+01 -4.201939958039081802e+01
-3.484009180640247649e+01 3.863386918305945983e+01 -4.037651640987118640e+01
-2.264793933267155523e+01 -3.354215866769921206e+01 -2.918329831313015177e+01
-6.374089281296778609e+01 -3.823201261233937220e+00 -5.886143876470442393e+01
-1.345553864576593739e+01 -7.445133286920044213e+01 -3.713760845528851462e+01
-3.254276767726172892e+01 -6.496252199025347807e+01 -5.068062961144189416e+01
-4.058695643745123505e+01 -5.888475045179297496e+01 -5.849584336706985965e+01
4.863014860810874751e-01 8.413148115137107652e+01 -2.901554885162127917e+01
2.630148611223533384e-01 -7.607907906606298809e+01 -3.514985676596613473e+01
-2.916049427327726562e+01 3.896159874066332662e+01 -4.017512196273345637e+01
-2.390468343239809101e+01 4.012040832862381023e+01 -4.118542687705151195e+01
-2.051290306148636589e+01 4.097570009425717785e+01 -4.267685669782528635e+01
-6.444988416051917568e+01 5.112473929236307413e+01 -5.864720871196549723e+01
-2.443763858816540946e+01 4.759559059218985766e+01 -4.037454784534281771e+01
-3.012013756078097160e+01 5.004169714586269890e+01 -3.946543103211937620e+01
-3.610984698420307382e+01 5.067078802487329625e+01 -3.972326241856450224e+01
-4.207101070929414988e+01 4.946762574676606050e+01 -4.134219065570067642e+01
-4.569947132647123311e+01 4.731631620585915243e+01 -4.341111857990549794e+01
-7.346890245597974456e+01 5.393697185761811852e+01 -9.317498209642613460e+01
-4.447300310352248687e+01 4.073558650278087612e+01 -4.427896387010361678e+01
-9.406574833286997228e-02 -1.160912215617157983e+01 -1.732626517313186554e+01
-2.030882696663241305e+01 -1.486768289696852996e+01 -2.324060696996063768e+01
-1.496852245490008748e+01 -9.784520086937561478e-01 -1.674696844511522897e+01
-8.561457504628807058e+00 -1.235084788905908049e+01 -1.777374890475863367e+01
6.028765952635181113e-01 4.978521163399094007e+01 -2.578449726887647842e+01
-4.205271969151827705e+01 -5.146859172805414318e+01 -4.989267412203924579e+01
-3.386689253422121482e+01 -5.817618756355503251e+01 -4.303020160182318676e+01
-1.376786504357031227e+01 -6.999229323420973969e+01 -2.914989783132697099e+01
-5.733015481548336822e+01 -4.000202571735006529e+01 -8.186929898221224278e+01
-2.051939663496571953e+01 4.417913334367072054e+01 -4.186825013064615320e+01
-1.017448830095200663e+01 2.716799926164640411e+01 -1.992506055598813219e+01
2.816505042460729080e-01 -7.135897605172887381e+01 -2.751434505893195137e+01
-2.379705341476848446e+01 -7.042167353142585284e+01 -4.259071939505925286e+01
-6.904108668319624087e+01 -6.688011426374286472e+00 -7.964048275147624167e+01
-1.140897535431174958e+01 -3.117953640032996177e+01 -2.331888091405667041e+01
-1.238644602681493012e+01 -3.289203734962053716e+01 -2.195775309955716281e+01
-1.337963857511552135e+01 -3.570581195152199427e+01 -2.070823322357703589e+01
-1.428817174646290766e+01 -3.933066872500619127e+01 -2.149129399947587515e+01
-1.628468409192637267e+01 -4.532721296124832122e+01 -2.644319209290198458e+01
-1.925180232009201120e+01 -3.011113014081803385e+01 -2.831850366491900672e+01
-2.129657767527706014e+01 -2.967418875986836824e+01 -2.831501352203201805e+01
-2.323740513480105108e+01 -2.871092115156870506e+01 -2.834488289582924025e+01
-3.007965287417774292e+01 -2.425437682486469981e+01 -2.999790825150954632e+01
-5.502238403446409620e+01 -7.607348107144079385e+00 -4.505813890911021957e+01
-1.008960666472608203e+01 3.422123799465064309e+01 -2.643511945713419919e+01
-1.370661018833166622e+01 4.751679880258470234e+01 -3.809493531699942537e+01
-1.770066528053056132e+01 4.606946608413377220e+01 -4.077874569516537662e+01
-1.784865022360864018e+01 -2.917959231573037115e+01 -2.895853336592909599e+01
-5.525687499855332163e+01 -2.393653663558637490e+01 -5.372323108800587477e+01
-7.979632066565773840e+00 4.845500525170358941e+01 -3.000424422883625297e+01
-2.010074389076976686e+01 -5.170518684275181442e+01 -2.970058668132931956e+01
3.717633236062535262e-01 2.523781188071717096e+01 -7.908683682656374891e+00
-5.699342538034257721e+00 3.099092120697448749e+01 -1.589867493867904180e+01
4.137998924536794298e-01 3.259446709716694812e+01 -1.439209007316808098e+01
-1.435235363992485702e+01 1.570753632181254034e+01 -1.932765365651139078e+01
2.701134232807717583e-01 -6.442420718962642923e+01 -2.436393878827103165e+01
1.500335833787111439e-01 -5.587279893212538440e+01 -2.496733986989463361e+01
-1.035065019245748985e+01 -5.540508443668423411e+01 -2.613243289870891317e+01
-3.433359923570821337e+01 -3.948410232815430021e+01 -3.623978400088513041e+01
-2.688420718423418521e+01 -3.272169320013113225e+00 -2.996683253146757409e+01
-2.788086083874870980e+01 -4.649593421885108313e+01 -3.299824631784666451e+01
-4.153218166860050786e+01 -1.684366901259400917e+00 -3.260756698781570861e+01
-3.268052935517561508e+01 -9.898351212281767175e+00 -3.038919869786697348e+01
-4.641489137249154595e+01 -1.279291366340299341e+01 -3.689957087646720169e+01
-1.269224532067880062e+01 -6.340888018689599193e+01 -2.614860807053313252e+01
-1.791167082613380757e+01 1.149629802247685717e+01 -2.365611555878796324e+01
-4.005905879628954835e+01 -4.423822419938441897e+01 -4.241293016697743923e+01
-3.187829501275859556e+01 -5.160975762425390911e+01 -3.787449183435938238e+01
-3.930257274740196038e+01 -3.116916146150169098e+01 -3.748175232891492925e+01
-6.151552181551409149e+01 -1.545011034540886108e+01 -6.031009111977775206e+01
-4.731997777776509650e+01 -3.170269075952681348e+01 -4.410870068504177510e+01
-6.498312098182979923e+01 -2.060509914512087448e+01 -7.567983409801122718e+01
-3.718696563204329664e+01 -1.891553997798730435e+01 -3.273317593071785581e+01
-1.407306355231387407e+01 2.220110800770266835e+01 -2.417121380839516220e+01
-1.371137359063094507e+01 1.403510255594112799e+00 -9.068505302431614012e+00
-1.752254699469472499e+01 -4.500082192551270732e-01 -1.595086391238356960e+01
-1.139239144762190570e+01 6.353685897099243363e+00 -4.514507949848813873e+00
-1.923099132520430032e+01 5.422078109376506205e+01 -3.628964654000716195e+01
-2.996666225296470287e+01 5.844867254173849602e+01 -3.549579140632629759e+01
-3.917492950007449082e+01 5.913131602631962380e+01 -3.616955624501787270e+01
-4.676032482787079658e+01 5.783770372437170693e+01 -3.888581590444729130e+01
-5.193049384200340057e+01 5.451639224983571097e+01 -4.294235670667383431e+01
-5.538970532113064849e+01 4.166216288807321178e+01 -5.266328474524289760e+01
-7.314886801874426681e+01 2.310485491179845496e+01 -8.140683238645601705e+01
-5.041078521334427620e+01 3.151246657654761307e+01 -4.656341208330587023e+01
-4.376532720915173513e+01 2.937715249305170317e+01 -4.240663263744932721e+01
-3.518161561604282639e+01 2.935612485603199318e+01 -3.959827314582989288e+01
-2.691124834446155134e+01 3.092925441422978494e+01 -3.828444631336069648e+01
-2.051955138657099198e+01 3.337844078876779008e+01 -3.836832607735307477e+01
-1.613761161485262718e+01 3.585970157436567973e+01 -3.801119526477455679e+01
-7.318816410540439676e+01 2.259173438495676578e+01 -1.066716614835972194e+02
-1.724659003714247163e+01 -2.295700869101115149e+00 -1.911929111689587657e+01
-1.019542012883142590e+01 2.067581237738718514e+01 -1.445373942440757631e+01
-9.570032670367584871e+00 1.156716899046554392e+00 -3.846045582927526407e+00
-5.976573119338372209e+00 -2.263690266680320029e+00 -6.268948232129897491e+00
-9.355655116150696671e+00 -2.930082910434526899e-03 -7.007409123401565409e+00
-1.538909232788942205e+01 -4.369412751916138760e+00 -2.119738233801877669e+01
-4.957211686395648798e+00 -2.931530069218904355e+00 -4.522980059484072335e+00
-4.414575483528898836e+00 -4.404331159627194126e+00 -1.217946985479189692e+01
-1.646542684251038224e+01 4.142627165211030871e+01 -4.165957978912948079e+01
-1.262861163055610447e+01 3.992624898251572318e+01 -3.754113851608525465e+01
-1.058990269411828855e+01 3.901277220827495995e+01 -3.299361836458360386e+01
-4.771296206762541914e+01 4.563868582215819458e+01 -4.568046399856194739e+01
-5.081839770197003503e+01 4.798426925552091404e+01 -4.601327153224871580e+01
5.952876700211169769e+00 2.404134426293052584e+01 -1.003079772282231197e+01
4.853704582978593152e+01 4.211583468871224056e+01 -4.619685536393743064e+01
5.692362205002321929e+00 -3.490618678544792353e+00 -1.221095314095191142e+01
7.231089876941329919e+01 6.722705161922073103e+01 -7.993200859363992095e+01
2.960484242321991744e+01 3.529910146781097069e+01 -3.866472241142636079e+01
3.627230584820448200e+01 3.481137957609396238e+01 -3.920601675363732852e+01
4.253979110035933076e+01 3.521091537430775986e+01 -4.120100364350506794e+01
5.068228316280091406e+01 3.940185892943095070e+01 -4.708685208782365095e+01
2.387029450710040379e+01 3.711776317147209170e+01 -3.962432753511870942e+01
3.826459674254707011e+01 5.480477459700482967e+01 -3.743900661314587097e+01
3.097964248104629092e+01 5.417614244608618179e+01 -3.737740087174082504e+01
4.494032949885537676e+01 5.360033718547214221e+01 -3.968842152731991035e+01
4.947163261059606754e+01 5.089427030498818283e+01 -4.227518015822223418e+01
5.579956174645783307e+01 3.435502868222800998e+01 -5.039887279040711832e+01
2.473622426019343123e+01 -5.902030684221384860e+01 -3.228974379242836790e+01
5.079085935828754828e+01 4.417648657247472954e+01 -4.856198326004766841e+01
7.490655649923550641e+01 3.734688050412576388e+01 -8.029738113133635125e+01
6.312192519782487210e+01 3.943526353396627115e+01 -5.757478892398473391e+01
3.301420526245127718e+01 6.018369105627164650e+00 -3.083708571736081794e+01
7.515746022480553457e+00 -2.091397959033376353e+01 -1.540393600744777913e+01
6.240985768941682998e+00 -2.792390471290678988e+01 -1.811356399155128116e+01
1.541714871828021494e+01 -2.370402120227833365e+01 -1.894465653996243759e+01
2.012938102378103267e+01 -2.690451759045391711e+01 -2.306932928570391184e+01
1.179986633570807086e+01 -2.877198487944296446e+01 -2.029061047451634536e+01
1.596536085943384009e+01 -2.986028901355589937e+01 -2.431047325299189765e+01
2.853644560313213674e+01 -3.781905447078403171e+01 -3.226102710018471242e+01
5.452232173512451041e+00 1.112619982587141343e-01 -6.915195195646556270e-01
6.434587894814631781e+00 7.328353246178577862e+00 1.046684897795105540e+00
5.965228455663883977e+01 5.860404090878576255e+01 -4.559839006658697258e+01
2.020989460316964070e+01 2.394779190127486146e+01 -3.099488353177750000e+01
2.014440693819659600e+01 1.536123789021837105e+00 -1.694754127737579452e+01
2.071683667424414210e+01 5.470478495781454953e+00 -1.902033027086699235e+01
5.287909364168894655e+01 6.681970401490898048e+00 -3.940982283492093075e+01
6.222345344988401195e+00 1.637679185796016057e+01 -3.307606511552239947e+00
4.451945913076702510e+01 6.714590322094805686e+01 -3.463487633190488424e+01
5.345755825511204051e+01 6.430071764442307369e+01 -3.979196714795287448e+01
6.613089136031599935e+01 8.007353355001582429e+01 -6.749337483167121832e+01
1.522719127187538923e+01 6.123919226696358464e+01 -2.833100800958697363e+01
2.466268356699288589e+01 5.146033209521409191e+01 -3.912412600491846604e+01
3.322191149445384184e+01 -3.152198882991001483e+01 -3.403588626263992012e+01
6.652251054996114021e+01 -2.749224059459793779e+01 -9.354947006162822731e+01
1.518494637887507359e+01 -2.447819733663791908e+00 -1.926523146162550759e+01
9.861085736057784601e+00 -4.400429088334600003e+00 -1.862724194679903533e+01
2.528778602912408857e+01 -3.192118600422486097e+01 -3.282612594716491117e+01
2.239959321154601923e+01 -3.126914496064682325e+01 -3.089713261722771165e+01
5.726321664680743595e+01 6.877240717494052546e+01 -4.326925321291622595e+01
2.023185372154535955e+01 -1.696484714368418523e+00 -2.041192223352145163e+01
3.215536214870405729e+01 6.680611727595247373e+01 -3.066902306175732562e+01
3.348275150961571711e+01 7.252449509771764724e+01 -2.963470561257722125e+01
3.930289238871124979e+01 9.673300336515519859e+01 -4.258523715320104941e+01
6.180086676073052843e+01 7.450297975133797479e+01 -5.348987549924186879e+01
3.574286685176319622e+01 8.475396198295339900e+01 -3.550341780402035141e+01
6.362073910059017123e+01 6.146945174550617708e+01 -5.164544548919638345e+01
6.802828722888899904e+01 6.387815839435715759e+01 -6.470342405768245442e+01
7.016682503571778362e+00 -2.497681659152105027e+01 -1.596596736406703343e+01
1.337003018718076142e+01 -2.683732811109194216e+01 -1.917169868380622688e+01
1.807013044362100729e+01 -2.849726147015465472e+01 -2.307350261113544931e+01
1.346157838871200063e+01 -3.642588521970872684e+00 -2.065287589931276457e+01
2.372396212418695782e+01 -3.172533173097976800e+01 -3.182112186797453290e+01
2.149239723841645855e+01 -3.277087266560675261e+01 -2.778222646145084695e+01
2.182493692863666368e+01 -3.078697653858825589e+01 -3.074458643449248640e+01
1.207585331382074401e+01 -2.572491767849034716e-02 -1.023564875825510789e+01
1.477265770628570252e+01 -2.942982453440924218e+01 -2.526236772068700276e+01
1.051137970816756351e+01 -2.908518648237352622e+01 -2.274253164399830140e+01
5.477538904164527267e+00 -2.895962479711582915e+01 -2.067464038143153005e+01
8.443564385328276245e+00 -4.843918145797747599e+01 -2.550577071834852205e+01
7.725138735167458748e+00 -4.190140789636877372e+01 -1.913793818933044122e+01
7.270200953526540388e+00 -3.780678860814636977e+01 -1.838277093918622640e+01
6.650594841103084853e+00 -3.416839375774165433e+01 -1.981262903862646851e+01
6.084823449192183986e+00 -3.173508536405439528e+01 -2.099849903159616105e+01
1.602519897412774696e+01 -3.140003512666709184e+01 -2.560619875162830184e+01
1.700867820659558660e+01 -3.232796741922594208e+01 -2.448482110239194043e+01
1.846409818076889664e+01 -3.419610483463034001e+01 -2.337588501882404302e+01
1.982239415705281615e+01 -3.653564959777172305e+01 -2.448461148564503276e+01
2.634026496071956203e+01 -1.928536299229077855e+01 -2.591689116269892423e+01
7.383910273365721366e+01 6.597960848900739528e+00 -1.054977482107144482e+02
1.878488510356971730e+01 -3.140990268820081965e+01 -2.854664840035551521e+01
1.999239965694738075e+01 -3.184201397050827254e+01 -2.776718609578346886e+01
7.763965677818513988e+00 -7.388553792039554757e+00 -1.798542694595312952e+01
1.776868648918967608e+01 -5.946403763107713125e+00 -2.497246655045535846e+01
8.738211165587769003e+00 -5.977348880902770389e+00 -1.818945561410013312e+01
2.710695913583748506e+01 1.967728816900444855e+01 -3.294919916179435404e+01
3.783698339022560475e+01 1.495467985634923380e+01 -3.486147170061874334e+01
2.164691970571697865e+01 2.250511317774950726e+00 -2.254705862262925820e+01
5.581380459050362219e+01 9.022630090069867492e+01 -5.414810628912761814e+01
5.172532125757943788e+01 8.183758729601024129e+01 -4.396850210520346991e+01
4.703714783416191381e+01 7.272172836103526095e+01 -3.596900431803879172e+01
2.365424990519382220e+01 -4.196500367402084919e+01 -2.904263395383190272e+01
1.745264204376059425e+01 7.066864494538064889e+01 -2.620327949449690763e+01
1.918484045648693126e+01 8.463222197975878203e+01 -3.053191575237688582e+01
2.146777573342918188e+01 9.949334684046883126e+01 -3.585536083128364027e+01
4.776169992428336997e+01 3.664338272342001090e+01 -4.427145691894344282e+01
6.273910155837895530e+01 2.900394359919074816e+01 -5.380151545216968856e+01
2.010819261388364154e+01 3.907805114509998390e+01 -4.065281357370935922e+01
5.634582524266730985e+01 4.851929195875857204e+01 -4.822598300825176665e+01
1.566121968679887644e+01 2.877837971293061514e+01 -2.888799575991680157e+01
1.641503333629298567e+01 4.337780905908993567e+00 -1.065485424926595392e+01
6.952051313975259461e+01 2.414629839834399050e+01 -6.077113202461021757e+01
5.819941246328627926e+01 2.398787892381346154e+01 -4.725025694256268594e+01
4.965461704995626491e+01 2.141318433331917603e+01 -4.081163733331478483e+01
3.700558804317476813e+01 2.270977802994520900e+01 -3.791440378015333579e+01
2.775376866543251353e+01 2.570824317235913981e+01 -3.651403102996106043e+01
2.081875779850948049e+01 2.916019076419752309e+01 -3.493914857872351831e+01
6.860076894967834349e+00 3.857832056365698747e+01 -2.292160648226079189e+01
6.797994623564223104e+01 9.261475732611666345e+00 -5.780590210968779274e+01
6.185541623615368678e+01 4.973727443677260851e+01 -5.171834641139419375e+01
3.227428079650625836e+00 -3.539970258303525075e+00 -3.633270250479649910e+00
1.918424755363503920e+01 1.686980504436246520e+01 -2.763559073064569915e+01
7.634625614619109513e+01 3.742385229509515909e+01 -1.026273386033048212e+02
1.562348151417035957e+01 3.316569615662274373e+01 -3.424591377490028066e+01
2.212304945708510928e+01 1.795959859546125692e+00 -2.896607017417559859e+01
5.274130578969143812e+01 4.355160140404008473e+01 -4.988439470642580886e+01
1.679603040606123798e+01 9.084077011284566794e+00 -1.332116733640993367e+01
7.145585702816865137e+01 -1.017400476285228095e+01 -1.014276635969483209e+02
2.004801459236973216e+01 4.192862088512541874e+01 -4.244256900194326221e+01
1.178575637015043398e+01 1.359209501335709191e+01 -7.132350233683198759e+00
5.257323250704136086e+01 -4.392153614923766014e+01 -5.696115948948202146e+01
5.234252779273317202e+01 -5.138224160646304028e+01 -6.869453614803489927e+01
7.386404973323189438e+01 7.713338586378031714e+00 -8.165924133743602908e+01
6.052508535190516881e+01 -3.464140859446809628e+01 -6.587952062478424864e+01
7.159607924546003233e+01 5.155303020384251056e+01 -7.451069919637730266e+01
2.626988012888951474e+01 -6.572984253185276771e+01 -3.579136807040516288e+01
2.344085973256168742e+00 -4.990833141411787466e+00 -1.223588678813936248e+01
2.506976752991517898e+01 1.150931348635029217e+01 -2.981535081924150532e+01
6.871535542598502389e+01 3.795010123667352531e+01 -6.416597462409002617e+01
4.211999028742661011e+01 3.948623836186587255e+01 -4.197922535454781467e+01
3.647573026792737494e+01 3.874768773295915736e+01 -4.025893564800649926e+01
2.313088866834372226e+01 -3.416317744977197179e+01 -2.885430715742245411e+01
6.603105591190386292e+01 -4.660456381595121655e+00 -5.884144833369504113e+01
1.415737676843773762e+01 -7.496798926635540283e+01 -3.717986548616752174e+01
3.408922469086994766e+01 -6.607738208205185515e+01 -5.072491104597864364e+01
4.262438045468286418e+01 -6.015201068707000331e+01 -5.849823986114439123e+01
3.077018179217207816e+01 3.909567372923582695e+01 -4.001839648433460184e+01
2.538988896913390292e+01 4.024594650586976030e+01 -4.095701258010564771e+01
2.182617093313779932e+01 4.101815949749106949e+01 -4.237278657130174508e+01
6.658760885555444986e+01 5.094503411441289842e+01 -5.868168075541500883e+01
2.596533861148878231e+01 4.764305698758015239e+01 -4.014656867882057867e+01
3.177329902030329833e+01 5.009561894117477721e+01 -3.935954135755701344e+01
3.766742085094735160e+01 5.069854101046576034e+01 -3.974513907341658836e+01
4.360935033652877024e+01 4.949071414256697921e+01 -4.137423857596643018e+01
4.719698613515416952e+01 4.733164219234545556e+01 -4.350496752655109134e+01
7.545242340822228755e+01 5.383575822825796564e+01 -9.297315282583863905e+01
4.592966060708065612e+01 4.075198809488891527e+01 -4.426391536418469741e+01
2.074995102473554454e+01 -1.533242331680626513e+01 -2.329982554940271555e+01
1.539981177977277405e+01 -1.304538632585366287e+00 -1.703803226448729902e+01
8.573246655006117933e+00 -1.256198230669680882e+01 -1.783170741653178126e+01
4.401401647786202176e+01 -5.270078140743847683e+01 -5.010108026705614037e+01
3.549855603448558838e+01 -5.927838866579504895e+01 -4.334135460005637697e+01
1.460312580451926223e+01 -7.046024010747076716e+01 -2.929417841790878185e+01
5.982281670514822025e+01 -4.131592470815360940e+01 -8.162924608422011374e+01
2.185373978781903048e+01 4.418923926656943735e+01 -4.149159448159011276e+01
1.105381988034572593e+01 2.706314663768609918e+01 -1.988918860412971767e+01
2.491746011536260497e+01 -7.124246274982382943e+01 -4.252672849919749609e+01
7.131212694513223482e+01 -7.597198628627586103e+00 -7.957704393859674497e+01
1.152560948512356909e+01 -3.147448766666634867e+01 -2.299380846076171636e+01
1.253795021924893938e+01 -3.317184859576590128e+01 -2.178342070745167192e+01
1.360112250755188334e+01 -3.599853937694623340e+01 -2.054669619419955140e+01
1.452974547348727619e+01 -3.965077236925814930e+01 -2.135017622125709735e+01
1.698342055629304070e+01 -4.574304565142650603e+01 -2.634136723203273434e+01
1.970919041944704375e+01 -3.069218050364714045e+01 -2.785249448820811224e+01
2.168475245505586457e+01 -3.033709401843790232e+01 -2.780863842783469408e+01
2.367935879009866440e+01 -2.938684732490185070e+01 -2.784944971574930150e+01
3.081433294139096191e+01 -2.493686610049554275e+01 -2.974837422161758482e+01
5.717587403888507680e+01 -8.325913652382611829e+00 -4.520688717427523073e+01
1.115310434616792712e+01 3.417975230882748860e+01 -2.639259483452099886e+01
1.479446525221239739e+01 4.748797549930176842e+01 -3.810014809397178936e+01
1.887524270213096855e+01 4.610710670829871560e+01 -4.046998402783350457e+01
1.843072973718804164e+01 -2.973907040284849401e+01 -2.844202277626980191e+01
5.751442948595416027e+01 -2.494515861678917901e+01 -5.385288875036162892e+01
9.163384804570751996e+00 4.843928808712277601e+01 -2.995589557222627164e+01
2.116993233626986637e+01 -5.228500647454382744e+01 -2.993432840383607640e+01
6.543113483740514269e+00 3.095194721857738074e+01 -1.591749492905866781e+01
1.517519023535336942e+01 1.552247760463606241e+01 -1.939094648216200056e+01
1.095771038108317263e+01 -5.572939254674275844e+01 -2.629857909772275448e+01
3.573298797519757386e+01 -4.036922313385591821e+01 -3.636537573270445733e+01
2.764208951232346934e+01 -3.672959670450052005e+00 -3.019441323748671380e+01
2.922331219083109488e+01 -4.730961099967012018e+01 -3.320673610259495234e+01
4.312159035433234067e+01 -2.170193774127841202e+00 -3.292098541977890847e+01
3.365275762945278615e+01 -1.038816259339923675e+01 -3.051498317299505203e+01
4.825324029878981946e+01 -1.350632274722425130e+01 -3.713528102361303951e+01
1.348553533112922409e+01 -6.378918429792324218e+01 -2.624723808275892267e+01
1.884768429344734741e+01 1.123853134720426183e+01 -2.373435995953273903e+01
4.177298624396200921e+01 -4.528796522032450156e+01 -4.264886173894277022e+01
3.339070598840255144e+01 -5.256039977967772359e+01 -3.819950539876751350e+01
4.070767896668938590e+01 -3.202746938628227724e+01 -3.744537298575420436e+01
6.389307263228960210e+01 -1.644006768573968458e+01 -6.036465474954944455e+01
4.935276865602223495e+01 -3.272254988499769013e+01 -4.429495028564319625e+01
6.747682952641473264e+01 -2.171833343038078468e+01 -7.560252593183801650e+01
3.841759918659197126e+01 -1.957802662320187892e+01 -3.285714802984738014e+01
1.501324057754695218e+01 2.206135306899548709e+01 -2.408526149564803731e+01
1.421401144836132602e+01 1.086397892138895482e+00 -9.085650465832062039e+00
1.812267889126504627e+01 -7.880908465876736990e-01 -1.611164501462310739e+01
1.177686717063166988e+01 6.156721495576486625e+00 -4.689264439273439500e+00
2.030690123537246450e+01 5.418673680065088405e+01 -3.624824761226975056e+01
3.115280809502106152e+01 5.840877158456828511e+01 -3.563544613354972057e+01
4.056457289115490994e+01 5.910345861531586564e+01 -3.631672905922872019e+01
4.830520554178131221e+01 5.774420622550903914e+01 -3.899009949256004148e+01
5.366515965032928648e+01 5.441243561118725580e+01 -4.303095071957375239e+01
5.722049307690983255e+01 4.151593581911708242e+01 -5.270010023624021045e+01
7.538370657171294908e+01 2.266242314101007338e+01 -8.123415102999832982e+01
5.225050898782374276e+01 3.136405422582960156e+01 -4.657302406195187672e+01
4.554818363074277698e+01 2.927402394171141964e+01 -4.242722271047220062e+01
3.684540156143548018e+01 2.929265853300371703e+01 -3.950642285042341229e+01
2.849796271950522097e+01 3.092640157015552305e+01 -3.811339913666843415e+01
2.198123785310963640e+01 3.335276779917454348e+01 -3.826007599990143149e+01
1.741833759731786557e+01 3.584147740936970195e+01 -3.786854155865417226e+01
7.515737698507869879e+01 2.210598624144762425e+01 -1.063069159213697645e+02
1.777164791193989757e+01 -2.727014063464261007e+00 -1.934568085286476702e+01
1.090031542275548659e+01 2.057239927734054064e+01 -1.439320312765262955e+01
9.858753801943155537e+00 9.417600582176485213e-01 -3.928000140170891274e+00
6.265022764400971944e+00 -2.455901795671249221e+00 -6.388601075976616528e+00
9.702696060537283174e+00 -2.454534291396616996e-01 -7.062040208175818456e+00
1.587054765428327663e+01 -4.820654747221184699e+00 -2.145224324189400278e+01
5.210257377943527501e+00 -3.064531953157747957e+00 -4.595390047907478070e+00
4.387704038058996225e+00 -4.567592239024713230e+00 -1.227525191973658103e+01
1.761639602320290621e+01 4.142717866893098488e+01 -4.146778194121012717e+01
1.382336006347928503e+01 3.990550799995923370e+01 -3.741187882411310284e+01
1.171399372640364689e+01 3.896179914698414137e+01 -3.294607509624398034e+01
4.920021391569518698e+01 4.566614600296034610e+01 -4.578590428928355749e+01
5.259150565100814134e+01 4.792279277642436597e+01 -4.609144660241080516e+01
