-2.982929590231344630e-01 -2.226674113106620823e+01 -1.433101531431331388e+01
0.000000000000000000e+00 0.000000000000000000e+00 0.000000000000000000e+00
3.862097824772736665e-02 -6.892086436397373284e+00 -1.634999787911206326e+01
-5.898797707921956679e+00 2.413598960143515271e+01 -9.438883790757786940e+00
-4.094612610483722159e-02 7.354477273100189727e+00 2.064218848490322333e+00
-2.000650593545737488e-01 1.717391520626637558e+01 -8.806804390561847606e-01
-2.197620308511711862e-01 4.085833995780419770e+01 -1.967383214924007362e+01
-4.880497452456243934e+01 4.282838540151127660e+01 -4.466313865465193800e+01
-3.199958146582542184e-01 6.116452823754438839e+01 -2.468927716623981894e+01
-3.066566581385297141e-01 7.121113904802666639e+01 -2.367281922441581798e+01
-1.520960352898388379e-01 1.002308137093622236e+02 -3.184963094937031158e+01
-3.745801658167452475e-01 -2.566784893743925622e+01 -1.504267185514183325e+01
-4.820739388953217963e-01 -2.843184487638575320e+01 -1.736654354793553878e+01
-5.268841035025622066e-01 -2.980803064008077286e+01 -2.032804805190018627e+01
-5.147225196825707672e-01 -3.202107144487108314e+01 -2.117220019269278453e+01
-5.163630714546931788e-01 -3.524573882408808601e+01 -2.014916314657177665e+01
-6.107096971409216035e-01 -3.925893966357944720e+01 -1.906667484122740674e+01
-6.970375462127660349e-01 -4.317578388029451730e+01 -2.046124305815725464e+01
-8.352067579783686302e-01 -4.913938540473986194e+01 -2.748727262640769098e+01
-1.004596556929547996e-01 -3.720062382633201548e+00 -3.328236002650124981e+00
-5.678720831885361697e+00 -3.129020350735026934e+00 -1.222832631318516938e+01
-7.367220754941445193e+01 6.910925740772316317e+01 -7.791055735722252962e+01
-2.955322851398360129e+01 3.632842818543269203e+01 -3.717648700718963539e+01
-3.631479727378469136e+01 3.570700727021358745e+01 -3.782567616657861009e+01
-4.270841689404091568e+01 3.609710507056869488e+01 -3.988083876550919626e+01
-5.108477173784781655e+01 4.025582969413419221e+01 -4.563295926932141100e+01
-2.376465853462967814e+01 3.831919432731329067e+01 -3.825919423680613107e+01
-3.849232186691556024e+01 5.576457976026511432e+01 -3.558477911009725858e+01
-3.127144045960321961e+01 5.522541324777733962e+01 -3.556682514311829379e+01
-4.511308329692430874e+01 5.454870840704801083e+01 -3.789683130207357209e+01
-4.959877016596524157e+01 5.180041318441592324e+01 -4.062356785145401972e+01
-5.645862962319721845e+01 3.536479748241873722e+01 -4.898283971507462553e+01
-2.539880389715477094e+01 -5.866924216907936085e+01 -3.417450305572630498e+01
-5.109252642494080021e+01 4.480160659677377311e+01 -4.696147192797983649e+01
-7.643695244960740354e+01 3.937778930175194603e+01 -7.895608178706919489e+01
-6.406498319093167026e+01 4.093550868327109526e+01 -5.613070689951544523e+01
-3.292510077919908440e+01 6.409779787677011953e+00 -3.048904615079217706e+01
-7.540034901093775055e+00 -2.136098306691831894e+01 -1.534836865659578642e+01
-6.266798377455707225e+00 -2.851212728840570421e+01 -1.810964977357392769e+01
-1.486411246535913833e+01 -2.418632939390691661e+01 -1.879740224310980423e+01
-1.928313355178462274e+01 -2.751003765233952336e+01 -2.264246373124428402e+01
-1.135665023543767305e+01 -2.936878825185084096e+01 -2.014055410251386391e+01
-1.516225303390933732e+01 -3.050621579644155190e+01 -2.385274390910135622e+01
-2.817669428685713484e+01 -3.810149169112899870e+01 -3.203116687819798614e+01
-5.433039363572519598e+00 1.354029697831304335e-01 -6.426446466369825083e-01
-6.422229938895938517e+00 7.219553042785236130e+00 1.168474299918436987e+00
-6.038010615635160150e+01 6.055815673823239109e+01 -4.407612136183931995e+01
-2.027141013316188278e+01 2.452372740101452919e+01 -3.010789147816474909e+01
-1.958855155821486704e+01 1.760678278095759719e+00 -1.666725417930842568e+01
-2.029325199691297144e+01 5.625408273197186837e+00 -1.864051153039467579e+01
-5.285858072327966539e+01 7.167022720330567864e+00 -3.887185113399154091e+01
-6.168905467847324076e+00 1.633693410348782749e+01 -2.979917033220960576e+00
-4.545345382998075223e+01 6.946582940605972567e+01 -3.308222333420929573e+01
-5.417164931425388374e+01 6.637134098970547313e+01 -3.841671173486698621e+01
-6.722407775517291384e+01 8.153198468166570478e+01 -6.524963189639224481e+01
-1.567338428056393340e+01 6.368580314025815170e+01 -2.681532959891743317e+01
-2.484563828227832971e+01 5.260961965929573836e+01 -3.726630840639703024e+01
-3.253370457608865252e+01 -3.194037427898384252e+01 -3.359958091525704305e+01
-6.815599769682638964e+01 -2.461982912856699812e+01 -9.418681219549878847e+01
-1.463006286582043636e+01 -2.102100461178774804e+00 -1.899699734545208329e+01
-9.550408208385318787e+00 -4.043726361865590313e+00 -1.861781031420541410e+01
-2.397380538413798234e+01 -3.255132193224417136e+01 -3.200157482392090458e+01
-2.097759226654716969e+01 -3.179816905982510633e+01 -3.004960226693214054e+01
-5.821648208066013552e+01 7.100498062662224186e+01 -4.169268992112052530e+01
-1.950427884355905661e+01 -1.463401594232771163e+00 -2.019589437291443090e+01
-3.308814757990907651e+01 6.937702828888565421e+01 -2.910419644702498587e+01
-3.444114037528273542e+01 7.499022401369964541e+01 -2.798324424004129440e+01
-3.989036844876441990e+01 9.736216995119453088e+01 -4.006039042086187862e+01
-6.291038143925308646e+01 7.613528926667777341e+01 -5.156081779747041338e+01
-3.653453401981649051e+01 8.589560648078942506e+01 -3.345569099744167119e+01
-6.454957095674360801e+01 6.364537420711032922e+01 -4.996917449824846358e+01
-6.929675779901900512e+01 6.581558613800974911e+01 -6.281531473409824429e+01
-7.053768382134967041e+00 -2.542599543554106845e+01 -1.588423887068725016e+01
-1.290733151265336431e+01 -2.736694221795356086e+01 -1.902772976776831371e+01
-1.722903773909971292e+01 -2.917046151503141971e+01 -2.262086219710396406e+01
-1.292601387659356682e+01 -3.335821642482762250e+00 -2.063655169359320851e+01
-2.232152059026183011e+01 -3.236586392116420541e+01 -3.104261039523699139e+01
-2.056235007949428351e+01 -3.330655235272311643e+01 -2.721826485481071600e+01
-2.053129595162096876e+01 -3.113735675750337251e+01 -2.993647806425535407e+01
-1.180548475013438114e+01 3.498382809219502398e-01 -1.009351965045255461e+01
-1.386071060606372107e+01 -3.017194162527038159e+01 -2.490996530759188232e+01
-1.003876484691129534e+01 -2.983398268075400850e+01 -2.265149644075697211e+01
-5.483333533284392658e+00 -2.970518700765749998e+01 -2.080423243905012143e+01
-8.986933322055486784e+00 -4.882706593270613382e+01 -2.751998467022565364e+01
-8.258830607970583770e+00 -4.259972813883356224e+01 -2.061578658548055998e+01
-7.708249955857353619e+00 -3.845016777065625746e+01 -1.947228640696339141e+01
-6.953865767643156559e+00 -3.455321487405595349e+01 -2.064817053995274776e+01
-6.290904330018408430e+00 -3.192738683398715338e+01 -2.167802604658981380e+01
-1.537958834689143295e+01 -3.169676969829667357e+01 -2.555793697305970369e+01
-1.645002537827501143e+01 -3.275368769197648078e+01 -2.452273674955911176e+01
-1.806562854953431696e+01 -3.471183830484554989e+01 -2.345200589288456783e+01
-1.956757890989733184e+01 -3.706548655686039950e+01 -2.450687481832824588e+01
-2.572503728932921163e+01 -1.947983000330560799e+01 -2.541122883466479720e+01
-7.556497271670500027e+01 9.579770307693186382e+00 -1.052654881230103854e+02
5.454357145314764344e-02 -4.950181320281274999e+00 -1.185833754083767566e+01
-1.787599345517686444e+01 -3.171215304993432227e+01 -2.795312027069390481e+01
-1.901642292152439495e+01 -3.229879448935922426e+01 -2.727261360829007586e+01
-7.504861176472743090e+00 -7.061011767524089322e+00 -1.809193322957460737e+01
-1.714490740193943807e+01 -5.777717761840573729e+00 -2.492790965259887770e+01
-8.453941482835853449e+00 -5.649054156134630134e+00 -1.829340050707400778e+01
-2.711305260802077299e+01 2.018975697895848143e+01 -3.219313889122626904e+01
-3.792839979252355675e+01 1.534901948513244108e+01 -3.430952034877421397e+01
-2.110596916336915996e+01 2.435130183364169199e+00 -2.230375098541628631e+01
-5.672445599231958369e+01 9.124290897240175013e+01 -5.172416112356437878e+01
-5.278103203113325037e+01 8.327445973335930773e+01 -4.194887117697006573e+01
-4.815850353423537200e+01 7.494089059819805243e+01 -3.429767675451861209e+01
-2.357861301896087980e+01 -4.226293325853904292e+01 -2.941872949131570891e+01
-1.788662119349134016e+01 7.309813715187229377e+01 -2.454971995990633360e+01
-1.947516493350578415e+01 8.544194710406435433e+01 -2.845433429030071082e+01
-2.157185158651918755e+01 9.980252281029758876e+01 -3.331208393888226738e+01
-4.806220188528910597e+01 3.749243397578617731e+01 -4.300321509708106760e+01
-6.362972515019895070e+01 3.015004880229331263e+01 -5.240293112729143843e+01
-2.002212082391654135e+01 4.035061193643718980e+01 -3.917905287577671913e+01
-5.691131169428085457e+01 4.989901735055669008e+01 -4.663438853488152347e+01
-1.574285465290925856e+01 2.936798909722958228e+01 -2.796061246816156753e+01
-1.612908096610091846e+01 4.560517607787024197e+00 -1.039534897937307534e+01
-7.061336948882041042e+01 2.556223073987955630e+01 -5.961196878611230687e+01
-5.892349384779905108e+01 2.476120117652790142e+01 -4.605077148565504785e+01
-5.016883491071269674e+01 2.191363332801675412e+01 -3.965715466703223058e+01
-3.727381857890554784e+01 2.325496439075008936e+01 -3.691226346500855726e+01
-2.790465509590827509e+01 2.638287495954275741e+01 -3.541286269546748855e+01
-2.090860337417103310e+01 2.990735237277269931e+01 -3.393476143371280074e+01
-6.695173500215137352e+00 3.908618447269254403e+01 -2.202766982140330754e+01
-6.869180675359162080e+01 1.050276085486695621e+01 -5.709981108456265986e+01
-6.265792948689822595e+01 5.150046519051481653e+01 -5.010632317367863919e+01
-3.332328850229679063e+00 -3.353948693551011662e+00 -3.674716592016531891e+00
-1.908780332802428603e+01 1.730197866955245445e+01 -2.700315198555239604e+01
-7.802827353799717969e+01 4.004721988394726395e+01 -1.014656793835860071e+02
-1.565026943874877219e+01 3.397381390375399945e+01 -3.317375624763390363e+01
-2.165101945631923641e+01 2.020986341438277378e+00 -2.863593096242273361e+01
-5.317115646665205730e+01 4.455920417590499483e+01 -4.831411691061528302e+01
-1.657979397926869325e+01 9.276277300512205670e+00 -1.292123995347236054e+01
-7.321266407802310994e+01 -7.120293081037246452e+00 -1.016275761613797499e+02
-2.003707022763385481e+01 4.320605691930251169e+01 -4.082689595764384904e+01
-1.175538914619637154e+01 1.369503690462573786e+01 -6.733843849214323107e+00
-5.345615730027833479e+01 -4.254095946358656022e+01 -5.774413712699146117e+01
-5.387982553199370273e+01 -4.943188654155601114e+01 -7.000706649574510720e+01
-7.533273691938362049e+01 9.841376631462468438e+00 -8.112870731519002732e+01
-6.139283800158606397e+01 -3.278222644662120189e+01 -6.645797657644007472e+01
-7.297602165468717317e+01 5.351448073508623793e+01 -7.281305761026982282e+01
-2.738529500305911313e+01 -6.536033234280904480e+01 -3.812337280358842406e+01
-2.387998386751631674e+00 -4.684001037356903652e+00 -1.231144559702913099e+01
-2.491566909020387399e+01 1.189704490285002159e+01 -2.925530408676516458e+01
-6.989713910247787965e+01 3.968077114930355265e+01 -6.275919814984089129e+01
-4.221103785356437754e+01 4.033228780830484084e+01 -4.040208084138812694e+01
-3.645148369558989998e+01 3.962223049424640919e+01 -3.866860828102165470e+01
-2.227203386963662624e+01 -3.466357946833972647e+01 -2.828868636415646520e+01
-6.646337791082910940e+01 -3.210255031150380578e+00 -5.854451634196876597e+01
-1.570272959581211758e+01 -7.506066516193978089e+01 -4.020015903992382533e+01
-3.564395300435175074e+01 -6.503549399643301854e+01 -5.271284960408954845e+01
-4.418223734822695548e+01 -5.866801544560876636e+01 -6.003169874572920861e+01
-2.183710614012368545e-01 8.474333488151498273e+01 -2.698596489813375854e+01
-1.478313315058850108e+00 -7.644292867110885936e+01 -3.829510274337981457e+01
-3.070921322145011700e+01 4.006542261728496612e+01 -3.847119160660550818e+01
-2.528874090410321429e+01 4.136219076233604142e+01 -3.931995207668152403e+01
-2.175004531894342108e+01 4.232268190993098500e+01 -4.078251117165312678e+01
-6.762317230303537485e+01 5.292845979769541032e+01 -5.706256178909416832e+01
-2.597363528657366416e+01 4.792531547852635754e+01 -3.832663483516635239e+01
-3.189043074373975628e+01 4.972900849713884242e+01 -3.747090057602910917e+01
-3.783597929088148248e+01 5.007074369521870238e+01 -3.782755278942039467e+01
-4.368425374318997001e+01 4.896073765532761257e+01 -3.957529355162213847e+01
-4.734585902877159214e+01 4.718287156274708849e+01 -4.169146330130325850e+01
-7.705857900324033949e+01 5.608889349237097122e+01 -9.142712153069206238e+01
-4.609038064758111375e+01 4.153570761609390161e+01 -4.269934552665385752e+01
-8.944578650680379273e-02 -1.150263980992429502e+01 -1.743372033821204070e+01
-2.029941026840629092e+01 -1.545327098779112696e+01 -2.313680910658742107e+01
-1.487374469093814078e+01 -9.362643217941351015e-01 -1.675977241846675980e+01
-8.431401152697693746e+00 -1.251212089663785854e+01 -1.789735483607613986e+01
-3.361150422005341198e-01 5.088747960406087145e+01 -2.462562237840957025e+01
-4.507014637353175601e+01 -5.156513553579959108e+01 -5.126028271119618296e+01
-3.664193895656310218e+01 -5.846510276548379892e+01 -4.508275634739732851e+01
-1.582518362956714597e+01 -7.050979951049927763e+01 -3.214814492431172965e+01
-6.141475132838132112e+01 -3.887496983370562020e+01 -8.270313105645713847e+01
-2.181279472622637172e+01 4.512852423540825697e+01 -3.982457625403097978e+01
-1.107496337682475485e+01 2.739754217885573340e+01 -1.911754808014446638e+01
-1.363519589036213064e+00 -7.184352653009803191e+01 -3.045459026771447597e+01
-2.649548836999907664e+01 -7.084099611107518513e+01 -4.519919244027551031e+01
-7.267046151454742642e+01 -5.384339966479412709e+00 -7.951257931281335800e+01
-1.128407327835486385e+01 -3.165489181616808523e+01 -2.345750565473083782e+01
-1.239896900568041360e+01 -3.354291295677226259e+01 -2.218883581215770207e+01
-1.364785319085758708e+01 -3.657562051945672010e+01 -2.110492493772759559e+01
-1.470156750650703259e+01 -4.028104638882342670e+01 -2.200477472839492776e+01
-1.720799960379451576e+01 -4.607215169197701954e+01 -2.747696081125696566e+01
-1.841479839603426427e+01 -3.135619235890871082e+01 -2.718861403372563146e+01
-2.042288511222839276e+01 -3.099752888014966601e+01 -2.710507920632541712e+01
-2.247420724062448016e+01 -3.006208067114030058e+01 -2.712597372600626500e+01
-3.002724932709934436e+01 -2.531756103125698942e+01 -2.909644542641672160e+01
-5.701358789122704707e+01 -7.414866103238548334e+00 -4.515484332638674658e+01
-1.114663420141173589e+01 3.473458818870521725e+01 -2.546470943952894217e+01
-1.480791554279168309e+01 4.892618228240760914e+01 -3.643522961252633507e+01
-1.883680033946980714e+01 4.735921053631871303e+01 -3.882333744181109836e+01
-1.716264400023242587e+01 -3.034773724997855027e+01 -2.779262594355575899e+01
-5.758864869630919969e+01 -2.366657415146381638e+01 -5.407620706443059078e+01
-9.080766494146317314e+00 4.975349565869414192e+01 -2.863147008338023269e+01
-2.152208240726246302e+01 -5.220130120493710990e+01 -3.145803832453835014e+01
-1.925910073945387158e-01 2.526609409324225908e+01 -7.337294803986252667e+00
-6.487811729388731408e+00 3.120747429398624817e+01 -1.513823719855549399e+01
-2.294524463251179647e-01 3.274963458484062784e+01 -1.366996945473149516e+01
-1.513434727388408696e+01 1.582644327504945103e+01 -1.878531901400393167e+01
-1.178258365276345865e+00 -6.486264365254082520e+01 -2.711674762700159036e+01
-9.233376891916562634e-01 -5.641894651998896393e+01 -2.748058895187358175e+01
-1.150882136289276758e+01 -5.583849426840030361e+01 -2.865910456112979077e+01
-3.592145598798839501e+01 -4.020808059299410786e+01 -3.656041629535257442e+01
-2.736365047149338992e+01 -3.477443942669160570e+00 -3.000312932535860355e+01
-2.960051634203852799e+01 -4.710886901145538275e+01 -3.404476926106658397e+01
-4.284670638774399265e+01 -1.748609286847156330e+00 -3.284977724374137154e+01
-3.336197206614578192e+01 -1.018548115939337606e+01 -3.027606103568703588e+01
-4.782585761979785843e+01 -1.292594113338545725e+01 -3.701294867690546653e+01
-1.426525968904116581e+01 -6.375691747301181778e+01 -2.887858398367367840e+01
-1.865923103026305441e+01 1.156406399425321574e+01 -2.318808542530977590e+01
-4.236015035532972206e+01 -4.467086809957379501e+01 -4.333610282269728486e+01
-3.404551496815295053e+01 -5.206561024068079746e+01 -3.954951257919660179e+01
-4.056380359675679870e+01 -3.190263688692423827e+01 -3.745405995134558452e+01
-6.425580586176121756e+01 -1.482458048758693359e+01 -6.044148269177576083e+01
-4.947315610543861908e+01 -3.197396007892877634e+01 -4.451743664821375290e+01
-6.865982817101593128e+01 -1.953426771364384251e+01 -7.594062689723290305e+01
-3.788842788297093023e+01 -1.955945132347545368e+01 -3.255372725403891110e+01
-1.500097044921509770e+01 2.246525334265317042e+01 -2.330140669255798258e+01
-1.392574610862487461e+01 1.444736603224784144e+00 -8.905237590446565932e+00
-1.750136450998375892e+01 -5.307320196688189995e-01 -1.594691816200178458e+01
-1.166388808242869146e+01 6.278926330998681138e+00 -4.525357989627138089e+00
-2.063293088505718487e+01 5.607387243252036768e+01 -3.454438179614473370e+01
-3.168726684517145742e+01 6.026491161662566043e+01 -3.393357927780074590e+01
-4.104393851355249012e+01 6.078566217238513758e+01 -3.464958308691345223e+01
-4.871771385956271416e+01 5.926143543370182698e+01 -3.742634269299897909e+01
-5.401275992969141981e+01 5.580914123038520813e+01 -4.154787224544062951e+01
-5.794413634198323138e+01 4.277022689714339521e+01 -5.115695063473263815e+01
-7.691168764562881677e+01 2.474281081245762692e+01 -8.020474449824220642e+01
-5.279228032891037969e+01 3.218485725334775793e+01 -4.523154773356682767e+01
-4.600496812595935126e+01 2.996329700832106724e+01 -4.117614301195210658e+01
-3.710883160098234868e+01 3.005053268054588500e+01 -3.835816323015459517e+01
-2.859583418105118113e+01 3.179905058922543404e+01 -3.680140631572014343e+01
-2.195431522284467007e+01 3.438595584385294757e+01 -3.709638274226502830e+01
-1.738060304472670836e+01 3.689412997977369457e+01 -3.657526846347508354e+01
-7.684649777554463412e+01 2.497965692312845576e+01 -1.056099566744928921e+02
-1.714845459739781575e+01 -2.449947873506837404e+00 -1.917472344433062403e+01
-1.090722524656807835e+01 2.076933551889061746e+01 -1.380670943381759663e+01
-9.788580692023360896e+00 1.154579394105014867e+00 -3.836380289364797580e+00
-6.331593335552350155e+00 -2.155536272188404823e+00 -6.376567249107067070e+00
-9.587498791720484803e+00 6.042607191387272536e-02 -6.971169191478323590e+00
-1.522883345833815660e+01 -4.541882526552705635e+00 -2.136592285003553471e+01
-5.247605715447495101e+00 -2.864842212991264514e+00 -4.633394471767269707e+00
-4.369044835699299689e+00 -4.209243185639076401e+00 -1.230922788946887003e+01
-1.750829517265594149e+01 4.281137159011902327e+01 -3.997418820322279487e+01
-1.373830241808953900e+01 4.106837568849779530e+01 -3.601850028999147924e+01
-1.165496013698764166e+01 3.989640997767605768e+01 -3.182624728359109767e+01
-4.946712682068724831e+01 4.586771431900855589e+01 -4.401499676311378551e+01
-5.288590681290177997e+01 4.891854311666353539e+01 -4.450780232436294881e+01
5.415635554597619361e+00 2.414999755008691196e+01 -9.526587348435745284e+00
4.681399112101519933e+01 4.283244648289887380e+01 -4.466345385899244036e+01
5.594023263833078019e+00 -3.152484267052653610e+00 -1.220288938776845278e+01
7.091430170771248243e+01 6.898690147938243911e+01 -7.784647104286510455e+01
2.778609057247320635e+01 3.616869359982334942e+01 -3.741485947289820757e+01
3.436407001244334936e+01 3.562822933907428080e+01 -3.803502755327081530e+01
4.066159889859106613e+01 3.605639926983260324e+01 -4.000884284680333280e+01
4.882561943178587427e+01 4.029392691144017391e+01 -4.571376071645001105e+01
2.228928064915954366e+01 3.811826025840058918e+01 -3.839660013208827394e+01
3.670754852149803327e+01 5.557191354323089172e+01 -3.560536875043209903e+01
2.958890035174373878e+01 5.503801160289292937e+01 -3.553119764857227381e+01
4.329114744591899466e+01 5.437695574623779748e+01 -3.790753748389246880e+01
4.768686792919771733e+01 5.164864850250295092e+01 -4.055083450789011579e+01
5.405328169758475809e+01 3.539977299684658618e+01 -4.894748810835923081e+01
2.276077789381850636e+01 -5.820078101582075902e+01 -3.397752534048392903e+01
4.911403006470899868e+01 4.480160659677377311e+01 -4.696147192797982939e+01
7.336280598159851252e+01 3.961400361215412147e+01 -7.877201462791342124e+01
6.151576153788080603e+01 4.103852802088621132e+01 -5.593598030010927147e+01
3.134816619825080863e+01 6.601640504847938296e+00 -3.045536921528068319e+01
6.801140501638836433e+00 -2.129073114520548415e+01 -1.545003777728535077e+01
5.106106872705204580e+00 -2.843301598326579338e+01 -1.829282722178073683e+01
1.372272604795159268e+01 -2.397576049354251992e+01 -1.903775630384461692e+01
1.769616330905052592e+01 -2.725091178684953874e+01 -2.302003193639746570e+01
9.885578130189259127e+00 -2.925992313533694045e+01 -2.049542008257716930e+01
1.342774931433471508e+01 -3.035857324182086003e+01 -2.428429407821776209e+01
2.584429607082003955e+01 -3.775910501843214462e+01 -3.219918177192825226e+01
5.267471296832836991e+00 1.364906409993380809e-01 -6.139180284377780961e-01
6.158346375797135508e+00 7.235963438322860597e+00 1.328432631468518643e+00
5.807046366446123642e+01 6.039328181006108309e+01 -4.381341668142412971e+01
1.897284689514325606e+01 2.450579069114422737e+01 -3.028309791897179082e+01
1.893225810245711571e+01 1.891472566918629417e+00 -1.677175293091307040e+01
1.944277288363236167e+01 5.813551956638982610e+00 -1.873718107995269122e+01
5.037906201182550348e+01 7.406497332639473186e+00 -3.885958629668164832e+01
5.794925606289496045e+00 1.635221666185666578e+01 -3.025881855201232540e+00
4.380486510233082953e+01 6.910452573843242874e+01 -3.252528924949976386e+01
5.224756568445925353e+01 6.610411823835985956e+01 -3.791174493465721440e+01
6.500082083795291510e+01 8.133452643663905235e+01 -6.500806215107643027e+01
1.473354626235295228e+01 6.351594516973337790e+01 -2.657180583462367807e+01
2.343023183035214174e+01 5.239808322689840736e+01 -3.734846868609172788e+01
3.032985313651111881e+01 -3.155755947335370237e+01 -3.391974899017339595e+01
6.401067077794093052e+01 -2.385255031985717622e+01 -9.424934454280447937e+01
1.423847131229433671e+01 -1.977003280808564245e+00 -1.902603524049758477e+01
9.324764495799040986e+00 -3.970015492769954246e+00 -1.847664501537785497e+01
2.202314286732048387e+01 -3.228136720649132485e+01 -3.268720222505179152e+01
1.884899039840403745e+01 -3.156035437028070589e+01 -3.062811183395115222e+01
5.617032568455152131e+01 7.063672134419950055e+01 -4.114405261849019979e+01
1.879670956138176763e+01 -1.258563145442485265e+00 -2.028477195588790138e+01
3.175904917929668514e+01 6.906889365954182836e+01 -2.855429820180234302e+01
3.313164970183775893e+01 7.465689487233591137e+01 -2.739161078101135516e+01
3.860107874019784902e+01 9.708292603980014235e+01 -3.982331461374232617e+01
6.075402622298462774e+01 7.593761911415356280e+01 -5.107473089299292468e+01
3.540739076508464933e+01 8.561330533072474225e+01 -3.303931590153102604e+01
6.216038714487895334e+01 6.342936345008833854e+01 -4.968848327014330835e+01
6.670338213865707644e+01 6.568239172968849005e+01 -6.257470059672425577e+01
6.087718960259763890e+00 -2.537809935141207518e+01 -1.602580836937920594e+01
1.163481637924884105e+01 -2.721008986924692152e+01 -1.930828502085185860e+01
1.562664957850695835e+01 -2.893617072592551764e+01 -2.300184967909600431e+01
1.259834399368734204e+01 -3.214823559500928685e+00 -2.055836810744838061e+01
2.028817703497102443e+01 -3.210860847813470542e+01 -3.157281791786411773e+01
1.848057468991560626e+01 -3.301318252578980150e+01 -2.754536686850904204e+01
1.831992668428244642e+01 -3.091134581849900798e+01 -3.050638868604572096e+01
1.144024735709704998e+01 3.190770880843710744e-01 -1.027379144146988388e+01
1.195454524561303700e+01 -2.999239973843769036e+01 -2.533554763829212320e+01
8.430919407405466970e+00 -2.973942928254651363e+01 -2.299795607322224456e+01
4.165194660687513206e+00 -2.966601290387202638e+01 -2.102360686615605090e+01
7.112084202142051836e+00 -4.870951953444662053e+01 -2.739558097095886069e+01
6.650323630054330692e+00 -4.252812920581566658e+01 -2.061347553055545845e+01
6.300102007410408156e+00 -3.840435042337976768e+01 -1.957958954787254058e+01
5.751463642878007931e+00 -3.453458763520890784e+01 -2.080281851784119951e+01
5.111318826110217373e+00 -3.187996102078615479e+01 -2.189216923570652540e+01
1.353680325483527191e+01 -3.148734119937487108e+01 -2.587649711838726319e+01
1.451568617334883449e+01 -3.253021403850102189e+01 -2.470073639322941972e+01
1.597991395519801650e+01 -3.448603082406923903e+01 -2.356720584594353340e+01
1.744707740569028687e+01 -3.681928864228766685e+01 -2.470078162866687066e+01
2.425810659888080068e+01 -1.918529488344126932e+01 -2.556334252168502985e+01
7.207541709040833666e+01 1.002753915748494151e+01 -1.053559788872732241e+02
1.574972386081898534e+01 -3.148439265393597353e+01 -2.851096261595218095e+01
1.695557788998088355e+01 -3.204416614797782614e+01 -2.766003597424055371e+01
7.356381082202322119e+00 -6.954797868347607270e+00 -1.805661561630278200e+01
1.659845330734679436e+01 -5.512233611921539378e+00 -2.479138974614573243e+01
8.284565021274627128e+00 -5.554872964979145067e+00 -1.816515351577779569e+01
2.565600655243733641e+01 2.022409143144072630e+01 -3.239554855220092833e+01
3.614510366082774340e+01 1.544950158541379182e+01 -3.438916399067650786e+01
2.025614163930445955e+01 2.632426833157258006e+00 -2.231156663352328096e+01
5.488973166556944250e+01 9.098541289829414325e+01 -5.129364099109929498e+01
5.105757965622905914e+01 8.297345357021926304e+01 -4.137781638506780268e+01
4.650220556448626752e+01 7.457297537564777201e+01 -3.368919785216908025e+01
2.129111121939719453e+01 -4.190379101493408598e+01 -2.946438206308554086e+01
1.695357406689387147e+01 7.285629867468401244e+01 -2.418401494913511129e+01
1.866888438584719268e+01 8.526465722253351487e+01 -2.821851168568249335e+01
2.077516550189455558e+01 9.966866738463309616e+01 -3.308576084362096026e+01
4.586673740545085565e+01 3.752854826552905365e+01 -4.301002897334500119e+01
6.098694333177937921e+01 3.027014796664302310e+01 -5.231967450308634682e+01
1.878239228908966751e+01 4.020657506360888078e+01 -3.940282667776413206e+01
5.464713519702847577e+01 4.977610876880286384e+01 -4.652940393298686672e+01
1.463997407477826762e+01 2.931987920100673151e+01 -2.812757093026648647e+01
1.556086244328889379e+01 4.581617965418594451e+00 -1.044864025178813272e+01
6.761007362276859567e+01 2.581333448663771080e+01 -5.952806255240344058e+01
5.638474744344493672e+01 2.489410806725358327e+01 -4.604718159345770090e+01
4.789091130779505079e+01 2.202521546228075167e+01 -3.969790099583620702e+01
3.547681830464041042e+01 2.329437081405922783e+01 -3.708000020200970681e+01
2.638399663110151394e+01 2.635415136350717802e+01 -3.564734220188698544e+01
1.953384152307191002e+01 2.985314336096935506e+01 -3.407028363747303956e+01
6.084721094383430007e+00 3.900609710395215046e+01 -2.205935121590542636e+01
6.554405439461569927e+01 1.081015395086641995e+01 -5.714589128932132667e+01
6.019149589320853977e+01 5.144891908586394180e+01 -4.998507410057042222e+01
3.078671662593212677e+00 -3.395164493785519877e+00 -3.737756988338998720e+00
1.801804355595982088e+01 1.735202877205816208e+01 -2.716964828146075916e+01
7.496161134355324407e+01 4.033537707121574556e+01 -1.015422630932483514e+02
1.457244288645317631e+01 3.385622547656356573e+01 -3.331494942919635349e+01
2.083670106537634581e+01 2.246536197777857957e+00 -2.862184270432163657e+01
5.109382058895115364e+01 4.450488944633391242e+01 -4.833749887747764973e+01
1.576489993472053008e+01 9.331151858507647390e+00 -1.299541160077954238e+01
6.936432469432128300e+01 -6.494652782304917160e+00 -1.017694601043743177e+02
1.880749279711718813e+01 4.303631120430567591e+01 -4.113332287612974625e+01
1.110711575234651782e+01 1.371384997336937772e+01 -6.796212100689206892e+00
4.989303020167488256e+01 -4.176658943708243754e+01 -5.757056399525414037e+01
4.991196562704156747e+01 -4.850161790302446718e+01 -6.986856375812024567e+01
7.200286558192351549e+01 1.034744105309492568e+01 -8.112643150577216034e+01
5.757954036225160621e+01 -3.208835645761926259e+01 -6.642187893876590010e+01
7.024064723599535398e+01 5.357270784966124211e+01 -7.267388253798800690e+01
2.452837850469434855e+01 -6.479783100401944296e+01 -3.795100292709473422e+01
2.507787150137088972e+00 -4.684947840717406109e+00 -1.228163440379147531e+01
2.359768141495633387e+01 1.200775671981658199e+01 -2.936221113078092415e+01
6.713093391921883324e+01 3.981588141511375056e+01 -6.261978149187726927e+01
4.032973873988016322e+01 4.027289516553170046e+01 -4.050482215003099640e+01
3.463198488479407899e+01 3.951214621159405027e+01 -3.888440071413093335e+01
2.018587013058399648e+01 -3.437134993754514767e+01 -2.867205646645190953e+01
6.313690733318893678e+01 -2.835310708771561217e+00 -5.857582947817498820e+01
1.271916648434076791e+01 -7.473924433877965612e+01 -4.007012209530751790e+01
3.235948946069653687e+01 -6.426475782071345577e+01 -5.264139801188640888e+01
4.060382576808305544e+01 -5.778572743946427437e+01 -5.995698614373426949e+01
2.902618322628806879e+01 3.988134027616266053e+01 -3.863416865038736603e+01
2.384229075992211477e+01 4.120283685414217700e+01 -3.963046106775477995e+01
2.053026019509071531e+01 4.213359784085552207e+01 -4.111605492491916181e+01
6.498926067921443916e+01 5.293324794486125029e+01 -5.689329318770868582e+01
2.432960442997098482e+01 4.773969048394454262e+01 -3.852571540430496100e+01
2.997664192038799769e+01 4.956701873465527086e+01 -3.752102051598328103e+01
3.585073251745276934e+01 4.998333303685425477e+01 -3.798304120258930539e+01
4.171640786027785452e+01 4.895348289097425010e+01 -3.956808663463658604e+01
4.534815949017392001e+01 4.721690285748043436e+01 -4.166737497831913828e+01
7.418912224747997186e+01 5.613848994571028328e+01 -9.128168673003412437e+01
4.415249737277874686e+01 4.154751451957741892e+01 -4.273653176639949436e+01
1.926369155042903714e+01 -1.515181805976918028e+01 -2.322837199815131726e+01
1.449778642333490453e+01 -8.816216575395023902e-01 -1.674802877601501550e+01
8.022244936750340116e+00 -1.239094585390816583e+01 -1.794254525097547059e+01
4.175665324145608537e+01 -5.081731573628776744e+01 -5.099791515688738031e+01
3.351240161821729657e+01 -5.775375417055088434e+01 -4.474486234183106603e+01
1.301769544322492500e+01 -7.021072563181682824e+01 -3.194556388877354891e+01
5.720075168432028789e+01 -3.802039392794832651e+01 -8.270161156156936499e+01
2.052840465513367718e+01 4.496472762680778601e+01 -4.012830032510942146e+01
1.031811651163276444e+01 2.735360118283188413e+01 -1.919725916314458658e+01
2.342771208991138465e+01 -7.020410644823891744e+01 -4.501287214394080394e+01
6.898767363196765245e+01 -4.785223263787452552e+00 -7.945863716945517297e+01
9.811333125498970631e+00 -3.156513629430099144e+01 -2.366661852432976687e+01
1.082947834315477031e+01 -3.342675540917268506e+01 -2.246261344011661620e+01
1.188615318277375721e+01 -3.638630016046525384e+01 -2.124736759031083011e+01
1.287730635754848763e+01 -4.008905270345736227e+01 -2.213748797283509973e+01
1.503332127834181087e+01 -4.582804758170808412e+01 -2.748795460703401972e+01
1.643160495666368348e+01 -3.111598882114303422e+01 -2.770638355004337328e+01
1.855810645293053085e+01 -3.075840506719976020e+01 -2.764102144713833908e+01
2.055439561882817756e+01 -2.979628230234262176e+01 -2.765251975155397446e+01
2.813881780105305097e+01 -2.498245289917689504e+01 -2.939868829529603289e+01
5.399675579008010828e+01 -7.050306116163048031e+00 -4.506022259609016345e+01
1.033273852072081311e+01 3.467527371391825142e+01 -2.555596534487457916e+01
1.386801292761554194e+01 4.874085325030173266e+01 -3.646007796557635317e+01
1.768405384901156907e+01 4.719046066665007544e+01 -3.909023686560990996e+01
1.511033695423521372e+01 -3.015220494770390403e+01 -2.833928922427291397e+01
5.430567339347881983e+01 -2.316884900750397946e+01 -5.406823152832249946e+01
8.288745940007817836e+00 4.963631306642401597e+01 -2.860917173906592836e+01
1.912096720680061424e+01 -5.183370655344143074e+01 -3.131890167307730266e+01
5.921848306312154087e+00 3.117625773476567375e+01 -1.512690820144999293e+01
1.424400777287438302e+01 1.581847486440985051e+01 -1.882294148976438919e+01
9.432540652867192676e+00 -5.565704502067374193e+01 -2.842783262515760612e+01
3.332470161288377142e+01 -3.974368413905681052e+01 -3.638789655113990307e+01
2.622367573722735301e+01 -3.154690431718809585e+00 -2.994201676664211931e+01
2.700249647188181612e+01 -4.666467833796161813e+01 -3.383805681629456785e+01
4.074104151501310866e+01 -1.506345144994309937e+00 -3.264516813549828811e+01
3.175890286688875719e+01 -9.882472874761360160e+00 -3.023853074324784984e+01
4.529600488964260308e+01 -1.260977789034187957e+01 -3.689488541065982474e+01
1.185817648221717313e+01 -6.351111413686004425e+01 -2.869609550565273892e+01
1.766760207269830119e+01 1.164186620637291902e+01 -2.330324665369618842e+01
3.944569146445424224e+01 -4.406576162166864918e+01 -4.308354384882112242e+01
3.133991144871026790e+01 -5.150516005257230745e+01 -3.921652880294611521e+01
3.804649197409824524e+01 -3.145020871750766744e+01 -3.745486798183505783e+01
6.075025691012288576e+01 -1.435263778007741209e+01 -6.035356613424828254e+01
4.636749985154650489e+01 -3.144206011110521359e+01 -4.439400181429093095e+01
6.483907895770069274e+01 -1.886395310710898698e+01 -7.593119878309346404e+01
3.577796076760175481e+01 -1.923400689900681471e+01 -3.263962785869620120e+01
1.407460456629836187e+01 2.244508774882185520e+01 -2.349646434376027315e+01
1.345304495662861477e+01 1.390888123235834328e+00 -8.989938716220281734e+00
1.699364897787404516e+01 -3.945281717580641501e-01 -1.591227258330949823e+01
1.135071424249341909e+01 6.267369170973581483e+00 -4.560262938658413923e+00
1.951036694943569927e+01 5.587361952597120762e+01 -3.448926790063963921e+01
3.028097597759478532e+01 6.003454354226303025e+01 -3.369538129329942677e+01
3.947392131626455836e+01 6.051277975592932989e+01 -3.442191302877040471e+01
4.696331617407809489e+01 5.901897948304093688e+01 -3.724623024602712462e+01
5.201562446478580171e+01 5.562981171146127934e+01 -4.135412991077846101e+01
5.561157957293030307e+01 4.276757098609533614e+01 -5.105314715275845572e+01
7.369484874013824083e+01 2.509583240950951932e+01 -8.026792959981881381e+01
5.049207736962939208e+01 3.224890317843095033e+01 -4.522697256068598648e+01
4.392311220077070288e+01 3.001545088152707308e+01 -4.124280524976144591e+01
3.523527537642799956e+01 3.000194826929906000e+01 -3.844538195684050663e+01
2.690967189069496968e+01 3.171499203281195278e+01 -3.699570926386051894e+01
2.057797469775512411e+01 3.425642261118298393e+01 -3.718797970303857880e+01
1.617753644723358875e+01 3.674107701245784341e+01 -3.670445522229822899e+01
7.354317494360265073e+01 2.529765439985857611e+01 -1.057616591927809111e+02
1.657438539853070125e+01 -2.309376745734817327e+00 -1.915034311715345083e+01
1.026072654417086305e+01 2.078290699462228730e+01 -1.391785166116871153e+01
9.556446142600735882e+00 1.106970722913068972e+00 -3.801689707696717768e+00
5.968767656456053672e+00 -2.188122993269459471e+00 -6.297478822854744251e+00
9.289549363846054675e+00 3.368183545899983145e-02 -6.959884593763649541e+00
1.470483097945909812e+01 -4.356009767020470491e+00 -2.125940003686664070e+01
4.988522893801476066e+00 -2.905797698415145902e+00 -4.594725516287483380e+00
4.386289627291350079e+00 -4.224131248142058759e+00 -1.222404519067388762e+01
1.645615199136061335e+01 4.260076821876520370e+01 -4.013919349700987738e+01
1.271003158133473399e+01 4.088365367218409574e+01 -3.611204594067022100e+01
1.075166262187883603e+01 3.973339281382799726e+01 -3.186377769002921312e+01
4.748592320099310626e+01 4.590356273828759015e+01 -4.400813604813976099e+01
5.079606787816148739e+01 4.882275618221957814e+01 -4.434542397642993450e+01
