9.347121038223314970e-01 -2.282784163203942285e+01 -1.444823130444168768e+01
0.000000000000000000e+00 0.000000000000000000e+00 0.000000000000000000e+00
3.945729478349597752e-01 -7.584770547089909165e+00 -1.629002121002078241e+01
-5.872425118462111016e+00 2.386982661136721617e+01 -9.815317239828493356e+00
-1.488656371721688576e-01 7.555228839356607828e+00 2.011670448896038188e+00
-3.377516787812228638e-01 1.727790818798808559e+01 -1.054928158370352476e+00
-4.528250406109832760e-01 4.030873150938498384e+01 -2.024891223978350752e+01
-4.861850897375048675e+01 4.138970556796059697e+01 -4.592568314158692289e+01
-6.402142772631809198e-01 5.971481460858484525e+01 -2.564722385745337974e+01
-7.465782893338027693e-01 6.991153877621553647e+01 -2.471222845667784895e+01
-1.165834294115938086e+00 1.026627693809035691e+02 -3.361888504040579306e+01
1.013588186025376370e+00 -2.628805261774615687e+01 -1.510075208832501481e+01
1.083173489634748687e+00 -2.896237472547566938e+01 -1.736171088157436770e+01
1.114939426441427628e+00 -3.016843418574806535e+01 -2.032188556737801122e+01
1.543614523957032247e+00 -3.173492319419708352e+01 -2.032687999460290129e+01
1.654106895877859751e+00 -3.461772357541298817e+01 -1.923581305995251967e+01
1.715154923702048473e+00 -3.834171209822388704e+01 -1.794364955444898513e+01
1.768461708884424999e+00 -4.222296255287930933e+01 -1.897880952062561022e+01
1.747218882717856525e+00 -4.866596692462488249e+01 -2.558310448586756891e+01
6.513384771117493310e-02 -3.889004640693273007e+00 -3.243661385355051330e+00
-5.114620312133374647e+00 -3.624968279332223098e+00 -1.217127886449783780e+01
-7.337164205331637845e+01 6.834278511399838862e+01 -7.970472738537851853e+01
-2.956783818692112220e+01 3.486309420070042364e+01 -3.854011100962043912e+01
-3.623557267337022125e+01 3.429461597530203676e+01 -3.912358842061944131e+01
-4.250961181412310452e+01 3.466104840536433329e+01 -4.112567404061020682e+01
-5.095528857945893719e+01 3.861396329588614407e+01 -4.691039919802712888e+01
-2.383480857671954922e+01 3.681632912686799841e+01 -3.954656523992679951e+01
-3.803848234668998174e+01 5.367280417710137641e+01 -3.681052489893365731e+01
-3.109879277780365925e+01 5.307298267019498184e+01 -3.686368134951514008e+01
-4.459020934934863334e+01 5.263663826164262360e+01 -3.911667785623794913e+01
-4.907226288660038449e+01 5.005203602279717501e+01 -4.181868663679967568e+01
-5.634268166171247572e+01 3.380021450988462561e+01 -5.031003164741957789e+01
-2.238311412454278226e+01 -6.021246498090592070e+01 -3.241314813922350879e+01
-5.083324251067218569e+01 4.317933057430048649e+01 -4.830338993484637200e+01
-7.592453990867306857e+01 3.719668575176877567e+01 -8.037214643269672365e+01
-6.381278941293166440e+01 3.911063871257432822e+01 -5.742467285612769246e+01
-3.246489155407181926e+01 5.040258950343262434e+00 -3.105369717511469574e+01
-6.391711798016151747e+00 -2.208636584996724395e+01 -1.546309068354220706e+01
-4.953551662763816310e+00 -2.910387282791139896e+01 -1.832266583258034487e+01
-1.375496150957072139e+01 -2.493620228611434442e+01 -1.909088256409207673e+01
-1.840564343069731024e+01 -2.824872193285013822e+01 -2.323756287231651640e+01
-1.018896178769662342e+01 -3.000341681001277294e+01 -2.056761889769598994e+01
-1.427384909421188830e+01 -3.112217007293239135e+01 -2.460372949093273931e+01
-2.627605059305722790e+01 -3.919333589097153236e+01 -3.236117158095736812e+01
-5.219100211504811959e+00 6.142232005395086014e-02 -6.271918513921731497e-01
-6.277431890363884825e+00 7.318172604104709045e+00 1.168040905742034674e+00
-6.006147320694176273e+01 5.905353457829339447e+01 -4.528073333420284285e+01
-1.992676637973258025e+01 2.330617951673648491e+01 -3.093472235689942451e+01
-1.904098092780056106e+01 9.563214508181795415e-01 -1.680633717059258458e+01
-1.976240234479296731e+01 4.809208532593459928e+00 -1.886663517912923282e+01
-5.290981047553634653e+01 5.370120418563876896e+00 -3.976555584488531991e+01
-6.138646015633624664e+00 1.631904393573724477e+01 -3.115456121712858462e+00
-4.461669267862788502e+01 6.787627341960708804e+01 -3.416632779653635055e+01
-5.366640611292047680e+01 6.493102093962751553e+01 -3.947858897748055540e+01
-6.702656618500699892e+01 8.165599186554696587e+01 -6.701795749614736053e+01
-1.530164725486313060e+01 6.181595007451733892e+01 -2.783152070783274823e+01
-2.490828296655480045e+01 5.061852424138725581e+01 -3.860200086229337302e+01
-3.127266781285466024e+01 -3.296583903258509451e+01 -3.420269901286656022e+01
-6.635466834996385899e+01 -2.934458765940618719e+01 -9.459077619776908818e+01
-1.405284519768167151e+01 -2.975017329968348445e+00 -1.912742394877978569e+01
-8.794482840117035849e+00 -4.819382464435491009e+00 -1.855178114314970728e+01
-2.303301270710162285e+01 -3.302992028068247521e+01 -3.296659717776962850e+01
-2.022916962451185441e+01 -3.228538338577667588e+01 -3.107581980693762347e+01
-5.769043386351288660e+01 6.987133306855804449e+01 -4.287015566433117186e+01
-1.892380072104277389e+01 -2.340318141655633344e+00 -2.035226722249127107e+01
-3.224403978683036343e+01 6.750363480228820379e+01 -3.005931800778947505e+01
-3.358407330937566115e+01 7.361221564344860724e+01 -2.899337811585436953e+01
-4.014005280864293468e+01 9.904091590065432626e+01 -4.178972809539445876e+01
-6.245347543193250317e+01 7.589081842711058812e+01 -5.299365080781292647e+01
-3.620544046065675303e+01 8.652948262007703306e+01 -3.484541801500186864e+01
-6.432539171436745562e+01 6.220097134495722457e+01 -5.122701597084947878e+01
-6.897218822199062060e+01 6.483699322233582052e+01 -6.435683351734323310e+01
-5.787595628996603736e+00 -2.615038993558105673e+01 -1.605897347048675883e+01
-1.175749587417757169e+01 -2.804962881042393619e+01 -1.937632193765833932e+01
-1.631078614606468591e+01 -2.983017557284372501e+01 -2.331052089793593396e+01
-1.227408872693331254e+01 -4.200671497144549349e+00 -2.064125098279059500e+01
-2.150119275654996542e+01 -3.277881103499633753e+01 -3.201192924559695285e+01
-1.920568975863053396e+01 -3.346853460792192436e+01 -2.788926545507397492e+01
-1.975754359389719994e+01 -3.174701683309021760e+01 -3.091988823988278767e+01
-1.135912078354890475e+01 -2.814201261686904432e-01 -1.017697795059602051e+01
-1.306932418046755018e+01 -3.070444325675454067e+01 -2.564288848841538382e+01
-8.930894323750475650e+00 -3.034163888011299903e+01 -2.308819599322442784e+01
-4.157478884198922309e+00 -3.018170368339302101e+01 -2.098456949024169305e+01
-6.398474557672120255e+00 -4.880908300302493785e+01 -2.582485062435987189e+01
-5.715911556890391765e+00 -4.190291042409198496e+01 -1.937676231925103920e+01
-5.379878582086234928e+00 -3.773387644006007235e+01 -1.855124003764058216e+01
-4.931684414869399014e+00 -3.416437351754829876e+01 -1.998687522330645550e+01
-4.431590316986934397e+00 -3.175075054893893522e+01 -2.110066851520345566e+01
-1.406601608679018156e+01 -3.182411523850946722e+01 -2.572622507423382743e+01
-1.495989421524567398e+01 -3.268967428326511282e+01 -2.456456334510137296e+01
-1.627514342486684740e+01 -3.456986159565871475e+01 -2.343549147409831690e+01
-1.750699497702377627e+01 -3.703651221325116438e+01 -2.450113318555525055e+01
-2.487968395650752740e+01 -2.043944444779201675e+01 -2.600384939856920141e+01
-7.476542996649378381e+01 5.542282634981579470e+00 -1.064507789058882707e+02
2.658624806181672517e-01 -5.356813547332784253e+00 -1.181381297389943263e+01
-1.675608692497775820e+01 -3.203700092114630138e+01 -2.863555357754652420e+01
-1.782287591879537914e+01 -3.247285452721814636e+01 -2.792453152300641150e+01
-6.762312969030925380e+00 -7.825514858153372444e+00 -1.801550916946467140e+01
-1.639627171298560171e+01 -6.630212644945617129e+00 -2.503325430974164334e+01
-7.735913233579265302e+00 -6.389213140276320146e+00 -1.820292026490242776e+01
-2.683854441347757103e+01 1.887252666501979448e+01 -3.306456317736461159e+01
-3.774357389542706898e+01 1.394742902005436136e+01 -3.513631084163606744e+01
-2.053065535734986824e+01 1.512817900716905362e+00 -2.254255704872861799e+01
-5.662771538410765970e+01 9.214339307166106607e+01 -5.345981268782223594e+01
-5.223028475111606639e+01 8.351802899548260939e+01 -4.337673869539010951e+01
-4.729726851720920422e+01 7.381698138572180312e+01 -3.546975887819966999e+01
-2.133801284534022003e+01 -4.299658123643246910e+01 -2.922058998393884011e+01
-1.755898037432616832e+01 7.176615343069983055e+01 -2.558064363408020014e+01
-1.963225548724058456e+01 8.646704484769911403e+01 -2.986070985346398032e+01
-2.220852275425638922e+01 1.020163096935719409e+02 -3.498189343320870393e+01
-4.789080468827454240e+01 3.599825707956629373e+01 -4.421236383708966855e+01
-6.345761315493493271e+01 2.842855713261577577e+01 -5.372200938554406235e+01
-2.014140831281745392e+01 3.886066401818512617e+01 -4.047220924870015324e+01
-5.663449082392843792e+01 4.829152686273457817e+01 -4.793915844119234748e+01
-1.543815383483361714e+01 2.830953812616504806e+01 -2.877213576029140540e+01
-1.570743789402551549e+01 3.984491322477502262e+00 -1.049381964117411137e+01
-7.037272178189145677e+01 2.347310838807979039e+01 -6.087056298048568692e+01
-5.880650082941422596e+01 2.312375122867575783e+01 -4.726416424721591625e+01
-5.000213626887142482e+01 2.042630177413477810e+01 -4.086720414849231986e+01
-3.710444226657680389e+01 2.179984716364821296e+01 -3.802263921787681511e+01
-2.768265164937532319e+01 2.495902036227436582e+01 -3.653285408190296124e+01
-2.067517669654733226e+01 2.857945069351681155e+01 -3.492632882575762210e+01
-6.753244220796901232e+00 3.836950956446837324e+01 -2.267484601058686522e+01
-6.860858155256845237e+01 8.073403065548122370e+00 -5.819578793926852711e+01
-6.237560010518212295e+01 4.972585642671006667e+01 -5.137146981159318671e+01
-2.970759800712137189e+00 -3.580728807597280738e+00 -3.630148068866035693e+00
-1.869287395658736628e+01 1.619336744304420961e+01 -2.767524710669798083e+01
-7.756309101300513476e+01 3.737059616115875826e+01 -1.031562497521681507e+02
-1.549272764947537873e+01 3.280911623010914013e+01 -3.418558731313360965e+01
-2.108830835219524502e+01 9.628864550990511306e-01 -2.907133257338668386e+01
-5.292013153859514318e+01 4.278744739217921023e+01 -4.963522402277699541e+01
-1.615910660206342442e+01 8.633374269573613091e+00 -1.313975674138459659e+01
-7.183959689308308327e+01 -1.163028411148636110e+01 -1.024376082791622764e+02
-2.010490635693696859e+01 4.169511859495906947e+01 -4.218713147989075907e+01
-1.144633128005196809e+01 1.335927894805317884e+01 -6.943578112174361827e+00
-5.108696445988847046e+01 -4.584303261227898929e+01 -5.738687526488877921e+01
-5.082383988592227553e+01 -5.323718958287967240e+01 -6.948008225748120026e+01
-7.473759008682542060e+01 6.585737349332007717e+00 -8.220292149285729977e+01
-5.986425855761231674e+01 -3.659933118246620865e+01 -6.647453443358136838e+01
-7.264304211858285498e+01 5.193014283836625111e+01 -7.434755518238273453e+01
-2.369358884540906729e+01 -6.674100475910753971e+01 -3.610653338728332784e+01
-2.032160907956545248e+00 -5.107547110038104243e+00 -1.227246672496692348e+01
-2.444010052953328582e+01 1.065164967322251499e+01 -2.989590568196371123e+01
-6.959199452808903175e+01 3.765115279814487081e+01 -6.405146914619081144e+01
-4.215644944075207690e+01 3.912023127600291872e+01 -4.174203296656612849e+01
-3.647393222110407152e+01 3.841494641593453707e+01 -4.001255963653871106e+01
-2.077618713675249396e+01 -3.500704412437843160e+01 -2.892376786118338217e+01
-6.631171920812371923e+01 -6.205978774042776536e+00 -5.936445201970805385e+01
-1.166739496703509893e+01 -7.544957341227191705e+01 -3.780526026986057531e+01
-3.145881566220401382e+01 -6.721088472632153810e+01 -5.122080812469582867e+01
-4.033068623757911553e+01 -6.168101321347136690e+01 -5.905874740736730644e+01
-9.290524499528389768e-01 8.589534865568496969e+01 -2.844477872834436738e+01
1.910399215227983838e+00 -7.650813246276059942e+01 -3.576484540205169083e+01
-3.082958856983449181e+01 3.877720140758071921e+01 -3.976597215991558443e+01
-2.546712006340443324e+01 3.997165399119781171e+01 -4.071903598122862178e+01
-2.189950379232211120e+01 4.082880623755193028e+01 -4.218198341167097709e+01
-6.733084820761111189e+01 5.110709142815901629e+01 -5.835152162386170005e+01
-2.592044897591679486e+01 4.618582742369104466e+01 -3.965728082312919867e+01
-3.170105728533366118e+01 4.789541069439952281e+01 -3.876567227277410410e+01
-3.743793031355864542e+01 4.832803201014292682e+01 -3.907321771746637751e+01
-4.322628717880655813e+01 4.731045654609110329e+01 -4.084513355001583079e+01
-4.693170094721789809e+01 4.558523286450267165e+01 -4.298454810514934366e+01
-7.664638464969677045e+01 5.440000168463271990e+01 -9.311347084043873679e+01
-4.597839597322384719e+01 4.023167901108684674e+01 -4.399291325500213645e+01
6.113495533199698739e-01 -1.225370598799558586e+01 -1.738834143263072463e+01
-1.921988488199516354e+01 -1.628426464936610074e+01 -2.341487621807464237e+01
-1.434173035026091370e+01 -1.800701731477389878e+00 -1.686725759134242963e+01
-7.522118915366988290e+00 -1.325257169229908705e+01 -1.784998003622107277e+01
-5.367011615663597190e-01 4.993455517460294857e+01 -2.542508283918658663e+01
-4.187304899500833244e+01 -5.433513803304472134e+01 -5.040441254882842514e+01
-3.312633083861598493e+01 -6.060039119436763855e+01 -4.357789623352732633e+01
-1.217936656407242246e+01 -7.119787528034741797e+01 -2.966992549973705806e+01
-5.909887857056111216e+01 -4.329968084628796277e+01 -8.269414918164385142e+01
-2.185754389023757582e+01 4.358497909540837156e+01 -4.118394455783597152e+01
-1.087695632884812014e+01 2.673746125547279107e+01 -1.971875168166026526e+01
1.917526851926572684e+00 -7.198071089159248004e+01 -2.789018604476669339e+01
-2.215798659581886199e+01 -7.201355806258504799e+01 -4.311390320248927566e+01
-7.180216444091034589e+01 -9.125256048839871070e+00 -8.025820916916759984e+01
-9.709293121243302238e+00 -3.163064020676311827e+01 -2.320463767179930414e+01
-1.060844332025344627e+01 -3.334266091800660803e+01 -2.188354642899562919e+01
-1.152484514472366328e+01 -3.615165373886500788e+01 -2.064139600506398153e+01
-1.226641110663539713e+01 -3.985449006186360066e+01 -2.145961924209904836e+01
-1.464924900876574831e+01 -4.637559796346662466e+01 -2.656073406381768010e+01
-1.781066050555468649e+01 -3.188389962179221371e+01 -2.809312033389447905e+01
-1.973297844841009763e+01 -3.157884664112723527e+01 -2.803900311973048076e+01
-2.172816530976317750e+01 -3.072099522751432232e+01 -2.801107600376332130e+01
-2.925252161746344015e+01 -2.628037369243677901e+01 -2.988673861533323617e+01
-5.709715695400856816e+01 -9.969989239236825895e+00 -4.572779587981132465e+01
-1.102403497303860647e+01 3.385896765715980905e+01 -2.619473598290711180e+01
-1.489813021987006358e+01 4.753179220831319185e+01 -3.771209277309498020e+01
-1.896271903242086410e+01 4.576798487471870658e+01 -4.019471748882192230e+01
-1.658099092847395895e+01 -3.091849455209811026e+01 -2.872648743436148777e+01
-5.683082591671141870e+01 -2.684224815791767327e+01 -5.435320786101485169e+01
-9.116884204526490620e+00 4.856657540910460824e+01 -2.965165504792065221e+01
-1.892570487957505421e+01 -5.341435822354595331e+01 -3.003988817239361353e+01
-3.578818947927955296e-01 2.509335880494592885e+01 -7.636172771338736176e+00
-6.462343427913491034e+00 3.069540262051932800e+01 -1.563013272393565956e+01
-3.877445581818077525e-01 3.238007426222758056e+01 -1.410245499481636067e+01
-1.480513071003169223e+01 1.501456866209339402e+01 -1.919518325138033532e+01
1.868203315504000539e+00 -6.517793125170722135e+01 -2.456857604031793940e+01
1.811529995374784985e+00 -5.651212367723051244e+01 -2.511718223915159953e+01
-8.859025486848910447e+00 -5.651021346371175014e+01 -2.644654164265335083e+01
-3.363528413751065216e+01 -4.203780427611214066e+01 -3.646707459021251907e+01
-2.660325892129297642e+01 -4.675538789037141818e+00 -3.041466791629196820e+01
-2.693301315159144949e+01 -4.875704693304918180e+01 -3.336102119611830119e+01
-4.266474859238361006e+01 -3.422651949613210842e+00 -3.324645241684889641e+01
-3.271537481015354132e+01 -1.157517550991414446e+01 -3.077488042392607070e+01
-4.760252640621968112e+01 -1.505053646639802700e+01 -3.746975671458194768e+01
-1.124120488630156522e+01 -6.473476195835401370e+01 -2.642227308422032550e+01
-1.821131153621538346e+01 1.053533202018814485e+01 -2.362539931599342680e+01
-3.965316626931106470e+01 -4.697892294814038650e+01 -4.284115275634489706e+01
-3.105175642199322539e+01 -5.404652561421206514e+01 -3.835182344148473277e+01
-3.901671409717617678e+01 -3.375695664058454781e+01 -3.768862720468253968e+01
-6.372965621661101920e+01 -1.822846755145108233e+01 -6.093132311610889218e+01
-4.787393000405572963e+01 -3.452452669601306923e+01 -4.462514058772891445e+01
-6.745951577398740540e+01 -2.354429833792870852e+01 -7.631906909109355297e+01
-3.730880909656532651e+01 -2.110076792248038657e+01 -3.308827955554387756e+01
-1.468076023223453852e+01 2.157317736873919145e+01 -2.394475206338804441e+01
-1.347800221877895765e+01 8.302859181841550917e-01 -8.969666253512533771e+00
-1.699064967142081883e+01 -1.354394236689369091e+00 -1.603168744019118108e+01
-1.137165876826103528e+01 6.042564899209093454e+00 -4.513186671792570159e+00
-2.055128958709145337e+01 5.417396463955285668e+01 -3.580566781815129218e+01
-3.129410316881580201e+01 5.818958474982012063e+01 -3.517181497081937636e+01
-4.049178462983525861e+01 5.886588924322017391e+01 -3.588196955890176554e+01
-4.822673120778570421e+01 5.759856938566922224e+01 -3.859449263300481903e+01
-5.369057769895569976e+01 5.427924073427914919e+01 -4.273207492955560838e+01
-5.768563816779482067e+01 4.105971848709025807e+01 -5.247916844157470706e+01
-7.640160187038357265e+01 2.200596231028369232e+01 -8.157045087223112034e+01
-5.265130639521581202e+01 3.061662025619427041e+01 -4.657167166289507776e+01
-4.577316362138010675e+01 2.850522518623844803e+01 -4.244815967047923522e+01
-3.693849807624225434e+01 2.857469036920300454e+01 -3.958184698628150500e+01
-2.852945271440012220e+01 3.030166057218797349e+01 -3.811029339147302863e+01
-2.188447010558455830e+01 3.292559124151189565e+01 -3.826003695418949491e+01
-1.735850530261950553e+01 3.556175582080009434e+01 -3.778015235849322551e+01
-7.631079341044979003e+01 2.154251460074193147e+01 -1.071050379103068053e+02
-1.655657302770720563e+01 -3.287866063815639617e+00 -1.926010916577288157e+01
-1.071399724938365239e+01 2.024940803576107129e+01 -1.419415280855442596e+01
-9.425980389216277899e+00 9.000874616914078530e-01 -3.843143587762916535e+00
-5.773350382226174027e+00 -2.507718075330921170e+00 -6.329051448838542981e+00
-9.156904445992401165e+00 -3.440266313251673647e-01 -6.986587579530669778e+00
-1.454648457230625347e+01 -5.395171898951116596e+00 -2.143778854755244367e+01
-4.802183446037020964e+00 -3.122338735327581993e+00 -4.603153650262859387e+00
-3.873002441378772254e+00 -4.663326895591587196e+00 -1.223118830903997001e+01
-1.768069806483160633e+01 4.131478822705567211e+01 -4.129159616362748864e+01
-1.377903230285521019e+01 3.980288076420172416e+01 -3.722152277206368609e+01
-1.166366693993723658e+01 3.880105362299561023e+01 -3.274728918265240196e+01
-4.912025255733095008e+01 4.429484018877406015e+01 -4.532058829576091341e+01
-5.255997723426994384e+01 4.725228830221624321e+01 -4.572861611561564388e+01
5.209460413589193983e+00 2.392762505709407250e+01 -9.869398225241292621e+00
4.707042484898578039e+01 4.150878718183436433e+01 -4.595917393875060952e+01
5.444049609353055708e+00 -3.481920459231681697e+00 -1.220705062857985901e+01
7.125285192698157744e+01 6.834984881992426153e+01 -8.000121694698836450e+01
2.829363440956370113e+01 3.504617529637233986e+01 -3.857347130277621972e+01
3.494208054251015483e+01 3.454156718294709094e+01 -3.920217700911913283e+01
4.115957064304971880e+01 3.501768383714816224e+01 -4.117845363058741981e+01
4.936367012393142772e+01 3.880980932124978722e+01 -4.701866838480140132e+01
2.268501236238100560e+01 3.692933305121863441e+01 -3.953271013028250280e+01
3.611698086769565208e+01 5.350032629865529543e+01 -3.686842908815020081e+01
2.919265059951997188e+01 5.297302499608542092e+01 -3.682032689281504645e+01
4.263028548136480111e+01 5.241128444182582058e+01 -3.921451636589615219e+01
4.715731023445802350e+01 4.988392979436670061e+01 -4.184359574725363018e+01
5.486606313161100701e+01 3.419842737353707918e+01 -5.015045966608251859e+01
2.546907115067130789e+01 -5.955860322944928953e+01 -3.223844539819518218e+01
4.921806752013151254e+01 4.317933057430048649e+01 -4.830338993484637200e+01
7.452773003093180648e+01 3.757878273434391758e+01 -8.059348655328952304e+01
6.223361588828627333e+01 3.945995365479030426e+01 -5.738862692069048421e+01
3.230012805125780773e+01 5.734092230909129562e+00 -3.077958781039249558e+01
8.172290597001884649e+00 -2.170430049452101073e+01 -1.543456425139445898e+01
7.177908046797810471e+00 -2.876755315908730637e+01 -1.826463921882270824e+01
1.568196590601875684e+01 -2.416161825335878177e+01 -1.902936169373609232e+01
2.054126232740994595e+01 -2.726672909496789998e+01 -2.319667811530610280e+01
1.242430212590011429e+01 -2.941406392045971785e+01 -2.052513825369526757e+01
1.668799977650726163e+01 -3.027526011722605048e+01 -2.448012772423410865e+01
2.901257779728668496e+01 -3.812067787415914211e+01 -3.211786879227879155e+01
5.175312001247680094e+00 2.087475718927736812e-01 -6.092191781455346122e-01
5.931366574545121395e+00 7.458684058707861553e+00 1.239826190417881335e+00
5.791404033168573307e+01 5.872266135891135974e+01 -4.525232442393863153e+01
1.922005328620521780e+01 2.361207367282252179e+01 -3.097730736700121312e+01
1.893871099515559564e+01 1.558491198961973412e+00 -1.692679927402810947e+01
1.942049707252657598e+01 5.417637691386912202e+00 -1.897735906634224179e+01
5.239330350046059692e+01 6.365180454012866029e+00 -3.939269144784505272e+01
5.571113618752204566e+00 1.643195621277154217e+01 -3.163828272024241439e+00
4.263359421366786961e+01 6.728544178643127793e+01 -3.389994877465366585e+01
5.157635008827528367e+01 6.438266003860091757e+01 -3.930648905596245157e+01
6.462940686931052880e+01 8.159116990645863154e+01 -6.718034932667202952e+01
1.386836105170969979e+01 6.163984513057886261e+01 -2.766682111830403912e+01
2.325027386644682892e+01 5.058931372249518432e+01 -3.865745726643640978e+01
3.364139812391628936e+01 -3.175939941651545340e+01 -3.405022921272082925e+01
6.675928845903546005e+01 -2.837612108906142794e+01 -9.496232408994313801e+01
1.431706070874967374e+01 -2.472091167289979907e+00 -1.920556990877217629e+01
9.303305475163902827e+00 -4.513368444326851581e+00 -1.850668524658446756e+01
2.596262681468919453e+01 -3.183623569656283436e+01 -3.300423584984142167e+01
2.304846304890967090e+01 -3.115857887077963539e+01 -3.103018087453791196e+01
5.543446763214957684e+01 6.923776982555844484e+01 -4.272906192052766272e+01
1.898241439622236015e+01 -1.708292708077451705e+00 -2.037956605470226989e+01
3.045438415345725502e+01 6.711166750340174758e+01 -2.982780515353631046e+01
3.166638135720484826e+01 7.318645494146437613e+01 -2.878900449368467562e+01
3.747013727460495147e+01 9.898934373601672121e+01 -4.182648307535574617e+01
6.009555047448472465e+01 7.560803574662615745e+01 -5.300649393816004817e+01
3.399129436337173615e+01 8.631906264463754042e+01 -3.482073560320772287e+01
6.215692171255766141e+01 6.188343064102887325e+01 -5.126094539668940797e+01
6.685460140226017245e+01 6.473894400913103198e+01 -6.447466261716920144e+01
7.817386009748549469e+00 -2.579344660152905533e+01 -1.601477429164141597e+01
1.388995088019123081e+01 -2.737334732544435667e+01 -1.934593389445270972e+01
1.863498177019389601e+01 -2.888090388091453775e+01 -2.320842182172404478e+01
1.266928579959705559e+01 -3.722380915158995940e+00 -2.064992527830717961e+01
2.438273366899011307e+01 -3.160509482132346548e+01 -3.196973868348671743e+01
2.222006350904413807e+01 -3.248191887348980345e+01 -2.770254972753168587e+01
2.243426777376173220e+01 -3.072477749001435399e+01 -3.084722578057733244e+01
1.137164683960412681e+01 1.104081853215707204e-01 -1.033867600883176330e+01
1.536929836432240570e+01 -2.989348916576444637e+01 -2.549155025293197241e+01
1.111330018627948135e+01 -2.981079789368116195e+01 -2.304276341141139284e+01
6.338098144540815326e+00 -2.990175979425581687e+01 -2.098459408089923528e+01
9.772968846572069879e+00 -4.849645986377297646e+01 -2.561728269135524982e+01
9.136181282164168138e+00 -4.164699704332989683e+01 -1.920324990230776052e+01
8.753964106678367330e+00 -3.747487674160108639e+01 -1.845527288568430180e+01
8.154063664010761769e+00 -3.394774445479689007e+01 -1.987779179748804026e+01
7.523780907032913134e+00 -3.155561620090266572e+01 -2.105405340981536710e+01
1.702585159436804219e+01 -3.114076535273644097e+01 -2.558677257005303574e+01
1.794971563303737128e+01 -3.196739136298705475e+01 -2.437261110366882022e+01
1.928412324911414899e+01 -3.380100118527789022e+01 -2.315515399342970682e+01
2.062429253051406519e+01 -3.624261889072033682e+01 -2.427962114729361076e+01
2.633934774134276680e+01 -1.947752127044798343e+01 -2.588630714126918519e+01
7.429497378911005967e+01 6.215024827048158507e+00 -1.068875160386944145e+02
1.963643285391633952e+01 -3.119641590417011656e+01 -2.861818742026738605e+01
2.079011537072534921e+01 -3.157901545019910827e+01 -2.778887358675857300e+01
7.505763627291394791e+00 -7.539306407565410595e+00 -1.800836060151444684e+01
1.688282395781047285e+01 -6.010168118292639861e+00 -2.489576645229967866e+01
8.313546558472705073e+00 -6.084672132934368705e+00 -1.814187786839761074e+01
2.618864709239346666e+01 1.932183765200911552e+01 -3.300458431641125401e+01
3.721780887720887421e+01 1.462232664316200292e+01 -3.487450047205478398e+01
2.040839451864839660e+01 2.179571085160434407e+00 -2.255154054615206505e+01
5.393297476147782277e+01 9.211239314414100932e+01 -5.349110046289165865e+01
4.979049999310120000e+01 8.317454178226840611e+01 -4.325805706365719061e+01
4.513181082424274138e+01 7.321559822800546158e+01 -3.522463834413478878e+01
2.422915332119531229e+01 -4.217503818895652046e+01 -2.892990110521249392e+01
1.587979520524018184e+01 7.149104807587291077e+01 -2.546113123225854835e+01
1.758194770224634595e+01 8.639670338933207461e+01 -2.987850996701548922e+01
1.968582599134023781e+01 1.020406816565944013e+02 -3.493996728597488755e+01
4.640804678214875878e+01 3.631300616921311075e+01 -4.420386100689852071e+01
6.208516576507938112e+01 2.905235983334712913e+01 -5.365786503783967021e+01
1.903704916929084945e+01 3.893327911612006886e+01 -4.061190835584086045e+01
5.476065320774402778e+01 4.819920579588372078e+01 -4.796238682833597977e+01
1.468871864978448905e+01 2.849327794959616256e+01 -2.881557421118070650e+01
1.542854230710662833e+01 4.415043710189350712e+00 -1.055890862800993091e+01
6.902328308481492058e+01 2.419396111912842784e+01 -6.093965807814181090e+01
5.756415450286463198e+01 2.388123606600101212e+01 -4.720857640393796117e+01
4.899492846240210753e+01 2.117732185418937263e+01 -4.066656831812895234e+01
3.630451784637783419e+01 2.233760282613161863e+01 -3.787545134645858269e+01
2.688457006486142831e+01 2.533275282787885274e+01 -3.646923387254266657e+01
1.982361380978887055e+01 2.882298869296227650e+01 -3.490572040376268603e+01
5.935321476398492280e+00 3.843202784445612252e+01 -2.268157220148510689e+01
6.770695758482068527e+01 9.061878299163254269e+00 -5.822089713060911720e+01
6.048406399275621226e+01 4.974860768535035760e+01 -5.153032509194987654e+01
3.116460380640567074e+00 -3.520178114972848160e+00 -3.702230356065305816e+00
1.818606839705846667e+01 1.656271570779912494e+01 -2.770914494300921405e+01
7.639057114668463555e+01 3.770604043944704387e+01 -1.034668382664995789e+02
1.470737635508124264e+01 3.293453642900708189e+01 -3.421742040958137210e+01
2.113863601558059457e+01 1.617627173551124509e+00 -2.894704990677046297e+01
5.129644988127438410e+01 4.280874996332043736e+01 -4.971851158961322170e+01
1.563866549399716632e+01 9.065124688732085545e+00 -1.317840872118246054e+01
7.171692309253742792e+01 -1.082978942822670199e+01 -1.028949750763983531e+02
1.893127269135341706e+01 4.174131946212312272e+01 -4.238389456961475332e+01
1.085983291429905861e+01 1.362446610524697199e+01 -6.997068519356969496e+00
5.258968497540437426e+01 -4.470894699842848041e+01 -5.733153657109482282e+01
5.237659005685791413e+01 -5.227062414741343588e+01 -6.959384024166810434e+01
7.404131326923079826e+01 7.436605457883362469e+00 -8.249631951877941560e+01
6.067222527832299050e+01 -3.548899015790486544e+01 -6.659233343624522661e+01
7.094976358868882471e+01 5.211066109308148953e+01 -7.455200200976038616e+01
2.688422540067619693e+01 -6.609534015663278694e+01 -3.606507562607730222e+01
2.560397458014720851e+00 -5.043049913610587964e+00 -1.223140791058895260e+01
2.403505162123823879e+01 1.118899135648599774e+01 -2.985456613362902445e+01
6.805026064762233773e+01 3.807488725608094882e+01 -6.409740319178868617e+01
4.073131193775770953e+01 3.933346604557193160e+01 -4.175414034591811685e+01
3.507626591636466884e+01 3.859204978312953926e+01 -4.008291567725162707e+01
2.380940548925022071e+01 -3.400077622227553320e+01 -2.882176543655503664e+01
6.588550196173338236e+01 -5.085494330132654284e+00 -5.933798208396467544e+01
1.522930680568230244e+01 -7.513806985500941948e+01 -3.771119164803251778e+01
3.426665989513849553e+01 -6.650860348929383292e+01 -5.131141762671762763e+01
4.259719640043680755e+01 -6.082182572900543249e+01 -5.921458970589347359e+01
2.945081572899370315e+01 3.891905027849149690e+01 -3.983657679753574143e+01
2.420584858655852400e+01 4.009918956351582153e+01 -4.083081980488678653e+01
2.076678777553739508e+01 4.089718698710665024e+01 -4.234369482352860814e+01
6.546669992466711108e+01 5.121304428057243285e+01 -5.842533221121190223e+01
2.433331153682334858e+01 4.617741480132136900e+01 -3.981340204907069591e+01
2.984596995932817265e+01 4.782206055779173681e+01 -3.879713988459953811e+01
3.548645619946552188e+01 4.818784465558807284e+01 -3.921908996430347827e+01
4.129687502911149721e+01 4.720318918554249166e+01 -4.085571465240174405e+01
4.507346138977585071e+01 4.555119806966805385e+01 -4.296767433999681174e+01
7.503682573360578090e+01 5.457080059345836531e+01 -9.337560525935933242e+01
4.451824420540207683e+01 4.042341401103372789e+01 -4.401733650425998690e+01
2.035416189236450180e+01 -1.547156305579893676e+01 -2.331499056444280527e+01
1.453725105415609420e+01 -1.272359544913985285e+00 -1.690971506468043373e+01
8.709129116199118670e+00 -1.291968938263219080e+01 -1.783370874163430031e+01
4.398017399475222078e+01 -5.334790702298195697e+01 -5.026228198545458525e+01
3.572339992268729958e+01 -5.978522624852426759e+01 -4.347962245147204641e+01
1.567429300166883976e+01 -7.085567756885740209e+01 -2.951548770572564351e+01
6.001619266699375288e+01 -4.229514274351669911e+01 -8.296727398586463664e+01
2.055161585493904042e+01 4.362859533747050023e+01 -4.138259277170268291e+01
1.019500465564976821e+01 2.685226826145255075e+01 -1.975929948914649614e+01
2.547000596444130949e+01 -7.144666265528043425e+01 -4.314660087723074611e+01
7.145020915220624147e+01 -8.090028611667388958e+00 -8.049175173517527071e+01
1.278234710203894942e+01 -3.119547813474855857e+01 -2.306268906774915450e+01
1.374415025533236978e+01 -3.283562908003596448e+01 -2.175879511314255055e+01
1.472327768211190602e+01 -3.560053611063435142e+01 -2.042867934504708671e+01
1.558985953866303475e+01 -3.931707315300085526e+01 -2.125709337023965873e+01
1.779507575060750924e+01 -4.581971056671900300e+01 -2.630772076469977705e+01
2.041729060824800612e+01 -3.088652669238995330e+01 -2.803951742002478653e+01
2.230480208760407379e+01 -3.052322479499694197e+01 -2.799602790302079569e+01
2.420075844590511593e+01 -2.957311030779676386e+01 -2.805041815534060134e+01
3.115024351681791970e+01 -2.513775245557935278e+01 -2.974307784719989911e+01
5.698105505022528661e+01 -8.808117274036808553e+00 -4.537465458597067425e+01
1.025360433368991409e+01 3.395962403284767106e+01 -2.623704376522679027e+01
1.377379248125041933e+01 4.750686734699669245e+01 -3.779426330379096299e+01
1.764682127920462662e+01 4.577007115547346672e+01 -4.032960723572409023e+01
1.909724745388803768e+01 -2.999049521093963833e+01 -2.864105384108066943e+01
5.749085278622610673e+01 -2.561908834442249372e+01 -5.425428136950468172e+01
8.039298326092099600e+00 4.854538418442172087e+01 -2.959275387935681323e+01
2.195518210903308542e+01 -5.279813780120385758e+01 -2.978694555406689659e+01
5.676797600390523613e+00 3.076199639622253557e+01 -1.561491561062726596e+01
1.424749996603447855e+01 1.534416021285964327e+01 -1.923807438142605619e+01
1.224117103396406669e+01 -5.620390693169785123e+01 -2.625507045267174533e+01
3.586944472927178396e+01 -4.096524105932316218e+01 -3.613893630467824636e+01
2.692888193925174534e+01 -3.889493083170189269e+00 -3.017729025932655418e+01
2.955742562161989540e+01 -4.790921664932069746e+01 -3.297474180302184266e+01
4.278009246240375063e+01 -2.494952246010601282e+00 -3.279302835129606564e+01
3.347642306309948168e+01 -1.067279912302824663e+01 -3.051571836287609685e+01
4.810197758142031432e+01 -1.395073374552067236e+01 -3.700569395904492609e+01
1.467130958041446576e+01 -6.440211163754858603e+01 -2.636334197568745807e+01
1.774041286110681526e+01 1.098236076121235527e+01 -2.368654212337083820e+01
4.172861013972320876e+01 -4.593249006184883143e+01 -4.256759514090594365e+01
3.372759966959394262e+01 -5.317710264326218805e+01 -3.806924120733816608e+01
4.084424838955935400e+01 -3.252129769432159634e+01 -3.737197199535397374e+01
6.380193353758760111e+01 -1.704687491653116282e+01 -6.087020255958368864e+01
4.916507262618871010e+01 -3.330718410598858270e+01 -4.430406498092164469e+01
6.768925742566312920e+01 -2.242978812892843266e+01 -7.653471514637186601e+01
3.854732537355943833e+01 -1.997957346385163646e+01 -3.276496726891074474e+01
1.408841737484010359e+01 2.181351954864528864e+01 -2.408460575144940918e+01
1.337595966798460800e+01 1.258090741211336905e+00 -9.071250837892185004e+00
1.703085723510273652e+01 -7.578254384631182283e-01 -1.602845879996319312e+01
1.106412552699817731e+01 6.324970816602851542e+00 -4.615517731028170978e+00
1.910076094545440384e+01 5.408476962398285082e+01 -3.586732464858950209e+01
2.959484695965113943e+01 5.798251440461535111e+01 -3.511350397603639095e+01
3.867330729930666422e+01 5.858233244706769938e+01 -3.574668934842859613e+01
4.630298308444436373e+01 5.728292407960605459e+01 -3.857300154346710030e+01
5.174785039592345726e+01 5.402556093003030213e+01 -4.275044083680515428e+01
5.607847776515849603e+01 4.124277894222224461e+01 -5.246368392812204462e+01
7.530956387233784710e+01 2.261759150095864612e+01 -8.185857340351850553e+01
5.132947708347001026e+01 3.109480028002569796e+01 -4.642844843305660163e+01
4.465021950056350875e+01 2.903483722731554550e+01 -4.232044869283632949e+01
3.589934562463707834e+01 2.897102114758250480e+01 -3.947065354669101112e+01
2.744678915395522978e+01 3.059867965364795594e+01 -3.808273626109200904e+01
2.091847814816516049e+01 3.308877508026989744e+01 -3.822271408054544395e+01
1.643811564957584892e+01 3.567211248987201344e+01 -3.778390565688191316e+01
7.548167471502991077e+01 2.202407966060249933e+01 -1.074496085017766660e+02
1.670169484351593781e+01 -2.727898187951443454e+00 -1.926867247647482628e+01
1.014392472918510535e+01 2.045828255982232236e+01 -1.428517067275284980e+01
9.347341431194998052e+00 1.140397647933713898e+00 -3.855652231954597831e+00
5.854294981374589035e+00 -2.351740952780158711e+00 -6.312534723527857494e+00
9.168804890795660967e+00 -7.289863702827363567e-02 -7.041454693545937005e+00
1.490436324469116336e+01 -4.873069286017200241e+00 -2.133050803911375581e+01
4.940113668567642335e+00 -3.012148909732946134e+00 -4.571773358652709618e+00
4.342499788976969199e+00 -4.577100270995227760e+00 -1.223322089227984399e+01
1.662854091502545373e+01 4.131279148518085975e+01 -4.136119824885579277e+01
1.282567507685147490e+01 3.984380805368725476e+01 -3.722994809089202306e+01
1.077924921493334232e+01 3.884595648850172722e+01 -3.273133134917762987e+01
4.736654094377634294e+01 4.425203931632777454e+01 -4.533818051831570983e+01
5.071298250628866811e+01 4.716669977874209252e+01 -4.575227672785983657e+01
