-6.517679843462370615e-01 -2.265426025639148833e+01 -1.428892497586129373e+01
0.000000000000000000e+00 0.000000000000000000e+00 0.000000000000000000e+00
-8.927640480717363713e-02 -7.355794803293573381e+00 -1.614553739882365946e+01
-4.848700126166943569e+00 2.422070177167372051e+01 -9.502695094613510918e+00
1.188881979391300248e-01 7.528315418128798342e+00 2.023239861497394099e+00
3.899254200488636579e-01 1.732738643247164845e+01 -9.222182688226094882e-01
1.032154508577331598e+00 4.078504702874079157e+01 -1.948051981812317024e+01
-4.655524273541004732e+01 4.275217257855508990e+01 -4.444421824798899934e+01
1.232998983275906735e+00 6.089863116350505123e+01 -2.448355100847149401e+01
1.321280126297961210e+00 7.117511048614846914e+01 -2.336663051288428150e+01
1.651151850550084177e+00 1.029576059131028103e+02 -3.139260700591209741e+01
-7.109193846365866598e-01 -2.606781028231266006e+01 -1.494841861153376783e+01
-6.987702141912393028e-01 -2.879532475722744422e+01 -1.717635677428842911e+01
-5.696172660768166196e-01 -3.003218703947524659e+01 -2.006098689066483942e+01
-5.872512748703078156e-01 -3.158967415445310323e+01 -2.036436055567146042e+01
-6.496408455942090932e-01 -3.447660546861887099e+01 -1.930414847050227323e+01
-6.750865470573117477e-01 -3.820158425778149081e+01 -1.805349384602109097e+01
-6.958377524306040840e-01 -4.197193265576662924e+01 -1.914403035209175030e+01
-5.468387976911479598e-01 -4.836080808337211323e+01 -2.579331981349481140e+01
-8.415632016439486551e-02 -3.825370014650451456e+00 -3.278960687414559594e+00
-5.227285182658949481e+00 -3.324067086251257130e+00 -1.204608007312475060e+01
-7.058088657688004730e+01 6.997596033152871087e+01 -7.746482930590593696e+01
-2.744062860189592357e+01 3.541776302383900088e+01 -3.706684969503987759e+01
-3.419764113139284945e+01 3.496112395163184061e+01 -3.767058837846831665e+01
-4.051881740317838876e+01 3.561198444854888123e+01 -3.969262550398138245e+01
-4.863003993287636462e+01 4.013983798412569826e+01 -4.546039813877941071e+01
-2.176590030231561457e+01 3.735732026377453963e+01 -3.810382282859982439e+01
-3.590776997335782994e+01 5.578664811344201269e+01 -3.546892567831437759e+01
-2.879550241222234064e+01 5.500665147194617788e+01 -3.528665498912165788e+01
-4.252320529884292455e+01 5.469403864646123026e+01 -3.778450137105167528e+01
-4.703452637686620363e+01 5.199982966515717919e+01 -4.043908820490459277e+01
-5.399847718457007062e+01 3.533496192144167480e+01 -4.881933403245777470e+01
-2.349508135456665414e+01 -5.872650101548967427e+01 -3.225010508178662860e+01
-4.874831127707167866e+01 4.488341269913490095e+01 -4.678150534725516252e+01
-7.353043436873362282e+01 3.912861855870495731e+01 -7.864754086436724378e+01
-6.137265043756217864e+01 4.089502732938222351e+01 -5.587678949899721204e+01
-3.136510607113416071e+01 6.235122769407669630e+00 -2.990438135188694346e+01
-7.608013441930205900e+00 -2.153097761242272057e+01 -1.527870172545179273e+01
-6.380420970414849791e+00 -2.859881576334928255e+01 -1.808251871295915691e+01
-1.466127343606092026e+01 -2.396810651348972598e+01 -1.880973276803416283e+01
-1.907333787920892476e+01 -2.698903957831783629e+01 -2.279470651400498227e+01
-1.129872130834714561e+01 -2.916224655400312926e+01 -2.025659704012300821e+01
-1.518465954869038370e+01 -3.001426505026133640e+01 -2.402245767344497906e+01
-2.709007367428116808e+01 -3.744786934409461310e+01 -3.167306437019154330e+01
-5.114986092075333168e+00 1.835741404552987122e-01 -5.610913008573905625e-01
-5.871869740399239035e+00 7.402638599106717621e+00 1.223708658470875177e+00
-5.764522201559482539e+01 6.106031640778565617e+01 -4.372216770534434716e+01
-1.848800370220610034e+01 2.417288753614801422e+01 -2.989669615279393255e+01
-1.835581663029592647e+01 1.773149048879068435e+00 -1.652558609154184666e+01
-1.881718162184024834e+01 5.660880179565676684e+00 -1.847483861822611573e+01
-5.115086971955015116e+01 6.961374308399349786e+00 -3.850561918853585297e+01
-5.389700716471224951e+00 1.653573009257916482e+01 -3.020614719805102322e+00
-4.277694305724772761e+01 6.966499603793452877e+01 -3.243731222338799114e+01
-5.152146420814877104e+01 6.687944078626183853e+01 -3.784093087423041624e+01
-6.419765499071883141e+01 8.298630296479626622e+01 -6.466256539008010407e+01
-1.368839744951627857e+01 6.307703787011967478e+01 -2.639716958864753948e+01
-2.258615894066594620e+01 5.218383460234235116e+01 -3.703802617852510082e+01
-3.168593483467493144e+01 -3.121004691982329149e+01 -3.347282294199687414e+01
-6.532024930809537011e+01 -2.677284747693057554e+01 -9.352904858197173610e+01
-1.374726149098332861e+01 -2.199991611213964582e+00 -1.880066941082290199e+01
-8.884974659408515052e+00 -4.239495984566044484e+00 -1.822783911822793712e+01
-2.383205094995957651e+01 -3.133002637821050129e+01 -3.234029599994664039e+01
-2.089650928068707003e+01 -3.072312938555020168e+01 -3.035637990574204892e+01
-5.544845071362006195e+01 7.177062695030002715e+01 -4.102263824142908533e+01
-1.830825314839778528e+01 -1.417431638650499037e+00 -1.996597599326620909e+01
-3.060756418516085020e+01 6.910042698695781382e+01 -2.840580799026243142e+01
-3.182108760519319546e+01 7.509949482797344444e+01 -2.721441970355208184e+01
-3.722358076333986787e+01 9.967504309001974150e+01 -3.939659234330714099e+01
-5.994317535945619824e+01 7.737903978555233664e+01 -5.083364903751987640e+01
-3.391526440709439072e+01 8.736977456957416166e+01 -3.265226444406396666e+01
-6.181365731396749652e+01 6.424551072009995778e+01 -4.959046408101198011e+01
-6.636906163977749884e+01 6.659528914029374391e+01 -6.230386671792785336e+01
-7.156787840093105757e+00 -2.558256087385285227e+01 -1.582422821808200730e+01
-1.280311343454393658e+01 -2.715580209881279217e+01 -1.911930438237002505e+01
-1.712124225336559036e+01 -2.864169161069114722e+01 -2.278726852431377026e+01
-1.213042659753307539e+01 -3.436876652320050241e+00 -2.032964878422167132e+01
-2.224682054644320317e+01 -3.113842527370582047e+01 -3.133135264871912540e+01
-2.018914137592300406e+01 -3.208327467623138318e+01 -2.723180904709293770e+01
-2.035246553331966268e+01 -3.023510206071068751e+01 -3.022823226800185736e+01
-1.101227650623408216e+01 2.323179250862508205e-01 -1.013354063761124202e+01
-1.385460189368214046e+01 -2.964232373101438611e+01 -2.509146615272354452e+01
-9.947263317360800272e+00 -2.957155076285442519e+01 -2.271118379801113818e+01
-5.507559351313109808e+00 -2.972243363511051584e+01 -2.074416922030730959e+01
-8.288290890515854770e+00 -4.806573564458527414e+01 -2.579207987175379202e+01
-7.783134458065664951e+00 -4.130586043109752126e+01 -1.942772239609340801e+01
-7.436873697718969112e+00 -3.722914186471419384e+01 -1.857079825806392748e+01
-6.875265364082273400e+00 -3.369862893809997928e+01 -1.997779702185411921e+01
-6.250556853530826906e+00 -3.131976986086869985e+01 -2.101520432175981767e+01
-1.516500109864451318e+01 -3.084717767765793539e+01 -2.528838770094866462e+01
-1.610777590259765191e+01 -3.172455925144641498e+01 -2.408528035830143565e+01
-1.744436123947099659e+01 -3.350032998636737602e+01 -2.292233493215009332e+01
-1.878628761479606624e+01 -3.584868954354416104e+01 -2.398338976852459226e+01
-2.494002748958899573e+01 -1.923260302599022609e+01 -2.541228028292609409e+01
-7.294864228044235688e+01 7.998526706857763457e+00 -1.048470307827118972e+02
-1.152155542158800339e-01 -5.249370851430642304e+00 -1.170901092807757315e+01
-1.767672133954664204e+01 -3.080139449124246553e+01 -2.801913405486137165e+01
-1.876177049592106627e+01 -3.118741791748850645e+01 -2.726609418951849761e+01
-7.100537285888913530e+00 -7.287457680615843536e+00 -1.778623462934537258e+01
-1.618617062332652878e+01 -5.708607052904210555e+00 -2.449395202850534048e+01
-7.929046465427025403e+00 -5.839110462901510701e+00 -1.795510543278905402e+01
-2.533476435321161802e+01 1.987467537910005433e+01 -3.196576281643472228e+01
-3.617796887522522553e+01 1.517091638079004667e+01 -3.390786878786755665e+01
-1.971571773778754633e+01 2.468908958452629143e+00 -2.204502257947941146e+01
-5.371276215566756917e+01 9.318290747780167749e+01 -5.106466130447768847e+01
-4.981996883559720857e+01 8.473884088708373952e+01 -4.110251205810301656e+01
-4.535875536368100569e+01 7.551459864802899347e+01 -3.352148640579579109e+01
-2.236868425799186610e+01 -4.165592888458036924e+01 -2.869768826341614343e+01
-1.577142747030680425e+01 7.288097467033360033e+01 -2.401940981303070188e+01
-1.729957388711694222e+01 8.702578512050062898e+01 -2.776061569550995856e+01
-1.929394471304893699e+01 1.023928672584038679e+02 -3.260617752460346708e+01
-4.574671282166990238e+01 3.722362761119976682e+01 -4.277366440689573324e+01
-6.107195123720607910e+01 3.005783200783490017e+01 -5.220605484945724584e+01
-1.809571414552824464e+01 3.939586603919577357e+01 -3.905098464218912824e+01
-5.423834827429684680e+01 5.009418244685542732e+01 -4.641457859449169376e+01
-1.399851913522893021e+01 2.905315394782288507e+01 -2.786987233105982753e+01
-1.499482675538474297e+01 4.581761080004657316e+00 -1.028585324966025105e+01
-6.801990005128884320e+01 2.522651642268183636e+01 -5.945699543586191993e+01
-5.655092440441452339e+01 2.465476616941592169e+01 -4.585120258391088299e+01
-4.799521274742898669e+01 2.178118834281082883e+01 -3.942937660272448142e+01
-3.531219841643720514e+01 2.292240592343739536e+01 -3.678454578760401006e+01
-2.597526421785931561e+01 2.588898978890890135e+01 -3.530237869077263468e+01
-1.903477851659376441e+01 2.940531839701264971e+01 -3.375647948910475549e+01
-5.246792032537809902e+00 3.891601764622126325e+01 -2.187813598792827108e+01
-6.651681851193814055e+01 9.948056739358559497e+00 -5.695724214490386572e+01
-5.984684488656831292e+01 5.166400931178637279e+01 -4.982837844734649480e+01
-3.038714734466720024e+00 -3.435692498043384280e+00 -3.646693456349663798e+00
-1.749824667918104026e+01 1.707207086921686567e+01 -2.686379674970421050e+01
-7.520580938844304342e+01 3.955746223992429123e+01 -1.011682421840086050e+02
-1.392470195275474865e+01 3.352373721051925770e+01 -3.305113031673464263e+01
-2.040385638304162796e+01 1.994142357695071865e+00 -2.825715843816715989e+01
-5.067124778510198979e+01 4.452340248793694855e+01 -4.817217372425236732e+01
-1.520962954943203194e+01 9.285012537953589273e+00 -1.281747138674821329e+01
-7.049963164587087761e+01 -9.150967416434543367e+00 -1.010706689715869260e+02
-1.798182475646651213e+01 4.231973423619496089e+01 -4.077270529343601169e+01
-1.057660917159071978e+01 1.378780990662829531e+01 -6.730143132445688181e+00
-5.092964625582663274e+01 -4.366968968382199989e+01 -5.652617806528350997e+01
-5.076736258513675892e+01 -5.096063140804923819e+01 -6.881046986792500775e+01
-7.297568735193205214e+01 8.732832621146044971e+00 -8.080423210784039156e+01
-5.907522612430084052e+01 -3.427204403831238011e+01 -6.545568690330600248e+01
-7.016475700445826647e+01 5.376192987985895400e+01 -7.246563755283635544e+01
-2.504043102869933790e+01 -6.529584880075617548e+01 -3.610202676362320773e+01
-2.367864388807778386e+00 -4.926874234999401025e+00 -1.215043030093455734e+01
-2.324284015851826979e+01 1.171246805450572381e+01 -2.893580753252971505e+01
-6.712344287773893825e+01 3.952087515005056417e+01 -6.247083820451494063e+01
-4.017981075146378345e+01 3.980012129822627998e+01 -4.021879869042439992e+01
-3.441704389889387272e+01 3.886713780646376648e+01 -3.857854520900710327e+01
-2.177868472831923796e+01 -3.350438185613612774e+01 -2.827771951297890496e+01
-6.454549360641385647e+01 -4.128794135647348540e+00 -5.814457416107916288e+01
-1.374941333651773334e+01 -7.465874418109540045e+01 -3.796821259530274517e+01
-3.261396308028982816e+01 -6.546700784282879226e+01 -5.107656563724847132e+01
-4.093660207726360056e+01 -5.963786936285072215e+01 -5.865480296342896338e+01
1.492553027177623282e+00 8.649537441329968601e+01 -2.650092895611051702e+01
-4.334578013333523216e-01 -7.621147189448750225e+01 -3.604033667807902219e+01
-2.864520114375899951e+01 3.916934180395497123e+01 -3.832040859326100701e+01
-2.326234700297181845e+01 4.042081972100923082e+01 -3.930874504769109024e+01
-1.975652192545184960e+01 4.135703029669141273e+01 -4.075327926154131575e+01
-6.475720726098269608e+01 5.312238740333911835e+01 -5.672190991417568284e+01
-2.367837165588748860e+01 4.786270765404263017e+01 -3.825023998570814854e+01
-2.945979014893492831e+01 5.017674190569871939e+01 -3.745155069029533479e+01
-3.542775295502882216e+01 5.080034790054751426e+01 -3.771878868347574354e+01
-4.132946666476350117e+01 4.972160392665906414e+01 -3.946683596120092119e+01
-4.499818736263531349e+01 4.773599759266368636e+01 -4.153130978269806661e+01
-7.413187827911339411e+01 5.627754657885969181e+01 -9.100514072099279872e+01
-4.401223528390349315e+01 4.125304941453740781e+01 -4.251636814188093894e+01
-2.593161790996825755e-01 -1.199683117421115242e+01 -1.721897797588424339e+01
-1.941426257330351035e+01 -1.531811651613496394e+01 -2.294746916163627404e+01
-1.399919842806148651e+01 -1.074543782291455418e+00 -1.651056881116218022e+01
-8.177705953059826172e+00 -1.273957782870506605e+01 -1.766835271458898049e+01
1.195636514669533579e+00 5.071345447377198212e+01 -2.436907516685521458e+01
-4.227472325804110653e+01 -5.228016785359835694e+01 -4.978402707434009500e+01
-3.392323335871309808e+01 -5.876086421360683687e+01 -4.322491893769655746e+01
-1.405560018171043346e+01 -7.028207969488786944e+01 -2.982388453166460351e+01
-5.851227368824298480e+01 -4.081799798895086440e+01 -8.191733811049796543e+01
-1.970006936967922684e+01 4.453768144837117404e+01 -3.982084933492811984e+01
-9.657189642187507417e+00 2.729521272814463373e+01 -1.902348245212542110e+01
-4.323721083035243495e-01 -7.158035263848093166e+01 -2.825102172290636915e+01
-2.383298414328184833e+01 -7.072478262111354752e+01 -4.322182997030228790e+01
-7.031521228174247540e+01 -6.829206961706211665e+00 -7.896610380076413094e+01
-1.115370244748230988e+01 -3.092239150249967850e+01 -2.297781737422049275e+01
-1.212929039386258978e+01 -3.259038647864563387e+01 -2.164620271993112510e+01
-1.309953623225620056e+01 -3.534922958339499388e+01 -2.039289818523966247e+01
-1.397231553125333647e+01 -3.898395906596336147e+01 -2.124155441709202208e+01
-1.609872698440626237e+01 -4.534542768709377469e+01 -2.634085270993898931e+01
-1.850357860392172071e+01 -3.054320237559191398e+01 -2.745951811320820468e+01
-2.043687741758357745e+01 -3.013589412857590943e+01 -2.741983281048078780e+01
-2.234902114940058482e+01 -2.919461896292622782e+01 -2.746373433974406808e+01
-2.939340380313592149e+01 -2.480052067016330142e+01 -2.916289204381351396e+01
-5.557087745040087157e+01 -8.088916959407612239e+00 -4.448139082457525006e+01
-9.568004270442848735e+00 3.447867900870136992e+01 -2.530792026634907543e+01
-1.303519486248423043e+01 4.832543516263880434e+01 -3.619876977575987809e+01
-1.689290886036904737e+01 4.665864204460784492e+01 -3.874919923011297129e+01
-1.721285893415196711e+01 -2.965326952671048844e+01 -2.805691213848826138e+01
-5.591419727346739421e+01 -2.469932746713958949e+01 -5.324731243677229742e+01
-7.382465197455767125e+00 4.935986678132824323e+01 -2.834328814944024799e+01
-2.003083127787489559e+01 -5.207426537347592443e+01 -2.974468505379344307e+01
6.561854888671768693e-01 2.533430963760734400e+01 -7.312760373941546987e+00
-5.202713687544243015e+00 3.116396244542544025e+01 -1.502139714100255752e+01
8.225170997489796854e-01 3.274274936288461646e+01 -1.354517653687077861e+01
-1.372572007781840497e+01 1.572206299808446772e+01 -1.862322607560484755e+01
-4.262198479439360810e-01 -6.468791638926784060e+01 -2.491020543013667066e+01
-4.522500062215453198e-01 -5.603598100847411700e+01 -2.545752648551125930e+01
-1.052982772041218773e+01 -5.556180451683604105e+01 -2.654351760002006699e+01
-3.413983400494207388e+01 -4.024012439779885852e+01 -3.572742427742591076e+01
-2.606303410232453999e+01 -3.528968822925604876e+00 -2.949906370030190317e+01
-2.772859340027657993e+01 -4.706396256653282251e+01 -3.275378993701032471e+01
-4.154539936509426212e+01 -2.014957636977575017e+00 -3.201108086057336521e+01
-3.227113767307975678e+01 -1.029336317099089904e+01 -2.979337465434462828e+01
-4.667913585052303915e+01 -1.337919456479288627e+01 -3.619576684649173615e+01
-1.291655159494721516e+01 -6.372768142643832334e+01 -2.664091550334085312e+01
-1.712170423417964571e+01 1.141402315926301547e+01 -2.298996585208836052e+01
-4.003863225187900099e+01 -4.506712786999199949e+01 -4.212967611450555694e+01
-3.178966821627251349e+01 -5.222214836818427841e+01 -3.786461524996327199e+01
-3.911442573192544359e+01 -3.193328176954971553e+01 -3.683938742732835436e+01
-6.235528632164052709e+01 -1.602474808934559647e+01 -5.976769860183813421e+01
-4.761803870808969208e+01 -3.257507611179160278e+01 -4.359228934819879697e+01
-6.624539657400200099e+01 -2.115290140069080849e+01 -7.522701731039731499e+01
-3.693563982089881392e+01 -1.955026983826901343e+01 -3.211188587119877269e+01
-1.348541393174379266e+01 2.227694122258352749e+01 -2.323979941706833685e+01
-1.299482749274106475e+01 1.376193600827482433e+00 -8.881004405692934256e+00
-1.647127032571328442e+01 -5.878149420728321362e-01 -1.576125424017700638e+01
-1.084627559088180604e+01 6.410296110214747323e+00 -4.452762490276441554e+00
-1.861469374185056225e+01 5.546526835193272120e+01 -3.421518605355280584e+01
-2.934167061775715624e+01 5.994176275573593671e+01 -3.346095937132812992e+01
-3.853153098852667569e+01 6.073822214649486995e+01 -3.423554558790353042e+01
-4.612643159642578183e+01 5.951469082361703755e+01 -3.709357629717869997e+01
-5.142203475439698224e+01 5.612806396838973200e+01 -4.114625642148505591e+01
-5.528202139158700845e+01 4.277817480414432083e+01 -5.097683982420304716e+01
-7.424894006851272366e+01 2.403386587113199369e+01 -8.003837137146594216e+01
-5.043147324150064748e+01 3.203211973418715530e+01 -4.505340150109768871e+01
-4.378061748949266274e+01 2.968315278189604456e+01 -4.097937895554670718e+01
-3.503434660011146917e+01 2.948976765570951386e+01 -3.820997815770834904e+01
-2.656708572111110200e+01 3.106782556645358184e+01 -3.668402959378882144e+01
-2.003562909353884436e+01 3.360191708635733221e+01 -3.689771754939208392e+01
-1.554741714101584549e+01 3.618056465511688202e+01 -3.643184467767797230e+01
-7.416817000878351962e+01 2.389835833374115381e+01 -1.052863643648378940e+02
-1.610447971763500519e+01 -2.466926370750236686e+00 -1.890841069175175804e+01
-9.715391487755381306e+00 2.074835485374741850e+01 -1.376729018618306455e+01
-9.146404268585689223e+00 1.186291887405544809e+00 -3.799991631441554052e+00
-5.709104815352539219e+00 -2.258031433391905374e+00 -6.240438067550583057e+00
-8.902208561549706189e+00 1.044372236679880217e-02 -6.895370015093753580e+00
-1.428762984599408092e+01 -4.551131917790502079e+00 -2.100154991102306212e+01
-4.791602243014237317e+00 -2.936468761030466723e+00 -4.565541471602764467e+00
-4.144635697984123013e+00 -4.408351357949825911e+00 -1.209026821835274745e+01
-1.567482724671257621e+01 4.188783381005214324e+01 -3.981557545564532319e+01
-1.197365174011424394e+01 4.039062742860578226e+01 -3.584789577369059543e+01
-9.995059543124884982e+00 3.944215908038523821e+01 -3.158520305189943400e+01
-4.706479326105260697e+01 4.622611782484136000e+01 -4.381701627563860768e+01
-5.030586565444318836e+01 4.906233403518626801e+01 -4.421789383260163220e+01
6.169229340074069867e+00 2.410749674396653219e+01 -9.455220312584899034e+00
4.926828507586898098e+01 4.264204908700776997e+01 -4.440777776771879104e+01
5.251908712629965947e+00 -3.603074956443442112e+00 -1.206855639690828497e+01
7.395255531193710397e+01 6.995409028977715593e+01 -7.746204008878447667e+01
3.007216481813791376e+01 3.526210606333814468e+01 -3.697241601640816810e+01
3.686580830579450208e+01 3.479463412394705557e+01 -3.760454329106705984e+01
4.322141039653718764e+01 3.536680226023874241e+01 -3.963423430321352470e+01
5.137973587373942763e+01 4.001533226290658263e+01 -4.546207831827193502e+01
2.430932592699330641e+01 3.721027148614348334e+01 -3.800969374148191093e+01
3.866548523327440989e+01 5.592606599674136447e+01 -3.548594517859083197e+01
3.142350922036840899e+01 5.510912037233897109e+01 -3.531627855820362782e+01
4.536952324527006652e+01 5.483728991177986956e+01 -3.782993935986431211e+01
4.995086298377647438e+01 5.209818590823907414e+01 -4.045066703174330769e+01
5.668404802055135150e+01 3.494347370599494695e+01 -4.880677837651647621e+01
2.348939478461090502e+01 -5.955870004213489466e+01 -3.245809857553129518e+01
5.146315144388387353e+01 4.488341269913490805e+01 -4.678150534725516252e+01
7.662496002878842205e+01 3.885086242023625402e+01 -7.851212243553484882e+01
6.415780148726682341e+01 4.065087413111323400e+01 -5.588421050170178717e+01
3.279862337969546360e+01 5.454842290261110449e+00 -3.008645358201738418e+01
6.558876029478757808e+00 -2.198201952590097008e+01 -1.525028938660371836e+01
5.255796411338764962e+00 -2.903119104874323497e+01 -1.802825930079016814e+01
1.392888506104342383e+01 -2.504747662814405018e+01 -1.866035376806975776e+01
1.854920828529046872e+01 -2.838387742404923841e+01 -2.254527349485315924e+01
1.042809916692834449e+01 -3.010203413196777689e+01 -2.005958194296542274e+01
1.449020010071208020e+01 -3.126423921082958302e+01 -2.381486822215453714e+01
2.716614617604514592e+01 -3.898337437114657433e+01 -3.156507899395203864e+01
5.205456387552203523e+00 6.773244208406853373e-02 -6.624469791925293727e-01
6.291609464969988963e+00 7.321144744602315235e+00 1.184723414485123527e+00
6.056455166907167609e+01 6.121478586910398434e+01 -4.383291651234270603e+01
2.030446573865885185e+01 2.380883728302470814e+01 -2.995946389795100728e+01
1.912111896902250052e+01 9.829285929031339464e-01 -1.653519711748860743e+01
1.982629771491281545e+01 4.906869479517030896e+00 -1.848629250175392613e+01
5.315681013459410309e+01 6.028198275406406736e+00 -3.856807630235382334e+01
6.258237468627246614e+00 1.641058895137943452e+01 -2.975078671976833622e+00
4.552562059791234361e+01 6.992201410566711672e+01 -3.283997980667206207e+01
5.438180633610344472e+01 6.711751545236813854e+01 -3.815604954732879150e+01
6.766012753909970456e+01 8.305752315473013425e+01 -6.478563493051854039e+01
1.618415242695082767e+01 6.315167835558992948e+01 -2.663479564990015902e+01
2.515032255780024784e+01 5.218352125603968261e+01 -3.708755939403307877e+01
3.201961004173284664e+01 -3.294416163611039394e+01 -3.333370562698508621e+01
6.753351946581693710e+01 -2.789944401045615763e+01 -9.339271464441893045e+01
1.418187012785917389e+01 -2.938968475429211580e+00 -1.882269517081415344e+01
9.062212922771189838e+00 -4.807465854628633295e+00 -1.841766531644134375e+01
2.359982234625024233e+01 -3.317815548485629051e+01 -3.200961257696400253e+01
2.076874725226555540e+01 -3.243496925344728510e+01 -3.001853882390825490e+01
5.833939427663464983e+01 7.198372361897183680e+01 -4.134173307347043647e+01
1.905012351397529358e+01 -2.349526221168689588e+00 -2.003744100635743663e+01
3.323905539806509069e+01 6.930714096791669476e+01 -2.881013876032778498e+01
3.463333205520569891e+01 7.528734246543506003e+01 -2.766350389072086813e+01
4.063428845431316461e+01 9.967910650177766740e+01 -3.955147740509060128e+01
6.316173418496529024e+01 7.751785699230319437e+01 -5.108579407250297777e+01
3.702769047974235406e+01 8.747156242071545762e+01 -3.293141314577329837e+01
6.481985194501420722e+01 6.435733289040514649e+01 -4.967942247176738846e+01
6.953733203990948653e+01 6.664504614460281573e+01 -6.237020189040389795e+01
5.996456289553609764e+00 -2.608160663587997874e+01 -1.582853943347354431e+01
1.194744444810999084e+01 -2.818200286573052438e+01 -1.890652051443451143e+01
1.653761762674338343e+01 -2.993501971952417406e+01 -2.255474759594087431e+01
1.247424323327053841e+01 -4.160574437226274291e+00 -2.035030312873374569e+01
2.202092722506301570e+01 -3.292540302169402366e+01 -3.095791677588336555e+01
1.986225689714207832e+01 -3.353172286175752959e+01 -2.690897468705601270e+01
2.027615749996818550e+01 -3.185806395401606039e+01 -2.988894167274832014e+01
1.138214380185807961e+01 -2.072571785885546358e-01 -1.003689625422249421e+01
1.335271709159900055e+01 -3.081480381254886325e+01 -2.483007389952532051e+01
9.207995607386827430e+00 -3.041398066761146879e+01 -2.252784349279082932e+01
4.504356211421475464e+00 -3.014670719354133865e+01 -2.063958259023207376e+01
7.418518051832500682e+00 -4.845290855831395760e+01 -2.584666044690379039e+01
6.649382363230562198e+00 -4.172117226201073237e+01 -1.938655093685842701e+01
6.251126393167635520e+00 -3.764919194708364358e+01 -1.849838269767268883e+01
5.763897805501882132e+00 -3.411747605121390592e+01 -1.984134066354149795e+01
5.255396175843552342e+00 -3.172197317097742442e+01 -2.092723701365105882e+01
1.469934533520342512e+01 -3.187573964747916122e+01 -2.502323963599320322e+01
1.561295635103794410e+01 -3.276426150415846905e+01 -2.390258116386542042e+01
1.694486158945527166e+01 -3.462117791750067397e+01 -2.275081624744868947e+01
1.824291254106039162e+01 -3.701385065932037577e+01 -2.382440415413800849e+01
2.525065016701582010e+01 -2.047629592179821145e+01 -2.523837803373947253e+01
7.548012467228471678e+01 7.360549676639556615e+00 -1.045967547686711185e+02
1.737974771874009505e+01 -3.211337600431438943e+01 -2.771617332408381529e+01
1.844773349337272705e+01 -3.258259422600678334e+01 -2.693581713419354529e+01
7.067471315801578946e+00 -7.751376977952873837e+00 -1.784512052869134990e+01
1.666590169229356633e+01 -6.637468242785123707e+00 -2.458068905525619030e+01
7.999869760203319302e+00 -6.319564221107934365e+00 -1.803205785155601859e+01
2.717086560918162874e+01 1.937353979019020755e+01 -3.197581871075737325e+01
3.804266333232849462e+01 1.451625756857554173e+01 -3.406422631187319894e+01
2.065721781577969551e+01 1.598539279213481823e+00 -2.200858836750790459e+01
5.720926781166277664e+01 9.326279094565246908e+01 -5.121169878556245436e+01
5.306531797078386603e+01 8.490608566039163918e+01 -4.140293284778712746e+01
4.819794982713511899e+01 7.577286854703640984e+01 -3.390739501253075616e+01
2.229100311570408977e+01 -4.275925797342107160e+01 -2.856939737648159650e+01
1.851965608869564406e+01 7.302147016396236268e+01 -2.425407207663258191e+01
2.032513232750098808e+01 8.703322700343122165e+01 -2.795911393996172123e+01
2.268862890837242929e+01 1.023911527466465969e+02 -3.275418510032218222e+01
4.847235615017544319e+01 3.700762395961879037e+01 -4.268319904558565270e+01
6.380172917830837065e+01 2.953363554087246001e+01 -5.224025490855746057e+01
2.056747970497687561e+01 3.930645923279153209e+01 -3.897722827801349155e+01
5.708053355516181426e+01 5.004904637805502432e+01 -4.639974777297915409e+01
1.588543056493903727e+01 2.879888507343743242e+01 -2.783764987465395890e+01
1.571065526281927838e+01 4.027775763729648517e+00 -1.033650138172451527e+01
7.072889828592377626e+01 2.464388580211705104e+01 -5.937891786165427987e+01
5.904789821257644178e+01 2.406886080345820744e+01 -4.589576904765123544e+01
5.026243240932121381e+01 2.119163951789657574e+01 -3.950670439921218957e+01
3.742980241784304951e+01 2.246198519015977624e+01 -3.676532576085640613e+01
2.809420413247681481e+01 2.552815489762435419e+01 -3.529448931657009325e+01
2.111851082535731905e+01 2.912941277457524336e+01 -3.372381058452060643e+01
7.295589068490688334e+00 3.884301595918442018e+01 -2.182881337394506005e+01
6.893734701385426433e+01 9.025788027751019627e+00 -5.684695073219151595e+01
6.276534541625218822e+01 5.160806141854807549e+01 -4.987892497455501228e+01
2.980708776844530838e+00 -3.558265653518466021e+00 -3.648629875955784918e+00
1.893206615037515661e+01 1.657909285028194546e+01 -2.677278272618642063e+01
7.824316802648772295e+01 3.928130107381042535e+01 -1.010114086070064872e+02
1.598609741910042814e+01 3.327008890948694386e+01 -3.297185840727573947e+01
2.123668511908625689e+01 1.104910176952717427e+00 -2.829463709056336995e+01
5.344562311772490659e+01 4.447759798791668828e+01 -4.816075971287466473e+01
1.619012874013718317e+01 8.757339619012279641e+00 -1.283405303450768109e+01
7.283015208009032904e+01 -1.001326399507521714e+01 -1.009224347723861968e+02
2.049713818994888115e+01 4.223406129816299881e+01 -4.059541457024590727e+01
1.159038913871641974e+01 1.349925613598539442e+01 -6.733157754541064577e+00
5.242629448935973357e+01 -4.504698795155354674e+01 -5.665733923011681128e+01
5.235765822646045820e+01 -5.233635782010060922e+01 -6.882896578164762502e+01
7.541535185705599531e+01 7.998934211752555257e+00 -8.065825235634548562e+01
6.094030147759331584e+01 -3.566719487128025889e+01 -6.563217444221274377e+01
7.324426142944354012e+01 5.368561871697791332e+01 -7.239708686647321656e+01
2.506424563148025797e+01 -6.616679013338053039e+01 -3.623776146369721118e+01
2.167285448419669969e+00 -5.023574535677434838e+00 -1.214651914261704491e+01
2.469475980074646770e+01 1.102808428463289836e+01 -2.900193024803112607e+01
7.001177610576395693e+01 3.926519013176567796e+01 -6.245058802421516475e+01
4.285928479121103152e+01 3.965512647596247575e+01 -4.017924736918256912e+01
3.713313556647556624e+01 3.875762462768398109e+01 -3.851696129306636607e+01
2.145780611820905648e+01 -3.502914254110987002e+01 -2.800074650901957796e+01
6.671999928974689453e+01 -5.288799577052737177e+00 -5.812047384305375175e+01
1.313524264718772017e+01 -7.514578974690944335e+01 -3.802233453903421179e+01
3.313049339454780551e+01 -6.660066422577146739e+01 -5.112579107269846901e+01
4.200360650217839265e+01 -6.094042716523961190e+01 -5.871221639889606081e+01
3.133536190925525133e+01 3.908604043240475079e+01 -3.825495875124268252e+01
2.591447606290585526e+01 4.034573839598952816e+01 -3.918423170289311486e+01
2.232882372350136535e+01 4.127491248853671379e+01 -4.062240820273185449e+01
6.780214509867441564e+01 5.308424897556311350e+01 -5.675652553133286204e+01
2.635626426391750599e+01 4.781395963896577683e+01 -3.815145350191109230e+01
3.217633617377786948e+01 5.017413770567696929e+01 -3.738786168479995098e+01
3.809470763583896513e+01 5.084424338410241972e+01 -3.785109843723637368e+01
4.405879127814421992e+01 4.981156743252070385e+01 -3.949098062485478522e+01
4.772778053193380288e+01 4.782942752256099794e+01 -4.164549077063154670e+01
7.732062905082332804e+01 5.618424464667644003e+01 -9.088654124563649361e+01
4.669578611588007533e+01 4.113898077091437955e+01 -4.247687944495154966e+01
1.963174396207301697e+01 -1.633358551996067831e+01 -2.291837954765069796e+01
1.442998250181354258e+01 -1.745065449198779817e+00 -1.664341134903887820e+01
7.830479171535499994e+00 -1.321138569691075126e+01 -1.768619857548349472e+01
4.330656627558438032e+01 -5.364435913879916029e+01 -4.993923651163456157e+01
3.452791079684395470e+01 -5.997185602737939547e+01 -4.345635877855025342e+01
1.349826720968420091e+01 -7.074588874869870381e+01 -2.996598912350634691e+01
6.039559699251447711e+01 -4.215287303771952310e+01 -8.178885698825340000e+01
2.228086698830060186e+01 4.446751372411313241e+01 -3.964310428395328501e+01
1.126989395632584490e+01 2.708816523905327145e+01 -1.899796523604762655e+01
2.378310505353648452e+01 -7.154023224525228386e+01 -4.316427567403837173e+01
7.257771384454899533e+01 -7.827702016628528270e+00 -7.888498015758941051e+01
1.041616200582544849e+01 -3.167742577322750819e+01 -2.269235025624753277e+01
1.131399439322149902e+01 -3.332608290668190421e+01 -2.148532865580386542e+01
1.225986761772083788e+01 -3.609544226203718864e+01 -2.019832908938830229e+01
1.312810901658872176e+01 -3.973785692695017957e+01 -2.106320820762312351e+01
1.565563156519153054e+01 -4.616166536271066434e+01 -2.620222868191797971e+01
1.813103407714115534e+01 -3.206512747450712197e+01 -2.714349250628858456e+01
2.004894349507650020e+01 -3.175503811944757615e+01 -2.710301460714429922e+01
2.201009436535303720e+01 -3.087189557736560985e+01 -2.713364662503713376e+01
2.964138766587135621e+01 -2.631510990589110577e+01 -2.898535832130412260e+01
5.739238380917875304e+01 -9.275238555742902236e+00 -4.459739710974759674e+01
1.153189491620516449e+01 3.434384597779813930e+01 -2.530878632320602861e+01
1.544617777217916199e+01 4.823350788918898502e+01 -3.619421479808926989e+01
1.936183297680504367e+01 4.659750424332303709e+01 -3.863454962371934442e+01
1.692628261282825619e+01 -3.107333815448442493e+01 -2.776207586779650782e+01
5.756314166097500618e+01 -2.610782929023693555e+01 -5.335880980933217188e+01
9.770671896882470620e+00 4.931300980662449973e+01 -2.837027361425644045e+01
1.996803771235596869e+01 -5.293618565125432696e+01 -2.987604540980171564e+01
6.878768073141340977e+00 3.106858430324529863e+01 -1.501366950305050985e+01
1.493907693203646048e+01 1.529435587105893646e+01 -1.864764697671367344e+01
9.933652296425078632e+00 -5.604771911047468791e+01 -2.659482113522632218e+01
3.470284396026499962e+01 -4.160479058065157432e+01 -3.583844664668586688e+01
2.687708865235534361e+01 -4.475231699534563568e+00 -2.958639070669079274e+01
2.803546192961639960e+01 -4.824046825825310236e+01 -3.284843946393677072e+01
4.296935840689764063e+01 -2.979274139015251510e+00 -3.223343946590533449e+01
3.304622191282789601e+01 -1.134847888672958760e+01 -2.984360293633069361e+01
4.802577540240751830e+01 -1.460536566475411746e+01 -3.644149324375874954e+01
1.236429721320024022e+01 -6.418439085188100535e+01 -2.676247398215559059e+01
1.832978683435551659e+01 1.080684504238364596e+01 -2.299028773795313896e+01
4.088469652790881526e+01 -4.638728024974823683e+01 -4.228470207328417274e+01
3.229167592199674885e+01 -5.338736644262664299e+01 -3.805841677022924330e+01
3.993786696706052197e+01 -3.340162342327931810e+01 -3.689620732350901733e+01
6.435363318365297403e+01 -1.734879216710245586e+01 -5.979490057643361212e+01
4.889917808175685110e+01 -3.397542295298747206e+01 -4.377664802351159778e+01
6.843964836630308923e+01 -2.236702656348584739e+01 -7.522119125099514747e+01
3.775257426448770559e+01 -2.088874229750451406e+01 -3.219383227539800174e+01
1.501011474962678705e+01 2.195284242271501540e+01 -2.319755915427439064e+01
1.346582959227497867e+01 8.726120977636293574e-01 -8.831256044910238856e+00
1.703888471740044253e+01 -1.309933605359685949e+00 -1.577490173644329552e+01
1.137561534393389628e+01 6.061471516843607965e+00 -4.513928721554593793e+00
2.109004701768224521e+01 5.543057813030977599e+01 -3.422516030513697416e+01
3.193797888207459579e+01 6.004522091964072672e+01 -3.365587911425490830e+01
4.125891553077356377e+01 6.091711134822669749e+01 -3.446780431528582511e+01
4.898218662308175908e+01 5.962908624367413069e+01 -3.721656156951910077e+01
5.431674822288481863e+01 5.625281344073224687e+01 -4.127229489268727747e+01
5.809505554874962741e+01 4.258723090772118525e+01 -5.098201885977056236e+01
7.706739869998148151e+01 2.352919612607213651e+01 -7.989651550230259147e+01
5.304384997865750506e+01 3.167998728225431648e+01 -4.501223204223072116e+01
4.626234716359914501e+01 2.930192276132511608e+01 -4.103024473309682918e+01
3.739960020393164086e+01 2.918398858860165390e+01 -3.817162738591927251e+01
2.892857404273327049e+01 3.084980943154602073e+01 -3.660670299411982853e+01
2.237352662649502832e+01 3.340606653463904507e+01 -3.685180966466749908e+01
1.784318360176236595e+01 3.602118969355370837e+01 -3.636395372780962276e+01
7.692405240219514440e+01 2.344232028788244904e+01 -1.050575267891959896e+02
1.662183815989597946e+01 -3.306989432596459721e+00 -1.897668758364960340e+01
1.096595111113207288e+01 2.054322412641571205e+01 -1.370959254678138350e+01
9.419413203584058536e+00 8.941200486061584574e-01 -3.775250528925031990e+00
5.831234680307879614e+00 -2.502278178090844740e+00 -6.301994867310912518e+00
9.151004893659102635e+00 -3.216441276609562916e-01 -6.908683987562790563e+00
1.477036624789058905e+01 -5.415000761809600327e+00 -2.105680685328969304e+01
4.855045298039164514e+00 -3.097405143524893489e+00 -4.573931618730340709e+00
4.037266318383271546e+00 -4.655342358498437250e+00 -1.213979291606638178e+01
1.810808945238650125e+01 4.177567424490874259e+01 -3.969593908946281147e+01
1.430258562166890890e+01 4.024998627600928813e+01 -3.580475842631214078e+01
1.217978709551720407e+01 3.929409948118393459e+01 -3.159060359153754050e+01
4.982727847637685414e+01 4.628451727856998588e+01 -4.397040834444690915e+01
5.317850636131309017e+01 4.909796300253939449e+01 -4.427837986102563406e+01
