4.007817310881285899e-01 -2.280050121493437487e+01 -1.660835297663294341e+01
0.000000000000000000e+00 0.000000000000000000e+00 0.000000000000000000e+00
1.688697980374588570e-01 -6.949663971529333573e+00 -1.739228636279326068e+01
-5.493224596179793195e+00 2.416964165787001662e+01 -8.518911009001755019e+00
-6.739647508985127655e-02 7.401103127715121133e+00 2.451346527200529035e+00
-1.137195457560519207e-01 1.723450966371889237e+01 -9.734104013252051213e-02
6.424796523936104897e-02 4.101703154512809846e+01 -1.769465350180026064e+01
-4.738949606752796484e+01 4.385723004313596363e+01 -4.415564520080010880e+01
1.606980453396822384e-02 5.981765200262631055e+01 -2.180013798036909733e+01
-2.738652901379734494e-02 6.985965046213459573e+01 -1.993855194734619474e+01
-2.401893689957033118e-01 1.051133804371447837e+02 -2.660375862629398469e+01
4.561659797414999717e-01 -2.620091375585175797e+01 -1.743481076399721275e+01
5.267155576973400199e-01 -2.862904669720492024e+01 -1.989696421546381799e+01
6.276562966165339930e-01 -2.957483832676635416e+01 -2.300745198435573258e+01
7.653352243790522147e-01 -3.155380780959259823e+01 -2.372975168482005870e+01
8.186040837672987625e-01 -3.441870463500517729e+01 -2.283194949030220045e+01
8.299319092832351252e-01 -3.801345021273638736e+01 -2.179215029673793325e+01
9.004472624103038170e-01 -4.165232324187392976e+01 -2.322960445328401846e+01
9.301664558718735210e-01 -4.702179942539790858e+01 -3.067675490990369980e+01
-6.526660456713240244e-03 -3.544250609195866542e+00 -3.518892861190831667e+00
-5.074727512244485261e+00 -2.843432540324686730e+00 -1.278876796002465355e+01
-7.160351383395784808e+01 7.222591459229965949e+01 -7.606022389904816805e+01
-2.835973811483319551e+01 3.690694140648950849e+01 -3.695475095919812958e+01
-3.508721532732708681e+01 3.643674168871810082e+01 -3.746902894392356131e+01
-4.137661226836165440e+01 3.695338633061849265e+01 -3.946991055657382219e+01
-4.958950117332715735e+01 4.109032587934097336e+01 -4.529325007715907958e+01
-2.265863980843248982e+01 3.870023052015466902e+01 -3.772600654406349463e+01
-3.683699697864747691e+01 5.507154765402960805e+01 -3.429135325909933840e+01
-2.983856565878453893e+01 5.453879950803806764e+01 -3.416753096490282360e+01
-4.331657637036018116e+01 5.408086581787186731e+01 -3.664969056446539497e+01
-4.772473434770855505e+01 5.176063464157336114e+01 -3.949320117565424937e+01
-5.510140084184102705e+01 3.639597437154223769e+01 -4.887810406847600575e+01
-2.202988851968141404e+01 -5.673488712958506142e+01 -3.806093905416884837e+01
-4.953939221420841221e+01 4.572061119928401496e+01 -4.642265239089422835e+01
-7.434517158490963595e+01 4.099788214651985641e+01 -7.927037451191199580e+01
-6.250833191453146753e+01 4.170502148395028996e+01 -5.574311473090000391e+01
-3.164485793576557171e+01 6.934869217132789920e+00 -3.135313362657532466e+01
-6.556838860560531224e+00 -2.176139950879955265e+01 -1.760224846973318336e+01
-5.175450634661572735e+00 -2.847369947353053377e+01 -2.084597669301142631e+01
-1.348918203645599867e+01 -2.393471343251889039e+01 -2.139984674059176939e+01
-1.793485973686983925e+01 -2.679463001727162919e+01 -2.569827648796056252e+01
-1.009258249796456042e+01 -2.897711353147224145e+01 -2.315867161044528544e+01
-1.404679533644491940e+01 -2.969702965056553268e+01 -2.727118695479067867e+01
-2.581595436449654812e+01 -3.673013875959823338e+01 -3.595478819477990839e+01
-5.120838016181160413e+00 2.551499551631299934e-01 -6.021418876434732059e-01
-6.086780597540775162e+00 7.311326236337199802e+00 1.632960159135042000e+00
-5.865712342739303864e+01 5.989287542871864645e+01 -4.206333311292650734e+01
-1.913340773093146296e+01 2.497827478649526611e+01 -2.991255778602697646e+01
-1.850777960346430362e+01 2.198946287706537994e+00 -1.722547173678798771e+01
-1.904775802770934590e+01 6.144009237504810983e+00 -1.914488901228963158e+01
-5.187176175812801660e+01 7.719947892923977761e+00 -3.993202993691858183e+01
-5.836138260083466811e+00 1.643139038944493180e+01 -2.211986209246666224e+00
-4.330400872124728551e+01 6.745555153316544761e+01 -2.989718593449271467e+01
-5.236287913500692071e+01 6.510754703497281071e+01 -3.544209594995088253e+01
-6.548754908191209267e+01 8.504786363283140815e+01 -6.218199052829671558e+01
-1.425801033138382579e+01 6.149239531944180470e+01 -2.394506690310069885e+01
-2.359811514568083979e+01 5.218963734539610044e+01 -3.616134593420557053e+01
-3.053545969785255920e+01 -3.054966681678756757e+01 -3.734201605361776899e+01
-6.462805955413075765e+01 -2.385630402826611274e+01 -9.903344653461148539e+01
-1.376497652984235565e+01 -1.681592586864092853e+00 -1.992989020956673585e+01
-8.623412218882963387e+00 -3.713321698659191927e+00 -1.933318552906863630e+01
-2.267465460221908202e+01 -3.092825304463312719e+01 -3.606220928165747353e+01
-1.991851086943914595e+01 -3.034697462187731887e+01 -3.413167296544128959e+01
-5.625556123992731017e+01 7.013217150039287162e+01 -3.860685136904436376e+01
-1.832682328967018748e+01 -8.671901722437811433e-01 -2.104635181305153324e+01
-3.098441711702333023e+01 6.686655174381569111e+01 -2.587518911896731311e+01
-3.232086217464015476e+01 7.300254772536742109e+01 -2.434246284123546289e+01
-3.916371412879416880e+01 1.016761790548620610e+02 -3.533278180688464687e+01
-6.086106088736040221e+01 7.783135107093639249e+01 -4.846905785305517611e+01
-3.508556021918322898e+01 8.766045549205854570e+01 -2.911428386592360340e+01
-6.286508680448994824e+01 6.336509854041126744e+01 -4.792608363517319958e+01
-6.734810370242283284e+01 6.749281983049893086e+01 -6.084637585869421628e+01
-5.985469137559825015e+00 -2.570510059916075107e+01 -1.839147956402698014e+01
-1.158184717155380206e+01 -2.706434211343730212e+01 -2.182758906832526336e+01
-1.597469459983489770e+01 -2.838404218984849692e+01 -2.590383653680222764e+01
-1.200839647878919259e+01 -2.860443826724508476e+00 -2.133539528661212614e+01
-2.118971103533363731e+01 -3.077354810226577442e+01 -3.506475094756422095e+01
-1.908128168462740248e+01 -3.173163877286703638e+01 -3.113747464988520974e+01
-1.941500398712786435e+01 -2.980951433578887944e+01 -3.392957327103665222e+01
-1.119636032195791309e+01 6.227351435600365637e-01 -1.046227101148542360e+01
-1.279097042846833965e+01 -2.920525183017160131e+01 -2.837779848619862477e+01
-8.791963367893696812e+00 -2.919849322479296205e+01 -2.581768547847614670e+01
-4.300269067267669776e+00 -2.935489743626069270e+01 -2.371963985686652876e+01
-6.854778667116392832e+00 -4.693052935144014981e+01 -3.078744756584283238e+01
-6.263078486127968247e+00 -4.107453579750146844e+01 -2.353277205910130476e+01
-6.000469083918492430e+00 -3.717277423728577901e+01 -2.235574379521530375e+01
-5.542312643255042914e+00 -3.372824805286512628e+01 -2.352646349641964463e+01
-4.976381349676339383e+00 -3.129158584180955316e+01 -2.451767642992339091e+01
-1.414658619133475703e+01 -3.058942445467143045e+01 -2.891859985482132700e+01
-1.502555100815236777e+01 -3.139303837499991445e+01 -2.788227297156071316e+01
-1.630553476886931819e+01 -3.315879187229639058e+01 -2.693891855504455179e+01
-1.751558640285965396e+01 -3.541223819266100747e+01 -2.814572628735083271e+01
-2.406818321252713488e+01 -1.869242895491554535e+01 -2.802047806240734573e+01
-7.301808557297189850e+01 1.063153803112179574e+01 -1.083554263834089824e+02
7.856495308063345118e-02 -4.796627063783377665e+00 -1.251200064899542141e+01
-1.664193114152584485e+01 -3.045314389747973394e+01 -3.177105976159769440e+01
-1.774393736663757792e+01 -3.086562398545773434e+01 -3.113592522824967546e+01
-6.692165604024515879e+00 -6.858335133250914595e+00 -1.919330899726089257e+01
-1.589745327841693801e+01 -5.056101715809401043e+00 -2.610456207483997204e+01
-7.610005474424498040e+00 -5.374082273739600346e+00 -1.912754191115996250e+01
-2.596363606983237915e+01 2.074054293935134652e+01 -3.239236841924628152e+01
-3.682509864045917425e+01 1.593436700493493241e+01 -3.460592236507809361e+01
-1.980479013137689037e+01 3.058063574085954528e+00 -2.308503871483292258e+01
-5.535389317520315444e+01 9.507169032406311260e+01 -4.770562683865099274e+01
-5.076568932017223545e+01 8.490832590700399862e+01 -3.812976740316975111e+01
-4.588439577705575800e+01 7.355751825227729057e+01 -3.086806423690976686e+01
-2.104596925241947503e+01 -4.063199896286410251e+01 -3.328003518038426023e+01
-1.652507624763856953e+01 7.128157756270596224e+01 -2.087123658225996081e+01
-1.873240565770463562e+01 8.781402857415672258e+01 -2.390640733394132766e+01
-2.135036532188551206e+01 1.045771739694386326e+02 -2.812775989972536550e+01
-4.666885656640923230e+01 3.842171446123511913e+01 -4.254768605744184384e+01
-6.222854421586102802e+01 3.119787399799585259e+01 -5.269651886060441370e+01
-1.891585353800692459e+01 4.058063987996249722e+01 -3.863402428996976568e+01
-5.524328334559103126e+01 5.018625306987257773e+01 -4.567647666573122223e+01
-1.467980996487353096e+01 2.974087073243423163e+01 -2.742226681641068353e+01
-1.532125168988883601e+01 4.828440977686220492e+00 -1.056103623266930924e+01
-6.902823045698438875e+01 2.665941916616698038e+01 -6.040707197672998774e+01
-5.766921398836276325e+01 2.564684747276250576e+01 -4.653426743595758808e+01
-4.892073150338139698e+01 2.269370221369701923e+01 -4.016845422619758210e+01
-3.609460851418841543e+01 2.390842528973499626e+01 -3.711297395023467516e+01
-2.674127666291174421e+01 2.695684622910794559e+01 -3.550298067680187586e+01
-1.978709627302102447e+01 3.040908363553292659e+01 -3.356783787794706342e+01
-6.118986170960162951e+00 3.920524101851928833e+01 -2.030407586739816139e+01
-6.730567539070236194e+01 1.127692421342436724e+01 -5.866521020630432304e+01
-6.101040882517101949e+01 5.157966199469298374e+01 -4.898811540891553307e+01
-2.969645510803381683e+00 -3.172582773629009090e+00 -3.921562927268271714e+00
-1.787709815091773180e+01 1.772152758220553537e+01 -2.726720952323574920e+01
-7.574622117946491073e+01 4.198706781687094747e+01 -1.024222209926403337e+02
-1.465700736042844454e+01 3.438485004587134597e+01 -3.250851832869614100e+01
-2.029053603975977893e+01 2.702123406789029847e+00 -2.977345902768692909e+01
-5.152141892479561847e+01 4.516308932623793027e+01 -4.782404226038583062e+01
-1.558959646204861471e+01 9.568996976643113328e+00 -1.300124053873842378e+01
-7.017311471626578623e+01 -6.324393918813745685e+00 -1.055874138879895412e+02
-1.880134765813615516e+01 4.349693276358836869e+01 -4.021983870116715565e+01
-1.102546535351643975e+01 1.382809614115215702e+01 -6.364161277249412940e+00
-4.956602063415718362e+01 -4.142745846398808141e+01 -6.224095417420983267e+01
-4.914151607118676424e+01 -4.799537851329968419e+01 -7.523999627057472139e+01
-7.327245325962243783e+01 1.075028511529631459e+01 -8.342198587029473345e+01
-5.823551661639861976e+01 -3.206521532029683641e+01 -7.078979975603074593e+01
-7.110986192771017045e+01 5.526161314790410728e+01 -7.199782941306069972e+01
-2.319259212022320682e+01 -6.261667635338591964e+01 -4.241626050671086290e+01
-2.172457526778252213e+00 -4.504132540761272452e+00 -1.300337618120351912e+01
-2.356931909663913416e+01 1.245859895770570525e+01 -2.989196520088121645e+01
-6.823097091557360727e+01 4.061816585372316979e+01 -6.262277670266828977e+01
-4.101451880181429033e+01 4.134138404570621361e+01 -3.997667940503374240e+01
-3.530560639404683343e+01 4.048773441383566052e+01 -3.822505003644771904e+01
-2.058647809988401889e+01 -3.309316060638745682e+01 -3.227372161344074897e+01
-6.494710392836984170e+01 -2.704350772963842520e+00 -6.098332433784901951e+01
-1.171883083132865977e+01 -7.085159632426113774e+01 -4.493840771395814215e+01
-3.046918239913021864e+01 -6.226563541012226466e+01 -5.775273644890132374e+01
-3.893570902721877758e+01 -5.660468038271655189e+01 -6.522702775912202355e+01
-1.069000223467928556e-01 8.733505297939557011e+01 -2.245870446678079091e+01
1.195204138589935017e+00 -7.209686163995053221e+01 -4.299450499006954374e+01
-2.957465834631151225e+01 4.078495838002141483e+01 -3.793717186593325152e+01
-2.414319406632450793e+01 4.191752863566922116e+01 -3.883132263649342519e+01
-2.057797290141003543e+01 4.269330400026427697e+01 -4.018951467564690461e+01
-6.595038603545455658e+01 5.329242268148815498e+01 -5.601894803113928845e+01
-2.457010769108975623e+01 4.879785116681861012e+01 -3.752555899666875661e+01
-3.040503640198043911e+01 5.094078233888117779e+01 -3.650467421503459775e+01
-3.633954508125954419e+01 5.143835075035867987e+01 -3.684916624437234134e+01
-4.221457729376147228e+01 5.030028512022892073e+01 -3.865192325872883572e+01
-4.581262396450400587e+01 4.837365584037623023e+01 -4.095899772443895870e+01
-7.485680283872417817e+01 5.866930196264081587e+01 -9.081951723583429725e+01
-4.482335052554608268e+01 4.259995451145899636e+01 -4.224134022051651982e+01
3.023352934782237988e-01 -1.178998744400629306e+01 -1.891277910468845391e+01
-1.862297296553999715e+01 -1.474987380624988198e+01 -2.514570679979055967e+01
-1.409152443110173536e+01 -6.117200149589682168e-01 -1.730877015609412339e+01
-7.522148734643261392e+00 -1.246919320971535328e+01 -1.946388848895176693e+01
7.631231602875543363e-02 5.067477305985889302e+01 -2.233522242317748407e+01
-4.058687162869452436e+01 -4.997992269308893043e+01 -5.581114919557663967e+01
-3.215744579598525377e+01 -5.630703759625897931e+01 -4.951585774098207082e+01
-1.222370494896881787e+01 -6.733367376965013307e+01 -3.623077636684253378e+01
-5.737656803290441587e+01 -3.790386487053197584e+01 -8.791787173465384342e+01
-2.054786796393284476e+01 4.565733779372445156e+01 -3.908725657035768108e+01
-1.028065835439968545e+01 2.760274457993713781e+01 -1.828707220344821138e+01
1.197731603336062989e+00 -6.827425014392393621e+01 -3.461706543168367745e+01
-2.163294048048883411e+01 -6.723820720363244163e+01 -4.996391683894194813e+01
-7.026487539293515283e+01 -4.716356931947700559e+00 -8.265042604818464156e+01
-1.001754312970691707e+01 -3.085629199514434973e+01 -2.650756699654087711e+01
-1.092532697769912531e+01 -3.250918676577059330e+01 -2.533143749132040767e+01
-1.184103407382281503e+01 -3.519235704766926176e+01 -2.433875528228216467e+01
-1.258027443180872851e+01 -3.863884548332277546e+01 -2.538747059703764464e+01
-1.468804875602706872e+01 -4.422059313904011191e+01 -3.105089691021447607e+01
-1.747486361414217626e+01 -3.010788248398811007e+01 -3.087180576030669599e+01
-1.936280487399538330e+01 -2.973881540602158680e+01 -3.077019163272521141e+01
-2.122657130051843311e+01 -2.884204410352025505e+01 -3.071713095915373160e+01
-2.841109679406034161e+01 -2.423165122235973357e+01 -3.227923987971144015e+01
-5.591830140740906074e+01 -7.065603240998631129e+00 -4.713627047018515270e+01
-1.033547047523645190e+01 3.497927648754261298e+01 -2.436031787216202460e+01
-1.384354837182647735e+01 4.874618801299468629e+01 -3.526857917333634873e+01
-1.779740144403967150e+01 4.736437796181361648e+01 -3.782023742172266623e+01
-1.623649530144078312e+01 -2.915214692469402991e+01 -3.157983493160290323e+01
-5.545164229940395728e+01 -2.315774333160205600e+01 -5.744804079022473076e+01
-8.307740205081458384e+00 4.943500100279432274e+01 -2.687409179518783375e+01
-1.874859415986151490e+01 -5.056520944324050504e+01 -3.515230522788350243e+01
-3.267612125739272066e-02 2.529776114766371364e+01 -6.180653498999563844e+00
-5.958573867319892692e+00 3.128266354216533784e+01 -1.369734642356389820e+01
1.121478986442558945e-02 3.282078933665778919e+01 -1.211454935584499637e+01
-1.420999066378255371e+01 1.607158946195251303e+01 -1.868896700546278922e+01
1.164997756375685700e+00 -6.220898302865369800e+01 -3.077388111687881533e+01
1.058307435995736068e+00 -5.425142640399110405e+01 -3.087177235873368986e+01
-9.147464966817725696e+00 -5.398503912988227427e+01 -3.203069197908676813e+01
-3.286251511424176641e+01 -3.909478542716480121e+01 -4.037394842679758256e+01
-2.577365582514060804e+01 -2.739981169551267026e+00 -3.136825428257807502e+01
-2.640426287949746964e+01 -4.571288174140259741e+01 -3.792765210892650174e+01
-4.175509107476710824e+01 -1.327916171185005378e+00 -3.407553759162843932e+01
-3.182311561570136860e+01 -9.564385041253087749e+00 -3.212803817205963242e+01
-4.653516902716739168e+01 -1.249714889232538972e+01 -3.925383134869584012e+01
-1.135026252263730484e+01 -6.157973614282767727e+01 -3.246951571629136879e+01
-1.741148060578337109e+01 1.197431744572997836e+01 -2.356879809963668393e+01
-3.864621328707308834e+01 -4.338882572346202693e+01 -4.741608441560317289e+01
-3.034531113293196469e+01 -5.042918813729869498e+01 -4.359536476923721438e+01
-3.807362546566251638e+01 -3.099069652371387207e+01 -4.087341973135242057e+01
-6.224947753785557580e+01 -1.441602785842337831e+01 -6.356874925047753777e+01
-4.665683151488955360e+01 -3.116063627965004557e+01 -4.802578097342890828e+01
-6.583792890825175448e+01 -1.893660135867529348e+01 -7.984943898664781159e+01
-3.629228133701747083e+01 -1.886609200019941213e+01 -3.509333138314306666e+01
-1.400083586201656871e+01 2.280066109814129760e+01 -2.308215249622918819e+01
-1.323144554549369190e+01 1.697059187115142587e+00 -9.104764988402243020e+00
-1.661792292031277896e+01 -1.241793204886367241e-01 -1.656609826336522673e+01
-1.110007186657050404e+01 6.438831241514878734e+00 -4.213782051157813235e+00
-1.935077844730663443e+01 5.482660637405385273e+01 -3.291289013734081692e+01
-3.012585116199566926e+01 5.856686375439831238e+01 -3.184227534108703850e+01
-3.931486896766281092e+01 5.927980585252996804e+01 -3.250708647510730742e+01
-4.699052465493658559e+01 5.837541729072092522e+01 -3.540156732114482452e+01
-5.239309056079667926e+01 5.553876816057532295e+01 -3.982672586001026360e+01
-5.634669505548966129e+01 4.350764352723396655e+01 -5.069706806733264415e+01
-7.484958686986162490e+01 2.601210407814832593e+01 -8.165512761385836882e+01
-5.146488122569408574e+01 3.308959415293783479e+01 -4.537108804319098709e+01
-4.468325047772506764e+01 3.082348358575407943e+01 -4.116759672955149796e+01
-3.587062842146611530e+01 3.074217536067278544e+01 -3.828954645775427679e+01
-2.743485580628613718e+01 3.235638977458071253e+01 -3.684659453367279269e+01
-2.084575496514353432e+01 3.482105067107728047e+01 -3.662105119805057996e+01
-1.635282283064294973e+01 3.727652312119080591e+01 -3.608486249880493091e+01
-7.451760263689220665e+01 2.645454806836914941e+01 -1.076912864937861229e+02
-1.614749217605043086e+01 -1.907404655988645059e+00 -1.995487655505207414e+01
-1.026351689539991341e+01 2.091606758593838933e+01 -1.325912466957583469e+01
-9.238352056535761747e+00 1.348243154648217201e+00 -3.857664395215737674e+00
-5.684659748542761015e+00 -1.848579997206909464e+00 -6.632631114392760097e+00
-9.021674406433801252e+00 3.394124984024284863e-01 -7.155813190870650153e+00
-1.414340176608181210e+01 -3.949653455165865079e+00 -2.232043515159519131e+01
-4.755292630250647967e+00 -2.623030275079339724e+00 -4.878021661551947830e+00
-3.909257629689959490e+00 -3.953087091324947178e+00 -1.289857401149257043e+01
-1.649050526325974531e+01 4.291750751933004437e+01 -3.925466302966479049e+01
-1.279060375629475566e+01 4.131434387086988380e+01 -3.517034706700310664e+01
-1.081274315615441495e+01 4.012843814112173391e+01 -3.058334663445651458e+01
-4.789091448947372243e+01 4.696225113983221178e+01 -4.335330489232728723e+01
-5.115460349448758848e+01 4.925977698394005699e+01 -4.360073019268014605e+01
5.491865659740349237e+00 2.413227206810043057e+01 -8.511365294933106895e+00
4.832996385597559907e+01 4.381188068177372941e+01 -4.418062620463135204e+01
5.268551496983489457e+00 -2.946867527669729370e+00 -1.279217978556702562e+01
7.290993922414692463e+01 7.185415733435551999e+01 -7.620033082482299847e+01
2.920576000680561890e+01 3.685259589962547722e+01 -3.689194861812325144e+01
3.599758615466791412e+01 3.638892740785964008e+01 -3.747478376595339000e+01
4.231187897566097433e+01 3.688025359190534402e+01 -3.939253799157300762e+01
5.049980319805535345e+01 4.103845255373529000e+01 -4.528712097257293578e+01
2.342510974619163022e+01 3.870945473521650371e+01 -3.770362742532833522e+01
3.754096635153981509e+01 5.525256242413835395e+01 -3.427154421764065972e+01
3.031688546351373503e+01 5.473010474006953530e+01 -3.410256794645194134e+01
4.419417970442809462e+01 5.420007963238280979e+01 -3.666250237532466372e+01
4.869850617540702586e+01 5.184526974314228909e+01 -3.947210864266531871e+01
5.609062049953794116e+01 3.625241466290697900e+01 -4.880039020259609117e+01
2.445491885759293282e+01 -5.686146954206402881e+01 -3.811831743972446418e+01
5.048508444598997613e+01 4.572061119928402206e+01 -4.642265239089422835e+01
7.575735897449821721e+01 4.081567005131432779e+01 -7.941047208490638809e+01
6.358131353636949967e+01 4.162703385600039496e+01 -5.574227878598625807e+01
3.251585124362820522e+01 6.763140708693996750e+00 -3.119777332977826845e+01
7.500203858973910620e+00 -2.186466119996634205e+01 -1.749713219595853175e+01
6.447878790702871399e+00 -2.854898417380517728e+01 -2.074326905751441075e+01
1.478766006969556024e+01 -2.420097048782486127e+01 -2.117352378999476414e+01
1.952847440034782167e+01 -2.709221598628628769e+01 -2.553162455282322085e+01
1.152291278060178215e+01 -2.920401710353247537e+01 -2.297253399638841032e+01
1.573155593889316251e+01 -2.989439027843760854e+01 -2.704221218936278248e+01
2.807880588841683434e+01 -3.698156519001309306e+01 -3.584686013125842408e+01
5.114560410372834376e+00 2.097884478375650896e-01 -5.959511979580085494e-01
6.003366358052804053e+00 7.298360328482351278e+00 1.655120407855498854e+00
5.971056326003530046e+01 6.010332897375202776e+01 -4.203344344020003120e+01
1.975548854167808344e+01 2.488569500585870031e+01 -2.980852160124680950e+01
1.891070156118610512e+01 2.035766945778944681e+00 -1.719304041012930284e+01
1.945625474976051450e+01 5.995838632574545635e+00 -1.908333324285551313e+01
5.296734628124387001e+01 7.520270230469104256e+00 -3.978857281793850831e+01
5.734167037880589568e+00 1.641034778674786310e+01 -2.260312121410805730e+00
4.397242928206993184e+01 6.786590584452227404e+01 -2.999927417002460928e+01
5.325000550157833601e+01 6.537823804972549624e+01 -3.552889983903045135e+01
6.647597075435800207e+01 8.475860588825558750e+01 -6.229485331349047073e+01
1.441444272585123976e+01 6.170374365923331084e+01 -2.401325848767246995e+01
2.411212643392271104e+01 5.231226812621537903e+01 -3.613344722202698733e+01
3.269728925608735892e+01 -3.086674293745430830e+01 -3.734792621984644967e+01
6.648996563225929890e+01 -2.383059798228007864e+01 -9.938761203802330613e+01
1.419170473321374537e+01 -1.871481685667134576e+00 -1.980934488316189501e+01
9.033155898879632772e+00 -3.869926599911770904e+00 -1.927856504730717901e+01
2.489240035253235561e+01 -3.124038360717080209e+01 -3.607566318656365212e+01
2.207690389946519360e+01 -3.058408334740476064e+01 -3.403747215827174699e+01
5.721737293612960684e+01 7.035861581772196871e+01 -3.866970588561282796e+01
1.885781513117413155e+01 -1.039860087932739097e+00 -2.095442794569285994e+01
3.131646317839677351e+01 6.723327759054154740e+01 -2.593020527152288679e+01
3.258853314749383401e+01 7.338864962933060099e+01 -2.435113588322314726e+01
3.904275607272936810e+01 1.015204896736019293e+02 -3.537130229404124293e+01
6.183375097929936715e+01 7.779281240072049286e+01 -4.850365234163326988e+01
3.517674184539335158e+01 8.779153715912808309e+01 -2.919451295447640149e+01
6.398496197384672968e+01 6.343920040114299042e+01 -4.795541712300371984e+01
6.858371656769513436e+01 6.731588594349830146e+01 -6.087833019649858102e+01
7.115318888178378209e+00 -2.586082079376508958e+01 -1.826835551040642613e+01
1.297600085269061587e+01 -2.733639915153177924e+01 -2.164196795989086297e+01
1.766203099554261513e+01 -2.864164059655343664e+01 -2.564064859201001312e+01
1.247808699035403635e+01 -3.031090833387972694e+00 -2.127120022223284934e+01
2.332912631510527035e+01 -3.105810166562518404e+01 -3.496218934392184963e+01
2.117538289286317266e+01 -3.195990192659677476e+01 -3.092818399822570186e+01
2.149521240690257784e+01 -3.007973174769867342e+01 -3.384219205617146997e+01
1.141078286411897480e+01 4.638540153708082814e-01 -1.043927222661149834e+01
1.445932684516701983e+01 -2.936547829272616283e+01 -2.815238918315031569e+01
1.028579605246889628e+01 -2.937420944244507126e+01 -2.564459969273201878e+01
5.654815461989953995e+00 -2.943590806249419956e+01 -2.362240235858817528e+01
8.908456827951804158e+00 -4.702174661950160584e+01 -3.069488755411791203e+01
8.213814835335712772e+00 -4.119603571238146600e+01 -2.337122747785712562e+01
7.811022227463980450e+00 -3.731906161454308801e+01 -2.220993244470637862e+01
7.229791934762584305e+00 -3.389456551061564937e+01 -2.338196484957918386e+01
6.644217624263069055e+00 -3.147392582330903466e+01 -2.435818504837697773e+01
1.606840548964393278e+01 -3.082610475180788612e+01 -2.867858747732066504e+01
1.697165176619917659e+01 -3.163652866795694152e+01 -2.759040085484902960e+01
1.828165141579909303e+01 -3.337988862674457380e+01 -2.673518909849858716e+01
1.956548594085500170e+01 -3.561031519280920321e+01 -2.797659532337234012e+01
2.552255779844225003e+01 -1.895705795148274220e+01 -2.784186182530287113e+01
7.472169270618461212e+01 1.061821314383316661e+01 -1.087324069365971013e+02
1.866262520002057812e+01 -3.068098012523082829e+01 -3.164855087851677240e+01
1.977370474221990193e+01 -3.112790798317217167e+01 -3.091463223854459130e+01
7.167188855757100185e+00 -6.942500680742689667e+00 -1.915603604531152371e+01
1.657616165656205354e+01 -5.221105688828449942e+00 -2.597526264412156749e+01
8.003383737824284694e+00 -5.448598242539300252e+00 -1.904852295325178702e+01
2.667960774919430023e+01 2.060230917442846277e+01 -3.228750423951903770e+01
3.771869853036628228e+01 1.575519816539705253e+01 -3.450924669751198337e+01
2.032513656227282084e+01 2.891387770315044570e+00 -2.292165022267694496e+01
5.574188135588573800e+01 9.492297935168349454e+01 -4.775478999026039872e+01
5.131129575410631105e+01 8.502652756453591110e+01 -3.819523925425946231e+01
4.646673511155169933e+01 7.396026958389104777e+01 -3.089733922197318705e+01
2.330564718894034826e+01 -4.082057725161892847e+01 -3.315126839168089390e+01
1.662159033367751348e+01 7.152573198115072728e+01 -2.102031781511282205e+01
1.857344779955061398e+01 8.783419767593159122e+01 -2.397730055639418367e+01
2.097193961195485912e+01 1.045005038893947500e+02 -2.818250513107810562e+01
4.759372998764901297e+01 3.830771894673508626e+01 -4.245678143116599301e+01
6.334808270254348628e+01 3.100481310708313387e+01 -5.269729688579086968e+01
1.965797284410431089e+01 4.063482716542804951e+01 -3.865070183149223482e+01
5.627861179000684899e+01 5.019063288028342384e+01 -4.564357596870534906e+01
1.523161786212880742e+01 2.968791233811968766e+01 -2.735058652953060943e+01
1.552899278841750075e+01 4.669969602732551017e+00 -1.050777983528129056e+01
7.025725189868536802e+01 2.647518552277237092e+01 -6.045554222730572747e+01
5.869567675869897982e+01 2.546926508286460944e+01 -4.647086578628413633e+01
4.989697329431354689e+01 2.253154161409331380e+01 -4.001805920288682472e+01
3.698320467512311893e+01 2.375516687308305563e+01 -3.703945110811242358e+01
2.751470884156434238e+01 2.685462970527104432e+01 -3.543183153426207355e+01
2.047922890819269170e+01 3.034694402413471437e+01 -3.346265749354273566e+01
6.407600078042296587e+00 3.922903277211170803e+01 -2.027954399368085348e+01
6.854056449832815190e+01 1.111985070036520895e+01 -5.871716949782831563e+01
6.206345905393746420e+01 5.158439090232840840e+01 -4.901943277137627319e+01
3.012632155526204780e+00 -3.234332742382591608e+00 -3.952908618913281824e+00
1.845569999940972039e+01 1.760382533417014983e+01 -2.714308769398695276e+01
7.735027933958859592e+01 4.181527786328145169e+01 -1.026514380138892193e+02
1.528794564347012397e+01 3.434076159463327826e+01 -3.245884442458773123e+01
2.094761289013465344e+01 2.568106884184774952e+00 -2.966396441511109927e+01
5.248998265153589671e+01 4.513739635477679002e+01 -4.788217199858639361e+01
1.581693504631198266e+01 9.462651220938417040e+00 -1.289963124844894438e+01
7.188778219066954023e+01 -6.318318858668563465e+00 -1.060044942752973043e+02
1.951742848412288112e+01 4.357463533705732317e+01 -4.030308017218293060e+01
1.108495623968991595e+01 1.377564227169772160e+01 -6.349858283750820398e+00
5.173194075461401553e+01 -4.153452341332430109e+01 -6.241657530188345504e+01
5.138303978112055148e+01 -4.804312143434952986e+01 -7.546448197942667946e+01
7.474177822455459363e+01 1.066793749850797290e+01 -8.365340394766450061e+01
6.007114372856000273e+01 -3.211093236847370491e+01 -7.106269024018872926e+01
7.243516279085449128e+01 5.508677908446174598e+01 -7.207297910311896771e+01
2.569868103237096690e+01 -6.269250542100495949e+01 -4.250935538943177505e+01
2.345280807507353682e+00 -4.538765177648091509e+00 -1.296862415016691905e+01
2.425992751213619414e+01 1.232372415891068407e+01 -2.977044403565436070e+01
6.941315166016826765e+01 4.050187803047848689e+01 -6.264940990697102308e+01
4.194525761639499706e+01 4.127214349145838668e+01 -3.996124483786945802e+01
3.622707255478515975e+01 4.046448318047712434e+01 -3.824009835104688193e+01
2.275810427036126526e+01 -3.334949150353022418e+01 -3.213782390004360678e+01
6.624136365209425037e+01 -2.844258225195111400e+00 -6.102030669253547046e+01
1.413701577845270663e+01 -7.092243371107417715e+01 -4.493016148855723202e+01
3.300157406889182710e+01 -6.240084789486950001e+01 -5.786419225704619151e+01
4.142186043145516550e+01 -5.670400672233953543e+01 -6.542015000974097916e+01
3.044052150532020207e+01 4.081468132364759072e+01 -3.794207668514492582e+01
2.497672548876143850e+01 4.198023471597439027e+01 -3.887510851145334811e+01
2.136378430493570590e+01 4.273222217883185436e+01 -4.024537061618106293e+01
6.706096171169178888e+01 5.326969622876386978e+01 -5.598987618905016461e+01
2.536153517646295796e+01 4.888635693303987040e+01 -3.754578094012293832e+01
3.116355663817481414e+01 5.106589368718424993e+01 -3.646667762448048933e+01
3.710780755849109624e+01 5.151820454574903607e+01 -3.687616852264783773e+01
4.300745092098411959e+01 5.034344675907770750e+01 -3.861199193846041311e+01
4.665033794581773208e+01 4.841821326925001756e+01 -4.092078058595325274e+01
7.634111594529828437e+01 5.839687367115403305e+01 -9.101504213983889713e+01
4.576937001692429874e+01 4.252739441461160652e+01 -4.224613854498201704e+01
1.968685811893918114e+01 -1.495124914491959345e+01 -2.498733842243627024e+01
1.449189765143420239e+01 -7.759724117966821932e-01 -1.727398443503438230e+01
8.280444464079563360e+00 -1.258841033106341811e+01 -1.939586154772370818e+01
4.295284718979151961e+01 -5.015871656998766071e+01 -5.591892425810082301e+01
3.457149691977264894e+01 -5.646229695737682164e+01 -4.961102291369581252e+01
1.467205614394054791e+01 -6.742507857595171572e+01 -3.621989445130889607e+01
5.935153768377816874e+01 -3.787240497323880817e+01 -8.813644302248701479e+01
2.126139446211085371e+01 4.574045630832408449e+01 -3.911831820214883493e+01
1.062412388656869311e+01 2.753862260777554383e+01 -1.824756412409770334e+01
2.422455701848500098e+01 -6.733627656304422260e+01 -5.008128784139081802e+01
7.173717053470510052e+01 -4.738877310382381580e+00 -8.284145409639629065e+01
1.184620745230420624e+01 -3.108694459861853332e+01 -2.623290546148689728e+01
1.277091792388571712e+01 -3.273379869597873437e+01 -2.509942138001935419e+01
1.376548339903023965e+01 -3.539452742077148883e+01 -2.412184801014957714e+01
1.461717893022001391e+01 -3.882997651398609662e+01 -2.518493070984767002e+01
1.689476483994679867e+01 -4.437164232848217438e+01 -3.086851533344510656e+01
1.944187641939046074e+01 -3.034922255243857592e+01 -3.066493798206468924e+01
2.127743766264227077e+01 -3.006384626280135208e+01 -3.061533544527339501e+01
2.314899545756404819e+01 -2.916576944874474364e+01 -3.061466315451564313e+01
3.022592645325961058e+01 -2.453224905087661512e+01 -3.218768776520202124e+01
5.718635999647678148e+01 -7.186247255838672743e+00 -4.705716660844801424e+01
1.076336355303397418e+01 3.495921946876146080e+01 -2.431905340332374621e+01
1.434513098129096242e+01 4.881537036246014338e+01 -3.521467187908960739e+01
1.835863458970086981e+01 4.743978100471647963e+01 -3.782730972052617346e+01
1.814613717958952321e+01 -2.938153916922162168e+01 -3.139350566745539695e+01
5.713554474357900403e+01 -2.326689051086882998e+01 -5.755374757970084687e+01
8.568429605892024625e+00 4.946235026789722156e+01 -2.682473049080008565e+01
2.106404750955832128e+01 -5.067627936460914384e+01 -3.508314037788300510e+01
6.071620616781775226e+00 3.123338338369748968e+01 -1.368798756828918961e+01
1.453278735126194832e+01 1.597836228632594313e+01 -1.860988292553938805e+01
1.144077890642818041e+01 -5.409672933716721133e+01 -3.195997617974208183e+01
3.509583016085137785e+01 -3.933675902121269985e+01 -4.033144149274861689e+01
2.670421183255528419e+01 -2.905241606002443522e+00 -3.113320465989481534e+01
2.872879545238430410e+01 -4.595878421722965612e+01 -3.785802745968332061e+01
4.288766724939649322e+01 -1.527205166981848272e+00 -3.394615124006860896e+01
3.310933236358220455e+01 -9.792459168029783001e+00 -3.199571380170981172e+01
4.797689804784221934e+01 -1.271123832238555806e+01 -3.915587001001874512e+01
1.380680619098993844e+01 -6.165787171844979042e+01 -3.254961826185874685e+01
1.789157898251551515e+01 1.184296876721701963e+01 -2.349605411088491280e+01
4.091445693690742758e+01 -4.359566475501880234e+01 -4.740854642035576205e+01
3.275063927414179688e+01 -5.060161476607083841e+01 -4.361802373625403817e+01
4.016150010653307589e+01 -3.120777486769801357e+01 -4.087077876939397925e+01
6.377694896583657425e+01 -1.453924248059506219e+01 -6.364216094521039224e+01
4.857060753578831225e+01 -3.132652723381795923e+01 -4.803758116938549705e+01
6.752440799570182151e+01 -1.891550301710416093e+01 -8.009239629548257255e+01
3.798413958727505957e+01 -1.910420896347489261e+01 -3.490660213932248013e+01
1.447645143945225854e+01 2.270537551759273143e+01 -2.307329163073930189e+01
1.343944572331954035e+01 1.506329904910618911e+00 -9.066068166856199539e+00
1.699271439467721834e+01 -3.061719486440800386e-01 -1.643235265475987461e+01
1.114660594675912364e+01 6.322886693584802487e+00 -4.173626114984956281e+00
1.969464424383707879e+01 5.496716594239649112e+01 -3.285685330289992834e+01
3.053888681376326986e+01 5.879473555503761162e+01 -3.183033269045968439e+01
4.000954098632757905e+01 5.951603972517836638e+01 -3.256675691801691386e+01
4.787801157542192243e+01 5.850798120893816190e+01 -3.548077937368269374e+01
5.335609899167239689e+01 5.561663918432450515e+01 -3.986111160794968100e+01
5.737410533159916781e+01 4.344979698377105848e+01 -5.067641471866642888e+01
7.637280121149223078e+01 2.585515650756126860e+01 -8.187108487998759188e+01
5.244826209625504987e+01 3.296944544070588279e+01 -4.521862046507605015e+01
4.565850617839106462e+01 3.068590248323328495e+01 -4.108317073025955324e+01
3.675412899269386457e+01 3.064273689765980535e+01 -3.813887854290495483e+01
2.823092936630764527e+01 3.233307174304194831e+01 -3.678497050529984591e+01
2.163622095852501204e+01 3.478248124952087750e+01 -3.654660288794270429e+01
1.704599053423879695e+01 3.728459164796264247e+01 -3.603259514925087359e+01
7.618740936477063030e+01 2.631515473838182473e+01 -1.079644443088828893e+02
1.657169955522599381e+01 -2.111976558500916923e+00 -1.985790174347051362e+01
1.047323223025469119e+01 2.085663909657060344e+01 -1.323500230990172888e+01
9.360639550969594325e+00 1.231157806536692600e+00 -3.834011703389210268e+00
5.789761815341849527e+00 -1.950049474724490306e+00 -6.633263835186306245e+00
9.165245643181204827e+00 1.998940548298903386e-01 -7.135685200269524131e+00
1.466603306899723336e+01 -4.149916612371422175e+00 -2.216499653491271715e+01
4.839232685239668541e+00 -2.686003014940341771e+00 -4.855661541353460287e+00
4.127857517584942570e+00 -4.025918742355150570e+00 -1.288251477321503735e+01
1.720769037469434792e+01 4.294409371056164559e+01 -3.922281295951669478e+01
1.337589037461797403e+01 4.131124236425274887e+01 -3.513290630970174533e+01
1.130768948311993860e+01 4.013242500417823067e+01 -3.058096847502091720e+01
4.878039432224527872e+01 4.697385087512670765e+01 -4.338473028285954314e+01
5.211190529232499813e+01 4.929251036660697594e+01 -4.362355467049239621e+01
