4.494762611031741795e-01 -2.033998133554680976e+01 -1.518795342367564416e+01
0.000000000000000000e+00 0.000000000000000000e+00 0.000000000000000000e+00
2.870120010581374004e-01 -6.483056363426578095e+00 -1.626886379088494294e+01
-6.175014438047945475e+00 2.476721911654019692e+01 -8.746672883637263141e+00
-1.238868523005076799e-01 7.517999782812666787e+00 2.196297687361471684e+00
-4.835331636650033738e-01 1.765246695846531821e+01 -4.999182622607897253e-01
-8.257325341577215205e-01 4.193184592988492199e+01 -1.847723265273752347e+01
-5.045933523062964809e+01 4.403250265659588791e+01 -4.358152181014588677e+01
-1.145446502754916551e+00 6.241184684285094875e+01 -2.330603287026494641e+01
-1.320982605099504159e+00 7.263844229343710879e+01 -2.202897693732501949e+01
-2.032921329209885997e+00 1.044100130037679577e+02 -2.894182906016672518e+01
5.147301934213870389e-01 -2.358872957312481589e+01 -1.600781014835332883e+01
4.543745219885260145e-01 -2.613066523157090870e+01 -1.824209981648291645e+01
3.539854206238723933e-01 -2.715665096996576722e+01 -2.112655072395644851e+01
7.175582290623379045e-01 -2.820765367361031295e+01 -2.116402845174094338e+01
8.040973590782025671e-01 -3.109068537334183091e+01 -2.014421375322866936e+01
6.984051265920141471e-01 -3.476589689245545856e+01 -1.898057879373730827e+01
6.296699301783491576e-01 -3.846106473517166791e+01 -2.006536242655354485e+01
4.153901753697938348e-01 -4.457076780469006394e+01 -2.653727793206851970e+01
-1.378768877329374642e-01 -3.682389267456950499e+00 -3.335916255558493582e+00
-5.702718161113938145e+00 -3.093146878935991051e+00 -1.219895360669731410e+01
-7.480086423645911964e+01 7.226189227537108195e+01 -7.499161041596552479e+01
-3.091446083778964748e+01 3.739329349655818646e+01 -3.602403352422427218e+01
-3.765433591997787488e+01 3.676422313487979210e+01 -3.678016131056009641e+01
-4.406198215052879874e+01 3.712281569116769475e+01 -3.886876825344283048e+01
-5.282684122661022030e+01 4.157699287035645597e+01 -4.460239290723865224e+01
-2.503362832653835213e+01 3.935714685373418575e+01 -3.717153955199649573e+01
-4.019441682291117246e+01 5.771213758408463690e+01 -3.441741276663698557e+01
-3.281011663949767154e+01 5.688661127056170130e+01 -3.441426671983217034e+01
-4.696946822267673838e+01 5.660766733603548317e+01 -3.683463543239378879e+01
-5.159854702852526742e+01 5.373756255685649563e+01 -3.957687194920643492e+01
-5.764306822463976232e+01 3.672526667896743646e+01 -4.814752897389716679e+01
-2.384964885871281481e+01 -5.588050454542375434e+01 -3.429963395944305660e+01
-5.287270641037900987e+01 4.624473355960584087e+01 -4.589170561697049777e+01
-7.667297595977049696e+01 4.119397465792061297e+01 -7.706268345385311136e+01
-6.496308305283764639e+01 4.233850154446489711e+01 -5.501067506168579513e+01
-3.384981832350658237e+01 7.455845097040161740e+00 -3.036877537510315150e+01
-7.267921955996167860e+00 -1.956832899009334525e+01 -1.609624282629373937e+01
-6.148313300162005390e+00 -2.622863449468799146e+01 -1.907661175708636847e+01
-1.529891865054190170e+01 -2.215922621413828253e+01 -1.967960864593944947e+01
-2.033276075437584751e+01 -2.492943882802794064e+01 -2.377775902829772647e+01
-1.196106982934362861e+01 -2.694393762681459137e+01 -2.121706444802035207e+01
-1.627548423376340736e+01 -2.777453657311463431e+01 -2.517505892435663384e+01
-2.841023607985758304e+01 -3.491308779525039796e+01 -3.346174866096345113e+01
-5.480223122752938103e+00 8.147501112607935525e-02 -7.364771142103362367e-01
-6.490469625017894373e+00 7.414409388247355182e+00 1.196944431361321559e+00
-6.182155570244599119e+01 6.244531516984519470e+01 -4.268836118959352177e+01
-2.108035940586698942e+01 2.549797579278580528e+01 -2.941127926149108163e+01
-2.006442349508970580e+01 2.246780817122046692e+00 -1.650151663072713859e+01
-2.082741695967661144e+01 6.337241367996361063e+00 -1.840130085228897272e+01
-5.440118859395065698e+01 8.399623230861768874e+00 -3.897470755322496672e+01
-6.357522182070263206e+00 1.679957421697030995e+01 -2.530433649205841462e+00
-4.620916054772850856e+01 7.120002922901754516e+01 -3.194834316178917888e+01
-5.534025423408279920e+01 6.831268146352802262e+01 -3.718165116602402520e+01
-6.864596238932377048e+01 8.507888654040505116e+01 -6.239607469788099081e+01
-1.630602737183437512e+01 6.472716304458403158e+01 -2.555335740468203198e+01
-2.628348233001791812e+01 5.399931567725965209e+01 -3.600902995984565536e+01
-3.341313086721769565e+01 -2.889075542083364567e+01 -3.486224565965527233e+01
-6.668855753196821468e+01 -2.340780916085382657e+01 -9.334005819046966224e+01
-1.499634377383093486e+01 -1.691705036711851795e+00 -1.886763894530369612e+01
-9.606001759071752133e+00 -3.642547369109435440e+00 -1.873971058980465543e+01
-2.545829301687710000e+01 -2.876745598672610171e+01 -3.343368315153779946e+01
-2.276259038257871836e+01 -2.823532710166306003e+01 -3.163105544066626962e+01
-5.928240662214299306e+01 7.319866197332575553e+01 -4.022814857464220495e+01
-2.009627896246204770e+01 -6.799811291580412087e-01 -2.010718396359655102e+01
-3.363826435623397515e+01 7.070218879233839004e+01 -2.795434900710095860e+01
-3.495585389054235037e+01 7.661192176086166228e+01 -2.666847790291815201e+01
-4.156210818641368121e+01 1.015021621536594978e+02 -3.727602483770035491e+01
-6.414427449086601030e+01 7.903073023766985727e+01 -4.954678215557672161e+01
-3.746823626323814693e+01 8.895023471423290573e+01 -3.137201663464943024e+01
-6.586916435066039810e+01 6.567656687323264464e+01 -4.833566402325385525e+01
-7.047818377711664084e+01 6.841333497857254997e+01 -6.060013510483441479e+01
-6.831774917531810765e+00 -2.340947408968690979e+01 -1.676188364706672118e+01
-1.337191016310627489e+01 -2.514419108693329363e+01 -2.002776406731250702e+01
-1.825719043984135936e+01 -2.649430442955228671e+01 -2.393750955671286107e+01
-1.321322560647361044e+01 -2.812493661262949640e+00 -2.055187930247168282e+01
-2.394954871600072721e+01 -2.858169150196886577e+01 -3.257541818475673523e+01
-2.151080807268610329e+01 -2.958343676907912112e+01 -2.875961057077779159e+01
-2.235252602727897298e+01 -2.777411890082091972e+01 -3.152877673145492210e+01
-1.222928064062995901e+01 2.530431411220587234e-01 -9.844469675775814110e+00
-1.528093073115419998e+01 -2.724985356018013505e+01 -2.617326373546888973e+01
-1.076106662059402019e+01 -2.716427727841313455e+01 -2.370474199043104591e+01
-5.512830847013667324e+00 -2.713837599957458480e+01 -2.166188166640356982e+01
-7.852065415479405175e+00 -4.477930545620951364e+01 -2.699113684792755308e+01
-7.083920579803827167e+00 -3.830552967673284570e+01 -2.046253438421849324e+01
-6.678683650064358268e+00 -3.425703111505252707e+01 -1.955307972716979847e+01
-6.089107120910138171e+00 -3.073318325711677801e+01 -2.077411817288156470e+01
-5.595688250226854343e+00 -2.833859790231456444e+01 -2.177246243861061004e+01
-1.605587936010334360e+01 -2.819620491120122807e+01 -2.638205959646682075e+01
-1.699467428478260800e+01 -2.909263999251381705e+01 -2.544377404949729993e+01
-1.840167628808578115e+01 -3.096156558620517174e+01 -2.447023373971581961e+01
-1.958216167105151584e+01 -3.338682278451459950e+01 -2.554567854860045983e+01
-2.662486854171608286e+01 -1.762676264241864743e+01 -2.646171584795890652e+01
-7.448762715402577328e+01 1.103558690752476323e+01 -1.031515231378928235e+02
3.188268259232007185e-01 -4.890790383261586882e+00 -1.179892505615817377e+01
-1.901872903190093567e+01 -2.824137600849990193e+01 -2.924897052172358158e+01
-2.008632320756022338e+01 -2.867237548855596074e+01 -2.862761732570939799e+01
-7.431248263164609291e+00 -6.559288349640748805e+00 -1.805765976691294128e+01
-1.752530036396576918e+01 -4.705157521173568114e+00 -2.493930786485898921e+01
-8.456905948502322801e+00 -5.193361736814493312e+00 -1.834845786028886394e+01
-2.801461703927484947e+01 2.128829551139791221e+01 -3.166072049800668253e+01
-3.897517316204600490e+01 1.655980359221024401e+01 -3.400528500169838253e+01
-2.163851214313909210e+01 3.302976823667716832e+00 -2.207088450685063563e+01
-5.828840865160223927e+01 9.512382534638355480e+01 -4.909199898105052995e+01
-5.378022141518801646e+01 8.631535046673960210e+01 -4.002503832941900441e+01
-4.881899555762515064e+01 7.694667465718124788e+01 -3.289573135779934887e+01
-2.326412406667867927e+01 -3.906663783538797929e+01 -3.039588087577206110e+01
-1.859540584192743395e+01 7.453052930798905606e+01 -2.311417206128329127e+01
-2.061767708006531308e+01 8.853154188123194501e+01 -2.630924814301255665e+01
-2.336345760535614957e+01 1.040737234154665884e+02 -3.059929524344962104e+01
-4.964524716941601667e+01 3.862073415106838326e+01 -4.196783197513116903e+01
-6.450242385052574434e+01 3.153472104876778204e+01 -5.174725849631747820e+01
-2.124095951774831903e+01 4.139467720254007332e+01 -3.792717403327814196e+01
-5.846784483997281967e+01 5.151842175449301209e+01 -4.541865843658603552e+01
-1.648947521846092457e+01 3.028546782345768662e+01 -2.715056337111565909e+01
-1.656303054395674934e+01 4.735939173721122053e+00 -1.021891837805364922e+01
-7.129544523985263993e+01 2.690400588098696133e+01 -5.879913697668305872e+01
-5.993007417868195574e+01 2.615456060726188525e+01 -4.556759718769097134e+01
-5.121184433034667194e+01 2.327449443268708862e+01 -3.931903832792817610e+01
-3.823940333102085987e+01 2.448178026660769291e+01 -3.639937383364235757e+01
-2.883464018655961070e+01 2.750711789914866046e+01 -3.469315875140482319e+01
-2.184829206848084837e+01 3.097601119603437070e+01 -3.312220825297529103e+01
-7.252289864600942160e+00 4.006266822172174358e+01 -2.087175645864110862e+01
-6.961360826014185932e+01 1.173521294812595528e+01 -5.665522052775758510e+01
-6.393620857457018758e+01 5.304642255987363342e+01 -4.874016822652193071e+01
-3.393982147071943789e+00 -3.378133950301859034e+00 -3.712928498712799286e+00
-1.977351291482580820e+01 1.815346990227009272e+01 -2.641242509091204482e+01
-7.783078044361585057e+01 4.237188296550090172e+01 -9.863550539821653729e+01
-1.653644599366658596e+01 3.499265036274277918e+01 -3.217721403145154824e+01
-2.211015018330995474e+01 3.077663863463347305e+00 -2.839929937407748994e+01
-5.483908229754022301e+01 4.599326057598315742e+01 -4.714361381422892094e+01
-1.710593109573990134e+01 9.715872985648839943e+00 -1.268066590327049603e+01
-7.175158665455371931e+01 -5.899898290074788498e+00 -1.001393760670188300e+02
-2.135174718023138496e+01 4.422685938401652095e+01 -3.936395311403401820e+01
-1.211519639536891901e+01 1.409540131747303704e+01 -6.389785415947591751e+00
-5.228780965879402487e+01 -4.106685790873905972e+01 -5.808847720734404874e+01
-5.175226492589295901e+01 -4.775547403340760866e+01 -7.011018613154556078e+01
-7.504832741109920846e+01 1.101568464494775590e+01 -7.990371244133608286e+01
-6.093419223199997958e+01 -3.165716222748845254e+01 -6.657970823387816495e+01
-7.367704256064948254e+01 5.571471188848867229e+01 -7.061272181099093359e+01
-2.503658905956000780e+01 -6.207942546607889511e+01 -3.812560904728741207e+01
-2.126926976497172106e+00 -4.641270985712529829e+00 -1.228812612909106505e+01
-2.569840747323647889e+01 1.291475999054753387e+01 -2.889107471577527519e+01
-7.055531185952288808e+01 4.113634103746245785e+01 -6.137458328499857885e+01
-4.362509830519208975e+01 4.138520915285824486e+01 -3.930185219702183730e+01
-3.779075591602183692e+01 4.075165009824794993e+01 -3.754334484925252724e+01
-2.308099267710558422e+01 -3.101018777617228750e+01 -2.987903890717792166e+01
-6.744175787343847617e+01 -2.280513708565188313e+00 -5.846996097730539788e+01
-1.311614567574410017e+01 -7.015560114891187027e+01 -3.991788513488577905e+01
-3.253070998498102284e+01 -6.206374060766631118e+01 -5.265739343506284342e+01
-4.133349186319615853e+01 -5.645394630305955275e+01 -6.015504749442469290e+01
-1.690766511341517120e+00 8.777649969603331215e+01 -2.467526646457623940e+01
-1.758594324529716424e-02 -7.079653808871893261e+01 -3.800781765663705158e+01
-3.205661311149160753e+01 4.121516288294687769e+01 -3.727439353601744898e+01
-2.660006493730636379e+01 4.250977767050621026e+01 -3.808400824768509807e+01
-2.301656599377925971e+01 4.340257854649993874e+01 -3.938632522607048969e+01
-6.870523794541792029e+01 5.464401418403185318e+01 -5.542907286466755323e+01
-2.762296634270257201e+01 4.924733928675873074e+01 -3.705597934811535055e+01
-3.370058377951605166e+01 5.138489875145161534e+01 -3.637863116869000635e+01
-3.965750540371222854e+01 5.192177623739954129e+01 -3.678874084028431213e+01
-4.557991403273819486e+01 5.083652287239743117e+01 -3.857142939973086015e+01
-4.926518313246857872e+01 4.889111640643307055e+01 -4.071808199838007170e+01
-7.744034086264606742e+01 5.882531166417251711e+01 -8.843247768212137316e+01
-4.761977460991167277e+01 4.259901153396055662e+01 -4.162576188179581038e+01
3.822614791242305854e-01 -1.068651514503074296e+01 -1.751293031819364998e+01
-2.077343370177437265e+01 -1.397762913782968042e+01 -2.374549511104774879e+01
-1.522134918758494493e+01 -7.113886187359919067e-01 -1.664904874539865531e+01
-8.277616880326970517e+00 -1.156980986492382080e+01 -1.804956421422320290e+01
-1.121023623247380030e+00 5.213963268792441141e+01 -2.325740576480787780e+01
-4.302034862690356931e+01 -4.962513673976341266e+01 -5.177199117070743029e+01
-3.436385958888561021e+01 -5.594487346023522178e+01 -4.534438832366437566e+01
-1.377542934188650747e+01 -6.645656798600090553e+01 -3.195139392178580806e+01
-5.980159266016548969e+01 -3.746848565982486434e+01 -8.248124639516817069e+01
-2.324821160520289709e+01 4.619619938154969674e+01 -3.835038877114583045e+01
-1.154115091893071288e+01 2.812340924445248902e+01 -1.832570188825726376e+01
4.876241128422997839e-03 -6.689468015432900927e+01 -3.018278279490640870e+01
-2.344745271775338935e+01 -6.689124725942789951e+01 -4.488603534111381066e+01
-7.229446722103988066e+01 -4.437991104072497528e+00 -7.881441608639696028e+01
-1.121764029050988043e+01 -2.815463945799725920e+01 -2.383820998015866266e+01
-1.219877211747354195e+01 -2.987056943704645207e+01 -2.269785717296554139e+01
-1.322788422055101343e+01 -3.269324524920504871e+01 -2.154412805249890184e+01
-1.396527549967561121e+01 -3.632219995868632623e+01 -2.241633157187640535e+01
-1.641287917018203046e+01 -4.253027755252633568e+01 -2.776115251747244272e+01
-2.016393927708197964e+01 -2.817442282954181110e+01 -2.869789367315614470e+01
-2.201286239593031269e+01 -2.780645517646175691e+01 -2.862206429417143028e+01
-2.400374687793720696e+01 -2.691424664476057060e+01 -2.856041845887856567e+01
-3.119852463066273174e+01 -2.284589248751692736e+01 -3.033633247051553994e+01
-5.867768276042409781e+01 -6.435839387875420314e+00 -4.555201822400977107e+01
-1.177793985610090743e+01 3.565442522133614034e+01 -2.446515551494277219e+01
-1.588258115979232699e+01 5.007280018358735418e+01 -3.515578923788324772e+01
-2.020198010619423101e+01 4.851711972766072023e+01 -3.739378029306361384e+01
-1.902590031835109841e+01 -2.726562010219173615e+01 -2.924801336988987188e+01
-5.829756992868409071e+01 -2.264273542144174556e+01 -5.449103716019992305e+01
-9.919776649818965453e+00 5.091219524306847433e+01 -2.732827286039290016e+01
-2.054743704521127512e+01 -4.931170510720719591e+01 -3.159090684433290974e+01
-5.837350568181660648e-01 2.592662644446470566e+01 -6.701763402195065389e+00
-6.886255635876896264e+00 3.197593979935556874e+01 -1.423306753948002168e+01
-6.641329422796827808e-01 3.357184688322546862e+01 -1.274989882291109389e+01
-1.565737155747854636e+01 1.643686948980094442e+01 -1.829643292191562409e+01
1.284506985343965013e-01 -6.054843925294927232e+01 -2.663954515005366375e+01
2.979566051891786582e-01 -5.219431816051010031e+01 -2.668299511622677400e+01
-1.035258867316725606e+01 -5.235632230409201071e+01 -2.817701213501446134e+01
-3.533473420472535764e+01 -3.784866557174235169e+01 -3.772986533141277476e+01
-2.787107161154299817e+01 -2.268777604851533791e+00 -3.005774498807639006e+01
-2.866516330913163557e+01 -4.457476759644092112e+01 -3.486116699026200649e+01
-4.431661634251623383e+01 -7.216536687792565186e-01 -3.305305566521879257e+01
-3.425130506327804625e+01 -8.893323757219773640e+00 -3.080243611059216136e+01
-4.944006635462410060e+01 -1.183265165092283766e+01 -3.757839753983738973e+01
-1.277094890845591202e+01 -6.036147794763075325e+01 -2.854665622551211612e+01
-1.926718661800066812e+01 1.230738989049549836e+01 -2.277659391096470287e+01
-4.108409862872849772e+01 -4.269883790682033009e+01 -4.416311090957960062e+01
-3.243349518633193895e+01 -4.969529697404436064e+01 -4.009568353354838166e+01
-4.079850717700977469e+01 -2.972132339985627780e+01 -3.846660685639550792e+01
-6.496954441148298542e+01 -1.397905844815632470e+01 -6.058312739648047085e+01
-4.961469392164460146e+01 -3.041100482094424606e+01 -4.538422164623002431e+01
-6.820159580219831241e+01 -1.861530271724938146e+01 -7.562223621035236931e+01
-3.912383827949498283e+01 -1.775260872155531899e+01 -3.343318271344703874e+01
-1.560635186191289847e+01 2.322279458700142740e+01 -2.262848492010874679e+01
-1.438577967183745443e+01 1.390633257697157621e+00 -8.731774362219654861e+00
-1.799721529925851371e+01 -1.803418072225817792e-01 -1.589043658416307636e+01
-1.187883876769340397e+01 6.349017955746595554e+00 -4.392819270905763851e+00
-2.172313324082679742e+01 5.717356137454982701e+01 -3.320991611870825722e+01
-3.274154922327321060e+01 6.166578141416099612e+01 -3.273804651306867441e+01
-4.228234582960090648e+01 6.254446618364316635e+01 -3.354732254944951819e+01
-5.021640239877591938e+01 6.114826757405545976e+01 -3.633161110554107864e+01
-5.574609908182257811e+01 5.770290149515724210e+01 -4.033681783295389067e+01
-5.919425100130514750e+01 4.422683251582981256e+01 -5.011774994586120613e+01
-7.687536041072482362e+01 2.617743330281875558e+01 -7.864404466762916002e+01
-5.401277452464744755e+01 3.347525711068291088e+01 -4.446633367851601548e+01
-4.702550241580834012e+01 3.118065295553126504e+01 -4.050365310803262986e+01
-3.813370529664680930e+01 3.118487379504358614e+01 -3.763713994107227023e+01
-2.972879793932531811e+01 3.288923945511454860e+01 -3.590146959420899009e+01
-2.302962357110822111e+01 3.543494534311257382e+01 -3.614172295152404502e+01
-1.845899186816000892e+01 3.794433672675443603e+01 -3.553571149521357597e+01
-7.623811939800077653e+01 2.690550149762004750e+01 -1.029989781701250990e+02
-1.760129618156383913e+01 -1.856114378943036991e+00 -1.908961292481865613e+01
-1.122863174483762450e+01 2.134390189951924910e+01 -1.316567563949932484e+01
-1.000398914015470631e+01 1.024333184051167578e+00 -3.777285439163646785e+00
-6.543374870004177168e+00 -2.212682794759814886e+00 -6.443074944704165752e+00
-9.927581721556490990e+00 -5.009708872551038583e-02 -6.880841176010124016e+00
-1.567153430123174651e+01 -3.780535835251680687e+00 -2.136691954640773261e+01
-5.388125140540394042e+00 -2.902775581334928301e+00 -4.719309056962323723e+00
-4.240087983438128205e+00 -4.171382166501401478e+00 -1.228915611207580838e+01
-1.875181647322247258e+01 4.382684841576567436e+01 -3.863705522499006406e+01
-1.483991092932116196e+01 4.214501545389878601e+01 -3.486912059357622695e+01
-1.254153331513294312e+01 4.095556614961933661e+01 -3.073734755436501942e+01
-5.135463886266697386e+01 4.743972457272744236e+01 -4.302223411809156062e+01
-5.475669923630838554e+01 5.059700973195694473e+01 -4.341574060577939065e+01
4.945331601616012485e+00 2.489795491100388958e+01 -8.994370844199194082e+00
4.569286353070847184e+01 4.411579330073616489e+01 -4.359522299537216838e+01
5.584720867185403392e+00 -2.904937086100509269e+00 -1.206199893125893396e+01
6.681802378663560660e+01 7.171539812929724178e+01 -7.566787319078353846e+01
2.636878589824121732e+01 3.733236753553973131e+01 -3.663047497582546441e+01
3.287123775079557220e+01 3.684735120674842790e+01 -3.727397816290071830e+01
3.908719111137681779e+01 3.741087703633657924e+01 -3.920652276212291554e+01
4.737402917620423182e+01 4.184420003372777330e+01 -4.487400249911179628e+01
2.118364578857937630e+01 3.922614863720338718e+01 -3.743356865742941864e+01
3.486834821264226036e+01 5.731349219521241167e+01 -3.474647343521245801e+01
2.782592139924620511e+01 5.651578550315365135e+01 -3.445183703333410108e+01
4.159967740997598185e+01 5.623485811922788002e+01 -3.702643127844358162e+01
4.604364992355147734e+01 5.345819631079697132e+01 -3.954464903957808275e+01
5.196535724242090026e+01 3.735707894686899522e+01 -4.818231847705939686e+01
2.244248204104188815e+01 -5.382570636247923090e+01 -3.386114141331138683e+01
4.796800419612240063e+01 4.624473355960584087e+01 -4.589170561697049777e+01
6.928612850495915154e+01 4.182051630036924905e+01 -7.766783023078383508e+01
5.865928627765379844e+01 4.294845323176230067e+01 -5.501204980498213359e+01
3.055251920644833774e+01 8.583465821191602174e+00 -2.989597205065157937e+01
7.738228635688945367e+00 -1.899872133760612058e+01 -1.619603209742225758e+01
6.524524017934082210e+00 -2.571595027947730472e+01 -1.915904228407949361e+01
1.502361424789848954e+01 -2.087611948639282389e+01 -1.992383576049536487e+01
1.942749291662576638e+01 -2.327247817204383651e+01 -2.431547743572782849e+01
1.161209406044617509e+01 -2.593850162766777601e+01 -2.167207313580177086e+01
1.562015596243649540e+01 -2.641447279401864634e+01 -2.569073046002322158e+01
2.671709155631041810e+01 -3.280495626396599818e+01 -3.352819918860544846e+01
5.101157921679852159e+00 2.596096981889563504e-01 -4.878755781575091488e-01
5.804249050184128400e+00 7.588043634307760854e+00 1.526673940801361207e+00
5.540819792147508593e+01 6.226149094429955966e+01 -4.250299003671329956e+01
1.795381517337805732e+01 2.590529783012737397e+01 -2.963296732512889164e+01
1.832148425548601267e+01 3.235206842738597377e+00 -1.653771879471153738e+01
1.858116974355929329e+01 7.306820572376619083e+00 -1.845478205298347163e+01
4.916708024091199292e+01 1.007698350035543555e+01 -3.866955381140874692e+01
5.373393185621936574e+00 1.695144380253930549e+01 -2.672924710709820850e+00
4.137614275641253414e+01 7.048840985398604175e+01 -3.084705008715117813e+01
4.973617561974674572e+01 6.783496075332976716e+01 -3.641081336586805861e+01
6.103073283953038697e+01 8.427297161383224022e+01 -6.266796874264384343e+01
1.342099387865375348e+01 6.446586750946818256e+01 -2.505981901151952584e+01
2.200451786648524433e+01 5.368063543529616055e+01 -3.622299589619953508e+01
3.150413888332608181e+01 -2.660459567584416618e+01 -3.528682243710498767e+01
6.014273366449448588e+01 -2.041119628572370814e+01 -9.463844330056585363e+01
1.407804196914898220e+01 -9.106063145164664530e-01 -1.868607353531504600e+01
9.358677276001946765e+00 -3.152727945242504770e+00 -1.808796123244942677e+01
2.456620574268248802e+01 -2.676821807477686477e+01 -3.457316770341792278e+01
2.144989720119395926e+01 -2.642849568509985048e+01 -3.252417841186623093e+01
5.319876986058064006e+01 7.255744905472701589e+01 -3.940208671554164255e+01
1.832526359384108616e+01 4.036096259778803041e-01 -1.998090349842516389e+01
2.974111655798307297e+01 7.014263780495799949e+01 -2.678889440427425583e+01
3.086220199065849812e+01 7.594261000351048096e+01 -2.542909925184443409e+01
3.571589392807751295e+01 1.007208570026942738e+02 -3.708719556723803379e+01
5.713386508760336113e+01 7.836044717774559842e+01 -4.908006531535390593e+01
3.278792899145253870e+01 8.821670624768903224e+01 -3.077607099903516641e+01
5.913022985093412842e+01 6.541787161245498794e+01 -4.814539587554317279e+01
6.307912614275533514e+01 6.803142772792720905e+01 -6.072384677652681972e+01
7.273466199328969317e+00 -2.288634062888729659e+01 -1.694382075985345182e+01
1.321340262495756335e+01 -2.398896923631845368e+01 -2.046016250423799931e+01
1.755855212130788345e+01 -2.494655447289078154e+01 -2.437904339725826119e+01
1.261359483183020735e+01 -2.100963684240201967e+00 -2.016852769562891368e+01
2.292828779590892552e+01 -2.667825500039954889e+01 -3.340711494722822295e+01
2.055267102519334088e+01 -2.788571062628053809e+01 -2.916797286007644274e+01
2.074542183936965856e+01 -2.605940108319810378e+01 -3.239931390306259118e+01
1.115572835017706943e+01 7.708921620562291244e-01 -1.023388423373264544e+01
1.417053609066422304e+01 -2.601625014409797743e+01 -2.679769359801933959e+01
1.023054321251186494e+01 -2.631688917280522588e+01 -2.416055137659441243e+01
5.606393161945901760e+00 -2.672517102907985986e+01 -2.197972862992237708e+01
8.078894267167306964e+00 -4.412433559928197724e+01 -2.661598746773701762e+01
7.738211433043225007e+00 -3.769112321838535706e+01 -2.037960595688409171e+01
7.591136497326923305e+00 -3.371646720487602522e+01 -1.958933423095177417e+01
7.196810284029462323e+00 -3.024574351729011568e+01 -2.097094387000467464e+01
6.583415215402321330e+00 -2.788007064371738508e+01 -2.203604861049798203e+01
1.554890254120088855e+01 -2.698536882096861333e+01 -2.674068014575128416e+01
1.635501092792738120e+01 -2.779165538344149766e+01 -2.551129313812224098e+01
1.753985611368606357e+01 -2.954290741889211702e+01 -2.441542726777478123e+01
1.879591744892673333e+01 -3.181142701680678897e+01 -2.563309593587372603e+01
2.513544011131757117e+01 -1.600113685608898351e+01 -2.643808036580522725e+01
6.827179679743464646e+01 1.265827635758655667e+01 -1.045258739275503643e+02
1.799637090032888054e+01 -2.683354174818490279e+01 -3.006926041094370916e+01
1.916876335075045290e+01 -2.712511897393604698e+01 -2.924400309313573132e+01
7.560463895790164202e+00 -6.105865716648269270e+00 -1.787414890145963753e+01
1.659953344283272614e+01 -3.634158792311234176e+00 -2.432370967454065891e+01
8.421299411938514723e+00 -4.744245566982822737e+00 -1.788004513909788784e+01
2.453449769252723911e+01 2.191188809226730072e+01 -3.185187605259193688e+01
3.504598301229972890e+01 1.753761347975010665e+01 -3.383288105125643597e+01
1.952518639683719925e+01 4.395360551905132418e+00 -2.203204999591729774e+01
5.122850376150620377e+01 9.417100232080227329e+01 -4.881037326791184228e+01
4.770571248232287331e+01 8.546253097222685824e+01 -3.914115950087140305e+01
4.371194400728935392e+01 7.616803278210005601e+01 -3.178206892254236138e+01
2.194560489784041124e+01 -3.720559432763644736e+01 -3.040181830804206697e+01
1.532903757297222747e+01 7.409711514697485768e+01 -2.239460974622514655e+01
1.671380116076397471e+01 8.815210880744191968e+01 -2.591420370821549568e+01
1.842702483518312206e+01 1.036553691799935137e+02 -3.014244719742934464e+01
4.437877205836512218e+01 3.896678179235127004e+01 -4.218788535848620569e+01
5.824354685872324211e+01 3.250656045578724473e+01 -5.170698918661237542e+01
1.796505588349238280e+01 4.122537533973437718e+01 -3.846734993052366036e+01
5.253230688792981340e+01 5.156390835788674565e+01 -4.553927580657753538e+01
1.372655899705786808e+01 3.052069087765954691e+01 -2.747491011444088471e+01
1.494231315121792747e+01 5.392764356436819284e+00 -1.020665253944258133e+01
6.436872367391816852e+01 2.818867926278226577e+01 -5.919754151494851868e+01
5.411089093070809497e+01 2.724464947092274869e+01 -4.561594175962379438e+01
4.602651748759863892e+01 2.432629893333716709e+01 -3.928822916860453773e+01
3.407960221700850667e+01 2.517423105833275443e+01 -3.655635133318273944e+01
2.511806148504235736e+01 2.791235844491068008e+01 -3.503516930647561622e+01
1.850749687026312884e+01 3.118523883253892848e+01 -3.332964248428734066e+01
5.435660531145263263e+00 4.009244901060208832e+01 -2.096694151260574301e+01
6.305243861605184463e+01 1.362306014207490179e+01 -5.718124545381127888e+01
5.739159666109745217e+01 5.322738302153778278e+01 -4.891701473233420217e+01
2.946055729193354455e+00 -3.299489825108917973e+00 -3.752365067037088497e+00
1.713653355159160796e+01 1.872816174843972092e+01 -2.670663594380713590e+01
7.102411716334775349e+01 4.272602591102418046e+01 -9.983948664198322831e+01
1.380491114699639610e+01 3.508780700441958089e+01 -3.251201456198919715e+01
2.028938693143807370e+01 4.199466995650735335e+00 -2.813589217322638447e+01
4.963239413423659130e+01 4.604748048647908831e+01 -4.738134223486490981e+01
1.491612197577337007e+01 1.039288793882072071e+01 -1.262793758561719848e+01
6.526451919381848654e+01 -3.607647456407609532e+00 -1.014057389598623047e+02
1.798747719890195640e+01 4.402436941138807924e+01 -4.019447235767665916e+01
1.039209688696988820e+01 1.449594997618733139e+01 -6.463466337943396312e+00
4.716664354822036387e+01 -3.753125158092032621e+01 -5.828213822766078067e+01
4.633119574786758221e+01 -4.409906873600732524e+01 -7.073279229161035175e+01
6.855843745399208444e+01 1.296419425048643603e+01 -8.074654076514765677e+01
5.480963363335296634e+01 -2.828673961117432256e+01 -6.703571108832926484e+01
6.657747794215991632e+01 5.576137106622469020e+01 -7.113435782466524415e+01
2.349514775296955094e+01 -5.976854655094097524e+01 -3.800722402869619998e+01
2.741465158769025301e+00 -4.570612382845758326e+00 -1.216737634464339202e+01
2.261633815263267877e+01 1.375620390246067792e+01 -2.886099277580346723e+01
6.365558025076713733e+01 4.183025155454603805e+01 -6.164663176328773631e+01
3.911495622404198969e+01 4.140682287137826734e+01 -3.956220328560583255e+01
3.329502379882249841e+01 4.062992955310809151e+01 -3.802810644153907305e+01
2.209488807622517470e+01 -2.920234688192405059e+01 -3.034282962651621673e+01
6.102978136756080829e+01 1.692908777011842281e-01 -5.879973952685254091e+01
1.260241101582070655e+01 -6.886178703897871856e+01 -3.995801038772656710e+01
2.994073035212263179e+01 -5.903504840944891896e+01 -5.316593135758327549e+01
3.736876144469202643e+01 -5.290367575207406503e+01 -6.083714755569901200e+01
2.771247244668494503e+01 4.100142546541542288e+01 -3.776784501183987430e+01
2.271203661921416028e+01 4.227701546948859601e+01 -3.873907245869269644e+01
1.962112884055613904e+01 4.317387792534395885e+01 -4.018403731452738725e+01
6.173310791413568666e+01 5.480834651818429393e+01 -5.562488702782734151e+01
2.304904565599812472e+01 4.903745003353368048e+01 -3.762269919322839229e+01
2.835693747672197418e+01 5.114995637652216232e+01 -3.670748438356370968e+01
3.425029828318833580e+01 5.174110218484161550e+01 -3.706466468470773634e+01
4.026298974353494486e+01 5.073074932657015523e+01 -3.860529416375688072e+01
4.403311322751896029e+01 4.886019443563957765e+01 -4.066298140735177924e+01
7.025435391836373356e+01 5.864439609242375440e+01 -8.923621447060965295e+01
4.303998114706160294e+01 4.271208044521612379e+01 -4.174972209191454198e+01
1.973047716597675816e+01 -1.259691135283302543e+01 -2.358777280842888757e+01
1.426472669653439063e+01 8.177728709314380229e-03 -1.639048025836829936e+01
8.443333015075962678e+00 -1.100564387743248496e+01 -1.796234823550405935e+01
3.916216358769232642e+01 -4.627379039794182347e+01 -5.164781598226042547e+01
3.149391484511725992e+01 -5.289083625044899151e+01 -4.516525332555883665e+01
1.308173500188589422e+01 -6.521595665172317524e+01 -3.167000238731387540e+01
5.360921528800910352e+01 -3.407554580208208961e+01 -8.351167866811474028e+01
1.956739157273675289e+01 4.607312312929931153e+01 -3.922735544726220525e+01
9.594265127967966933e+00 2.833032551271951505e+01 -1.845656855470436852e+01
2.205559996894184138e+01 -6.454974993478018064e+01 -4.527433679023141622e+01
6.562722405028095807e+01 -1.834829669279347764e+00 -7.942717147067411076e+01
1.159513794549094001e+01 -2.731425663447197394e+01 -2.415050669515374082e+01
1.248245621759666335e+01 -2.893212714843144084e+01 -2.292006043555700501e+01
1.325498170219108474e+01 -3.161870322883332562e+01 -2.170219102211263618e+01
1.400997824302408823e+01 -3.516748601658253648e+01 -2.262047695658752389e+01
1.570289524100623879e+01 -4.117896762181131720e+01 -2.771369591875675553e+01
1.902168601534705417e+01 -2.657299555607751884e+01 -2.942023837167307576e+01
2.097904559588817719e+01 -2.604981602076152214e+01 -2.940823836308374695e+01
2.278942929687385899e+01 -2.503360295686198000e+01 -2.939378490023998225e+01
2.945214016267170010e+01 -2.082559775641539090e+01 -3.067975976578076214e+01
5.294537616851431494e+01 -4.117004482388077591e+00 -4.509213307793915249e+01
9.579195137376792957e+00 3.575958474276234966e+01 -2.462721526453399079e+01
1.310613595408806376e+01 4.992838361166728589e+01 -3.521926744914888019e+01
1.683870940399261684e+01 4.830096995003341931e+01 -3.808867008273806931e+01
1.761442111850325531e+01 -2.577496934361731107e+01 -3.008969774405656850e+01
5.278533600261997094e+01 -1.968186760355566278e+01 -5.440029440976623931e+01
7.432119839697434394e+00 5.084087964888610855e+01 -2.730236667810612872e+01
1.926807631736946647e+01 -4.755241811305420896e+01 -3.116598791795681933e+01
5.257001464399873036e+00 3.205449612860065400e+01 -1.422522166901581286e+01
1.348034828134304597e+01 1.694306037646143892e+01 -1.829741045850353132e+01
1.016937676633317622e+01 -5.144471171480402916e+01 -2.770975043027691953e+01
3.271696929610649818e+01 -3.532281004342410569e+01 -3.735828010480382488e+01
2.578844251831197454e+01 -9.343103080712438224e-01 -2.952577351362002389e+01
2.648081995969631564e+01 -4.228283725575099083e+01 -3.433589673985925117e+01
4.024566432186362874e+01 9.419555389416032209e-01 -3.212559672706900216e+01
3.175808609548913353e+01 -7.312771018158729319e+00 -3.028610555618345046e+01
4.491460260252467407e+01 -9.618108725243065038e+00 -3.683387460242374800e+01
1.234245362541483715e+01 -5.926136444904011569e+01 -2.826436387234594250e+01
1.673438759709090107e+01 1.304650007366740283e+01 -2.286643692944891626e+01
3.776393438053212037e+01 -3.969983576293223138e+01 -4.378971952095655240e+01
3.013942412161880924e+01 -4.697973778963521596e+01 -3.949849638738037072e+01
3.783790585578895360e+01 -2.715034044803246616e+01 -3.836399512509054688e+01
5.867855586677224977e+01 -1.116881644541521013e+01 -6.071294329382021715e+01
4.508345794062378786e+01 -2.741686148923789190e+01 -4.505675122628962725e+01
6.163947359361031886e+01 -1.556722302585913198e+01 -7.634912234541324949e+01
3.621452455033747242e+01 -1.571776979393211171e+01 -3.302520354478743059e+01
1.328121616659711712e+01 2.359315406981463425e+01 -2.296131123165505983e+01
1.299893704179992859e+01 1.954530405170485485e+00 -8.873215645887912117e+00
1.656614078017330272e+01 7.014572640095161349e-01 -1.562791263378563755e+01
1.088878445664018635e+01 6.730146672841112121e+00 -4.319014196754945800e+00
1.836877112687621860e+01 5.696483584210534445e+01 -3.316012804164240890e+01
2.858433855520556222e+01 6.130494045650336687e+01 -3.234962545837736059e+01
3.756672803622748091e+01 6.203156703653282023e+01 -3.315222798239167901e+01
4.503200558353861283e+01 6.075358050277498734e+01 -3.609547821936629219e+01
5.006760378734792027e+01 5.745425845684292199e+01 -4.021227857705952147e+01
5.341798159509745858e+01 4.454256319169688538e+01 -5.016467582233548939e+01
6.986996178853918593e+01 2.741555208344979988e+01 -7.965772808315881548e+01
4.864634204261616190e+01 3.415240787753312901e+01 -4.456453962490208198e+01
4.210566320325414580e+01 3.182707912749490475e+01 -4.055771929811190546e+01
3.368686428809466094e+01 3.155127202353052596e+01 -3.782068433217624914e+01
2.555304744628317337e+01 3.307242812540847154e+01 -3.626039827332243703e+01
1.951872020122710438e+01 3.548281778286919774e+01 -3.631450782160038671e+01
1.537969789550128574e+01 3.791359239712139839e+01 -3.582605588230064342e+01
6.972045421099160478e+01 2.780580274386874251e+01 -1.044425521722426282e+02
1.625920443161343343e+01 -9.289358930704836315e-01 -1.884687286484152935e+01
9.692541284361192666e+00 2.168407810186215201e+01 -1.337491393259976746e+01
9.199355937984627474e+00 1.340751335900323804e+00 -3.657982372123785630e+00
5.680815530770182420e+00 -1.971528612880072640e+00 -6.235185137561836122e+00
8.961994426312873685e+00 3.227107083745868188e-01 -6.859569845921653197e+00
1.464728228029408363e+01 -2.856520089627993197e+00 -2.086622830762912884e+01
4.777297506891438061e+00 -2.758722071150897737e+00 -4.542224856545084677e+00
4.481765152278696540e+00 -4.009965740146617996e+00 -1.209369429923662054e+01
1.582193679806778164e+01 4.360607182841226148e+01 -3.909295326225335998e+01
1.203753789515944383e+01 4.201834967986876990e+01 -3.507908929807311438e+01
1.007580996371463478e+01 4.089742669708628142e+01 -3.081906578470612956e+01
4.625372649395146141e+01 4.744482149002350724e+01 -4.297248607731407333e+01
4.917301815221252070e+01 5.052662478811711821e+01 -4.328188082813804272e+01
