-6.057491265703789374e-01 -2.032756437606523292e+01 -1.933159819261600632e+01
0.000000000000000000e+00 0.000000000000000000e+00 0.000000000000000000e+00
-4.396745198347130623e-01 -5.270638983966692059e+00 -1.817376909260934070e+01
-6.465575207340886976e+00 2.486705716487746542e+01 -4.383113837975293414e+00
1.998122633443174534e-01 6.963006914745752951e+00 3.339782608631173488e+00
-2.718827176511626753e-01 1.711261012924406444e+01 2.168776784050737927e+00
-9.524251986049465657e-01 4.315951072184597592e+01 -1.087490520325679455e+01
-5.354399758905794471e+01 4.964409193221952421e+01 -3.548386825144716283e+01
-1.265294575799604360e+00 6.629021068107329029e+01 -1.219960594651381847e+01
-1.182921647730330150e+00 7.698130537262322548e+01 -9.001786077056758373e+00
-9.806816826632758222e-01 1.115587949450375191e+02 -8.019593581807759719e+00
-6.881569940007068453e-01 -2.361599646661678875e+01 -2.080675993902920951e+01
-8.509346282052137056e-01 -2.620822845064342843e+01 -2.372254983347783508e+01
-1.067083107881512838e+00 -2.728768847086798033e+01 -2.710238498362179627e+01
-3.962637173571597060e-01 -2.825565230330359512e+01 -2.857818754661311189e+01
-2.794944226797468900e-01 -3.172871169115943601e+01 -2.826302650774395175e+01
-5.839036541887088205e-01 -3.581171758652514825e+01 -2.806691608479925648e+01
-8.994319005456281602e-01 -3.958847510553938065e+01 -3.047189057665011802e+01
-1.746580207743080315e+00 -4.388404667995272490e+01 -3.896124766119284999e+01
-5.880103328229595583e-01 -3.095704379495631819e+00 -4.024954516742052846e+00
-6.446718094354410233e+00 -2.253051648849128341e+00 -1.321008636006615156e+01
-8.385704407796062299e+01 8.590453442089486202e+01 -6.166826152583188048e+01
-3.282532650146397657e+01 4.333984200583951463e+01 -2.882678890770877089e+01
-3.989027937156871673e+01 4.264131651470507478e+01 -2.985890604635262946e+01
-4.694168654301255117e+01 4.285173893240448706e+01 -3.206592381886745358e+01
-5.703424595699879518e+01 4.786403895451675794e+01 -3.744281639993155153e+01
-2.656655964935647063e+01 4.512816842212272661e+01 -2.974602986371984770e+01
-4.375914257382869721e+01 6.350666288560270090e+01 -2.455824076069671946e+01
-3.581735770679877362e+01 6.255312777974202021e+01 -2.455067137116435916e+01
-5.083936232419396362e+01 6.263377455163662688e+01 -2.755883637753521498e+01
-5.560773452513068094e+01 6.005502080925196395e+01 -3.074213734633709194e+01
-6.299707169743288659e+01 4.343346215799746801e+01 -4.184858873817726277e+01
-2.831123413508259290e+01 -5.258706170777495004e+01 -4.961835068275190253e+01
-5.656486975570906850e+01 5.188003095262705955e+01 -3.765862631253421711e+01
-8.595909450830401966e+01 5.284356477506040051e+01 -7.060077540603369073e+01
-7.156156554488272548e+01 5.056083646398039377e+01 -4.787810066516451002e+01
-3.685550420131087179e+01 1.075663965085493601e+01 -3.082907293106746849e+01
-8.316362367492780905e+00 -1.947546579432961167e+01 -2.028420464042686788e+01
-7.373129993904258050e+00 -2.627889898341239672e+01 -2.457007522648514097e+01
-1.668904694607184780e+01 -2.186308427444746982e+01 -2.440049011319789329e+01
-2.189618014317398575e+01 -2.396305153423926271e+01 -2.890440003455029938e+01
-1.346939089186004423e+01 -2.671715585993720055e+01 -2.667593725571082786e+01
-1.768025051565834360e+01 -2.702153857018877403e+01 -3.084717662435869912e+01
-3.163499845245406306e+01 -3.291499718529229312e+01 -4.258029300747593027e+01
-5.644400708600898042e+00 1.462463780238341116e-01 -8.658017994950080176e-01
-6.562356019785536176e+00 6.950766270778094835e+00 2.162692840748525747e+00
-6.690325482195680706e+01 7.031456666151623836e+01 -3.215661259790103088e+01
-2.331395990065206192e+01 2.926558133511198534e+01 -2.557990165552163120e+01
-2.190684907891969146e+01 3.719469293739767313e+00 -1.674165345440561836e+01
-2.301344424980064218e+01 8.164283310082410594e+00 -1.815971637596585708e+01
-5.967176345941668103e+01 1.287841566255432824e+01 -3.904622630598759514e+01
-6.525098885483485489e+00 1.647991438730194602e+01 2.005787901306114729e-01
-4.933218385519983684e+01 7.772063859748310222e+01 -2.037962983733003597e+01
-5.927080489569869570e+01 7.543168141726144427e+01 -2.593401522259118863e+01
-7.585066087577358473e+01 9.731481364184563176e+01 -4.616949814579223244e+01
-1.766148712949157584e+01 6.942942187618253058e+01 -1.431071523705972659e+01
-2.876403543718492628e+01 5.963189904393905039e+01 -2.626092062446889130e+01
-3.645836416551743042e+01 -2.690133136224998367e+01 -4.226886467331885200e+01
-7.709675900582782049e+01 -1.203697740564022567e+01 -1.029843310296195824e+02
-1.625634106173955473e+01 -3.016090331762057986e-01 -1.942789773342897419e+01
-1.039767683841223622e+01 -2.480360853689220768e+00 -2.034698300410028438e+01
-2.727450415895319225e+01 -2.716120686427974107e+01 -3.976048566098395298e+01
-2.439115439039301947e+01 -2.676039766502744044e+01 -3.793033318453367286e+01
-6.356062590294172310e+01 8.122728554107514753e+01 -2.785648129857005628e+01
-2.197259919060953592e+01 1.193664529908141425e+00 -2.100380703589246068e+01
-3.591285879164635020e+01 7.648312894453366084e+01 -1.645776629802950453e+01
-3.716514719064697658e+01 8.259153238000091335e+01 -1.410595727515710429e+01
-4.441494747523350384e+01 1.104325131355729184e+02 -1.757909552221979155e+01
-6.989663354517234950e+01 8.882317296284684005e+01 -3.543146978345780695e+01
-3.959512519121676632e+01 9.582468559862027746e+01 -1.516227850128003496e+01
-7.179021925998316078e+01 7.468795262042317518e+01 -3.693021576576160925e+01
-7.809182408773850170e+01 7.953681764204944216e+01 -4.811580467196883859e+01
-7.976584021044063277e+00 -2.340427755661255915e+01 -2.149664042245874995e+01
-1.480422975015710563e+01 -2.490992067260041409e+01 -2.514979862502151065e+01
-1.974448526394256831e+01 -2.567144827238280413e+01 -2.938025325028160850e+01
-1.420811256220912888e+01 -1.504675218625669775e+00 -2.161922533892945708e+01
-2.556058828349804202e+01 -2.714087726778666010e+01 -3.884952241644923987e+01
-2.326311287160873320e+01 -2.843249525404759837e+01 -3.617695005009796461e+01
-2.405245377951946750e+01 -2.618882127395267290e+01 -3.788587990436037245e+01
-1.340373450667602029e+01 1.050932013525647246e+00 -9.724577962468476500e+00
-1.667533749127764864e+01 -2.644532163702960403e+01 -3.207575066741940617e+01
-1.226002931653055583e+01 -2.686609359407699671e+01 -2.944122402360771318e+01
-6.832468883237650559e+00 -2.713926117257712889e+01 -2.747658737916016136e+01
-1.052730143111052286e+01 -4.388907666333758328e+01 -3.976165332873533487e+01
-9.258693119237118907e+00 -3.917178051502686031e+01 -3.098316839263588562e+01
-8.477413976671233087e+00 -3.518385797396621939e+01 -2.879146443987928450e+01
-7.508458932182946910e+00 -3.114176056936587855e+01 -2.877407747390328652e+01
-6.947154527913816047e+00 -2.820639392231690223e+01 -2.914193340383048891e+01
-1.769974158619786664e+01 -2.729175895911471628e+01 -3.338066160321417186e+01
-1.875749912953661180e+01 -2.843199047881029529e+01 -3.304919065407348455e+01
-2.046871599567765543e+01 -3.048582645941019109e+01 -3.294473730983241211e+01
-2.200056083238299109e+01 -3.276650626279969458e+01 -3.458204173448610419e+01
-2.890265525714801242e+01 -1.584518058855258005e+01 -3.100178444104214037e+01
-8.479891444077715335e+01 2.479690809047902533e+01 -1.047281813046764114e+02
-2.596789843780755724e-02 -3.935389301124438077e+00 -1.297837745221905514e+01
-2.069429779737791719e+01 -2.690572899003447560e+01 -3.580418740534707212e+01
-2.170918305096683198e+01 -2.756264312129761507e+01 -3.568106436903821788e+01
-8.312431069534067518e+00 -5.387543971811718180e+00 -2.017459756050940101e+01
-1.909008864716488674e+01 -2.796857662919068677e+00 -2.691464134703073441e+01
-9.335781818280658229e+00 -4.035634248607347985e+00 -2.017290091169157051e+01
-3.057980712860055306e+01 2.553160298336848655e+01 -2.891534428698896875e+01
-4.223923515315161836e+01 2.068675350888502251e+01 -3.240766826730714456e+01
-2.382321013903022688e+01 5.473676433117537599e+00 -2.247196812261429244e+01
-6.337012050138892505e+01 1.057381524605736018e+02 -3.102688178412814679e+01
-5.768677864755444773e+01 9.478068427921614614e+01 -2.482259320136876468e+01
-5.209748611547109931e+01 8.389954309328426518e+01 -2.005508486650700206e+01
-2.656035037239428220e+01 -3.743870084225100214e+01 -4.085977900889817960e+01
-1.965270241121638506e+01 7.951029992196775709e+01 -1.028343521396885585e+01
-2.127653910036235985e+01 9.424380699367411296e+01 -9.627484626405307111e+00
-2.420570757930679306e+01 1.119717589862536045e+02 -1.035618545058093254e+01
-5.336053047791233439e+01 4.462596991088739884e+01 -3.508802829941578949e+01
-7.111054170953804032e+01 3.875050539945249284e+01 -4.678327358361182320e+01
-2.271187139869097749e+01 4.692839413987694286e+01 -2.988396644045351991e+01
-6.355353018051329173e+01 5.875382404232144751e+01 -3.645552675777102536e+01
-1.830555679536012192e+01 3.339607437036605120e+01 -2.226528142266805332e+01
-1.805824078177452918e+01 5.614438616783383296e+00 -9.792570402745422342e+00
-7.932241830604401400e+01 3.518859831503200297e+01 -5.520741490460905965e+01
-6.576744583214698991e+01 3.221765747064888075e+01 -4.157000084685869723e+01
-5.593576349967070627e+01 2.830817484377318749e+01 -3.572380673198393453e+01
-4.134523131020482367e+01 2.937495205891173811e+01 -3.251615796353780752e+01
-3.126626521264440939e+01 3.248963833416591740e+01 -3.018412945606317521e+01
-2.400007884766230148e+01 3.556495646735762506e+01 -2.803719083902948839e+01
-7.884167633457999536e+00 4.170387642074413748e+01 -1.357135878631533110e+01
-7.763956086971175807e+01 1.897791501621872357e+01 -5.626621286715722903e+01
-7.014059051638476205e+01 6.125110533291444881e+01 -3.950939082859748197e+01
-4.015492338721632137e+00 -2.864380200293830114e+00 -4.364758548668118188e+00
-2.206565107131801184e+01 2.114258255867455460e+01 -2.402147157180550607e+01
-8.788973333788092646e+01 5.717570825611070973e+01 -9.232186618698356995e+01
-1.829151219926853145e+01 3.893053181690984133e+01 -2.598566389545419497e+01
-2.419202755469649802e+01 5.759186196777704936e+00 -2.903175272471086998e+01
-5.928780478460610226e+01 5.269099022170366453e+01 -3.893893767258023786e+01
-1.902202911159374565e+01 1.099789783342039584e+01 -1.162424624774949500e+01
-8.218087293075575417e+01 6.914702860333774126e+00 -1.057262461294266700e+02
-2.322188921311926890e+01 4.936745547630748376e+01 -3.052381208752097663e+01
-1.315799229201699916e+01 1.448848122514895564e+01 -4.464673921619915831e+00
-5.969856220335218921e+01 -3.531693640439193160e+01 -7.010186558287614389e+01
-6.020715768863096429e+01 -4.013324514644034480e+01 -8.420225368219594486e+01
-8.477706916110784618e+01 2.129907584705111745e+01 -8.053218894797986138e+01
-6.968231409425196432e+01 -2.448869631927404100e+01 -7.703983149518234086e+01
-8.231002473168103961e+01 6.724047707157637888e+01 -6.086738617574603438e+01
-2.980416388664487215e+01 -5.807381411419141415e+01 -5.530567130193291092e+01
-2.551749058060067021e+00 -3.667967183717458557e+00 -1.348812363026390493e+01
-2.826903446050263824e+01 1.630447124117593560e+01 -2.790368866923575553e+01
-7.836505749927009390e+01 5.039214086882395804e+01 -5.458030143220985764e+01
-4.566917981826721018e+01 4.702899450509247004e+01 -3.143206056656745062e+01
-3.943263152242970904e+01 4.655073028032948201e+01 -2.961698554597659694e+01
-2.522419968440260618e+01 -2.963692618431097969e+01 -3.753005248445231246e+01
-7.555495650919425543e+01 4.795306045578577425e+00 -6.189432683754591125e+01
-1.736481373944489803e+01 -6.559704032560986775e+01 -5.937787709514975631e+01
-3.840200288641068482e+01 -5.625322588972713334e+01 -6.927325203864283765e+01
-4.829611031500387242e+01 -4.996230365783981853e+01 -7.545511119872567463e+01
-9.098340898521026787e-01 9.295847018792130712e+01 -7.644389353025606404e+00
-3.635736126215099340e+00 -6.622651296758482431e+01 -5.769376545208245233e+01
-3.371523874570566903e+01 4.716745672960063729e+01 -2.919674166388640657e+01
-2.815221194662823478e+01 4.844198077301305716e+01 -2.965721990624973969e+01
-2.463527163301031209e+01 4.911228510825503690e+01 -3.056411382305537572e+01
-7.591536009420859443e+01 6.412603002965765597e+01 -4.600858658161502746e+01
-3.007502582952530901e+01 5.257183904392555007e+01 -2.745443145654055428e+01
-3.676930994174349365e+01 5.376361581671977063e+01 -2.680462677343212974e+01
-4.287808782271979879e+01 5.395032596101795264e+01 -2.740698960719797839e+01
-4.880865466389880680e+01 5.339323675154247439e+01 -2.948081566990949653e+01
-5.266325618691565325e+01 5.251691619332824246e+01 -3.186415101512951509e+01
-8.725345283255941808e+01 7.321001147588280844e+01 -7.816219272676934793e+01
-5.011829336792111889e+01 4.813575140046543765e+01 -3.358542433466907084e+01
-5.119913067839083620e-01 -9.795359745766868187e+00 -2.017436252317364520e+01
-2.273217952382976037e+01 -1.242558779296777516e+01 -2.753423872547408990e+01
-1.641856929594111492e+01 5.095484544906314639e-01 -1.695550623537423007e+01
-9.306328337195962419e+00 -1.075986156075873623e+01 -2.111044922329974227e+01
-1.416760484696846234e+00 5.508624968498723007e+01 -1.383970634208407269e+01
-4.923792285728890761e+01 -4.453283250309760888e+01 -6.572372955078660084e+01
-3.988072757861247197e+01 -5.145075220727596843e+01 -6.116319159880551837e+01
-1.801510442228964592e+01 -6.305271598209638029e+01 -5.013309565062573370e+01
-6.948180025820394690e+01 -2.805950410812368290e+01 -9.463238212454557186e+01
-2.538983254675501655e+01 5.057477298213213857e+01 -2.906605561075453537e+01
-1.266668583191286501e+01 2.950072982593522397e+01 -1.349500814402769322e+01
-3.559394941709511428e+00 -6.363798653833574548e+01 -4.850926661419759967e+01
-2.847767871697097064e+01 -6.184485912304615596e+01 -6.291023178864640641e+01
-8.237496213480601170e+01 5.281156431419186781e+00 -8.330880279676416933e+01
-1.273847023820184177e+01 -2.775123102804915476e+01 -3.099102830705271572e+01
-1.391327327438132855e+01 -2.978882487049179062e+01 -3.050658000830669181e+01
-1.534123917336879828e+01 -3.294176149874743942e+01 -3.031348617456643169e+01
-1.644802124468833426e+01 -3.662523399790121204e+01 -3.208763158256940784e+01
-1.957653447698618265e+01 -4.126437022116395070e+01 -3.938991485602078058e+01
-2.154671453031050987e+01 -2.693330869594358745e+01 -3.457791291000486211e+01
-2.356980537078389659e+01 -2.642535579928708600e+01 -3.427425264325930243e+01
-2.581282617567059035e+01 -2.531619212747881420e+01 -3.412696772652959964e+01
-3.375170831231824309e+01 -2.087401677150861445e+01 -3.561723855954262064e+01
-6.505224279694044753e+01 -1.304297625674609051e+00 -4.963680198780513564e+01
-1.295537690108096029e+01 3.791294651748734168e+01 -1.824562249735969388e+01
-1.743678397186982210e+01 5.489701705590576353e+01 -2.576481449946263780e+01
-2.211392958577269852e+01 5.381147182729550593e+01 -2.784579793508139289e+01
-2.035856175031223003e+01 -2.598441608188279872e+01 -3.518818919099808085e+01
-6.533757419330258642e+01 -1.690808477503447449e+01 -6.231130061325139735e+01
-1.103818726103745185e+01 5.458023544674894367e+01 -1.801276285286876444e+01
-2.454688883674914024e+01 -4.692810559077788923e+01 -4.522022283595640602e+01
-4.957291495975342244e-01 2.574892607823087687e+01 -2.292252708578296883e+00
-7.388884899177678989e+00 3.261886983920783223e+01 -8.389059396326139506e+00
-6.640853879112205149e-01 3.390940088797939467e+01 -6.579094912871918943e+00
-1.754198119994203608e+01 1.815308905283081842e+01 -1.589934757668023302e+01
-3.179436313405972214e+00 -5.820037921177330276e+01 -4.309222591265705660e+01
-2.471794623452427508e+00 -5.066607434680521038e+01 -4.107491975125774530e+01
-1.365321834519938626e+01 -5.046810612259863404e+01 -4.279804192246675143e+01
-3.971091638449521355e+01 -3.515190351616653430e+01 -4.822080013351596506e+01
-3.039941108831867211e+01 5.701026163310913830e-01 -3.203777340086602266e+01
-3.304399120587655148e+01 -4.188471643824339452e+01 -4.729868077987170949e+01
-4.817873281214718872e+01 2.532757300543043044e+00 -3.565697960786169318e+01
-3.715621737674634772e+01 -6.151495061852584101e+00 -3.426329899863016237e+01
-5.426246704375568441e+01 -8.225729898542789797e+00 -4.244863838447533055e+01
-1.663961881797612108e+01 -5.764892779217080232e+01 -4.493850987644150763e+01
-2.165639149677128827e+01 1.479437023068321011e+01 -2.154250518783120683e+01
-4.644495549381750266e+01 -3.894150216345546056e+01 -5.626929943941640744e+01
-3.736550965182792083e+01 -4.626577714919107365e+01 -5.431346756181767432e+01
-4.513936860398489159e+01 -2.693358321513804654e+01 -4.671171398613886083e+01
-7.302297556258743327e+01 -6.956250864211952489e+00 -6.687985247617963580e+01
-5.559955387298295193e+01 -2.635936096418674524e+01 -5.443954380889158529e+01
-7.805480132692494522e+01 -9.797809620732572000e+00 -8.357328691628258355e+01
-4.240165239764332483e+01 -1.511668160115242010e+01 -3.854618291804784747e+01
-1.739339925354563476e+01 2.546340049832296870e+01 -1.901397297731738334e+01
-1.572226063078720237e+01 2.100510486972797963e+00 -8.488025319290970927e+00
-1.948131812899312720e+01 1.149335947344312103e+00 -1.650032918434878937e+01
-1.261163418338486508e+01 6.478411151056952200e+00 -3.659032616701993756e+00
-2.372460506900343802e+01 6.262147833575714628e+01 -2.282931779342458256e+01
-3.539321435064695720e+01 6.759021742378745046e+01 -2.218470847475789043e+01
-4.550154566774442344e+01 6.876747045935003655e+01 -2.319553895960375556e+01
-5.390110604330288879e+01 6.770470639576470262e+01 -2.643754566338251877e+01
-6.011149970349286065e+01 6.460165743902513213e+01 -3.089573638269224887e+01
-6.468887929759443978e+01 5.166468151169060263e+01 -4.231222746336089813e+01
-8.633618275841155310e+01 3.710697104660369661e+01 -7.562279024306671715e+01
-5.877776920201100097e+01 3.957637333770223620e+01 -3.877732186661140901e+01
-5.093451265233235858e+01 3.670892990938972389e+01 -3.514539699469020206e+01
-4.087762185117638580e+01 3.667169192298293012e+01 -3.234461759012314275e+01
-3.197020452928733292e+01 3.847324724398319518e+01 -3.014643044198922084e+01
-2.488583539853300763e+01 4.078070865073284779e+01 -2.997570538315123301e+01
-2.015066421621686388e+01 4.274978852053302347e+01 -2.877404651084557941e+01
-8.642768820512110040e+01 4.143629474689424086e+01 -1.003103859596041900e+02
-1.912950762094665436e+01 -2.852046259877445422e-01 -2.005298509472495994e+01
-1.218152656113109700e+01 2.215314510901767164e+01 -9.618335028450701429e+00
-1.067853218901522716e+01 1.193550629535883534e+00 -3.798896630799163621e+00
-7.453551025394886231e+00 -1.626785716402063597e+00 -7.235146247766100380e+00
-1.081312706846612137e+01 4.686679975575385182e-01 -7.003732065164958165e+00
-1.710455671188174165e+01 -2.132919823005178017e+00 -2.285018401103992502e+01
-6.154098293362474159e+00 -2.370931334007609248e+00 -5.571441212276858401e+00
-4.866600131494036141e+00 -3.313802547182322478e+00 -1.339047009368568730e+01
-2.033342127641902408e+01 4.897861439909960524e+01 -3.005411468297928579e+01
-1.644725821316713521e+01 4.662863598135386667e+01 -2.703270813042073328e+01
-1.394287110395404738e+01 4.447176631416643744e+01 -2.336598851603840643e+01
-5.493413233573460275e+01 5.201369686054724184e+01 -3.436226446781515875e+01
-5.912102156113765261e+01 5.725503907966002970e+01 -3.494881048962280090e+01
5.257164756723771148e+00 2.497273544305119586e+01 -4.830185166810480268e+00
4.502717451092301104e+01 4.983233277044753606e+01 -3.576400011345699426e+01
5.383835681959530106e+00 -1.825685844564140181e+00 -1.281726140538397551e+01
6.769534253264447443e+01 8.284353897866577654e+01 -6.212310796247861333e+01
2.455633391183339853e+01 4.343888882599668477e+01 -3.029000387278698270e+01
3.111612677885253220e+01 4.282811269741651472e+01 -3.120153093111901299e+01
3.778601050661521299e+01 4.318149689958509896e+01 -3.303642300734264836e+01
4.682233021459285283e+01 4.812915908823393352e+01 -3.780584454861231336e+01
1.990127007725188335e+01 4.510594176349038520e+01 -3.060261404346200464e+01
3.472602003466159459e+01 6.229978007489117431e+01 -2.497014528967831737e+01
2.752904213090016228e+01 6.141678511075038216e+01 -2.443809739890074795e+01
4.156372202613911782e+01 6.162586102442170954e+01 -2.766538531519394795e+01
4.577667961275216868e+01 5.923861448191733814e+01 -3.059514321770654632e+01
5.167441103125207036e+01 4.387217998961732945e+01 -4.158926547445547328e+01
1.897345736488861689e+01 -4.926478900427738949e+01 -4.872584237187888334e+01
4.757639402659117422e+01 5.188003095262705955e+01 -3.765862631253421000e+01
6.874467237306930656e+01 5.228294348099803557e+01 -7.117086732927329251e+01
5.835467871025875297e+01 5.076001892225239231e+01 -4.753438435997279043e+01
3.006784730476146450e+01 1.181776721004605690e+01 -2.942589568884579521e+01
6.450599818315989609e+00 -1.878337894623081539e+01 -2.027811841996052777e+01
4.735549015141031326e+00 -2.568110898667209696e+01 -2.473613577715759604e+01
1.317093550317372497e+01 -2.003577233569451010e+01 -2.468846985140489636e+01
1.716838714407920108e+01 -2.199397203177056781e+01 -2.981080770229665688e+01
9.373610624756899767e+00 -2.548644372534731417e+01 -2.745368210419912458e+01
1.318298610309952146e+01 -2.560743153352461121e+01 -3.185310411487438387e+01
2.440188095274065105e+01 -3.035687326870856140e+01 -4.219790225695538055e+01
5.019055018427422965e+00 4.288883689676463717e-01 -3.825205772850448493e-01
6.065960447013196699e+00 7.204134080202319268e+00 2.691311366725201992e+00
5.553401215334909580e+01 6.943297890342046230e+01 -3.165122250943998239e+01
1.773233923804794898e+01 2.957741899589791856e+01 -2.552761025302678988e+01
1.805694305034016622e+01 4.984585374564711735e+00 -1.637680985270523948e+01
1.832093129873379667e+01 9.177895622980035029e+00 -1.772172592098925037e+01
4.844643140061352682e+01 1.448077048918550602e+01 -3.804245067154973015e+01
5.748580695856210454e+00 1.667871316270126059e+01 -1.632403667056192553e-04
4.218310051477658362e+01 7.606227002990750918e+01 -1.809897005774361034e+01
5.038771057144367660e+01 7.412029562279003869e+01 -2.449524183069490846e+01
6.228806329929798835e+01 9.402376411972490189e+01 -4.613629877908270771e+01
1.414871898466315514e+01 6.880205222564678991e+01 -1.309508179686734053e+01
2.179290086497172041e+01 5.865377918825659265e+01 -2.637786815450536437e+01
2.955387395069392653e+01 -2.426042338422480071e+01 -4.245594065069439438e+01
5.906149515765481084e+01 -7.728533225098654924e+00 -1.043851317298610866e+02
1.376538283464293322e+01 8.599734941878292016e-01 -1.900432398420965896e+01
9.018496812209463087e+00 -1.818800760930768590e+00 -1.909962051921992909e+01
2.228178151338986623e+01 -2.532455939410242252e+01 -4.160980348998505463e+01
1.884990196634754511e+01 -2.514002721337191915e+01 -3.947853801144503905e+01
5.383139527289233683e+01 7.969280741270537760e+01 -2.629632626761981129e+01
1.775348892900089837e+01 2.424133519393506742e+00 -2.047982196420928602e+01
3.079442867864055700e+01 7.516515704968281852e+01 -1.384603174581178031e+01
3.207562997974786612e+01 8.107952134260973764e+01 -1.135336999154731075e+01
3.780616727966713597e+01 1.080825440117012874e+02 -1.684611774508184467e+01
5.810746547551188002e+01 8.657603528404142423e+01 -3.430849718819688121e+01
3.457208187815803058e+01 9.398396629457128881e+01 -1.361155881795961875e+01
5.948412848752985127e+01 7.353938050776591240e+01 -3.638433347867057677e+01
6.371730326602811800e+01 7.745885387626623242e+01 -4.777882792334913375e+01
5.685457081842066884e+00 -2.269431387634078945e+01 -2.174734632574926252e+01
1.123830871732471337e+01 -2.339848130258032910e+01 -2.576322724963943145e+01
1.527321721393982301e+01 -2.393367396841600936e+01 -3.024401504110495509e+01
1.230637815285362890e+01 -4.228722402141108505e-01 -2.074378712326558016e+01
2.045456856560072367e+01 -2.538969224240972622e+01 -4.038741288691068831e+01
1.820740198959375888e+01 -2.681901661910617207e+01 -3.675547271624356682e+01
1.814953310898854966e+01 -2.459610431286644783e+01 -3.934945081864764660e+01
1.107991825850895928e+01 2.088055446200463461e+00 -1.016762443816311645e+01
1.157298039649001176e+01 -2.535339371713941148e+01 -3.325859448632107274e+01
7.947939570232611217e+00 -2.603521498814718527e+01 -3.046558297455614550e+01
3.656040183696274593e+00 -2.671080698463177328e+01 -2.812578653415226881e+01
5.781505254681928996e+00 -4.293001221040696436e+01 -3.877760692101144002e+01
6.259576833353993841e+00 -3.836761898009105209e+01 -3.046956098656926315e+01
6.331112005363400463e+00 -3.447976380323801493e+01 -2.857362755025473433e+01
5.897880864133504097e+00 -3.056389205158117761e+01 -2.892490392946377042e+01
5.155678193216898464e+00 -2.775655559532730621e+01 -2.946090829368511166e+01
1.317359735887414018e+01 -2.610161824104982742e+01 -3.396133205497625340e+01
1.413422848432827728e+01 -2.707785642960798000e+01 -3.309844516829009109e+01
1.540615324071079861e+01 -2.892206693380908433e+01 -3.253615419653738172e+01
1.673032207569508500e+01 -3.103367032034251594e+01 -3.410370547352039949e+01
2.370955717201610824e+01 -1.395593695099474019e+01 -3.040107978466375727e+01
6.773549216992343247e+01 2.592463124239694849e+01 -1.065910902309427399e+02
1.551453573235800754e+01 -2.562226000607158483e+01 -3.724732225377372430e+01
1.673378669664289475e+01 -2.609143639803227899e+01 -3.657648372841977391e+01
7.051426557434756326e+00 -4.860251263908584640e+00 -1.984178638687344431e+01
1.610016787657156101e+01 -1.680263580050940231e+00 -2.542842071793706893e+01
7.986169617497637319e+00 -3.454792447227533536e+00 -1.924781563361657533e+01
2.397211364169944403e+01 2.605111117488570827e+01 -2.883691926999569688e+01
3.451880977854605703e+01 2.154097810533181345e+01 -3.166775797799145309e+01
1.908915908256445348e+01 6.587828040778413552e+00 -2.193896453505811550e+01
5.288197813216267917e+01 1.026572202714489634e+02 -3.007433353190798897e+01
4.907691226466200618e+01 9.246514299550999283e+01 -2.285630573628003503e+01
4.483268295263880532e+01 8.215095616120872535e+01 -1.769312783198211037e+01
1.943609870098963910e+01 -3.505075473376074058e+01 -4.043782667418817311e+01
1.622521503078500160e+01 7.845737055428998019e+01 -8.730450160603794529e+00
1.823988809292617930e+01 9.325971786446136491e+01 -8.597756020605338279e+00
2.026023633060649942e+01 1.106734019963496110e+02 -9.204918954659966346e+00
4.351616032255562061e+01 4.499380727605534958e+01 -3.566723364033379085e+01
5.798924998451887802e+01 3.944105117310122210e+01 -4.612746432862422807e+01
1.728951619833389941e+01 4.676118439005367833e+01 -3.106666873065472245e+01
5.238093371497287620e+01 5.850462344905300682e+01 -3.651853498785976626e+01
1.368666677395238196e+01 3.358099656278022849e+01 -2.245177587767024363e+01
1.493154004287623060e+01 6.552382957031302801e+00 -9.430618489107432723e+00
6.414793389014759839e+01 3.608227486280954110e+01 -5.519423372951740703e+01
5.398441555642276057e+01 3.311773816154973815e+01 -4.121737606354286498e+01
4.561589126853455411e+01 2.920845321617288093e+01 -3.523100677458356245e+01
3.338213698613233049e+01 2.996617815808171770e+01 -3.260448903621534811e+01
2.431929634839443821e+01 3.285111365302572750e+01 -3.047318926803993833e+01
1.806969118687307585e+01 3.573474963342383148e+01 -2.816375201590095401e+01
5.485087177731637453e+00 4.170955524332158859e+01 -1.365513279981306383e+01
6.304777585425141950e+01 2.085150341112039030e+01 -5.655274595631224344e+01
5.725984821569598182e+01 6.089727851695133864e+01 -3.958133682722706936e+01
2.522993807793373566e+00 -2.675282533572040489e+00 -4.472096188799611127e+00
1.700963700352291497e+01 2.163786064709915991e+01 -2.410603815510060244e+01
7.066961971794981423e+01 5.568483513601576362e+01 -9.389013759497514400e+01
1.374887578794155019e+01 3.901171417216213655e+01 -2.630339714052749400e+01
1.997813010568869885e+01 6.834897032060647248e+00 -2.794841766533057736e+01
4.938947735827154872e+01 5.269100900041469515e+01 -3.922717714667319200e+01
1.489898199285528335e+01 1.175906897311660160e+01 -1.107678656066477707e+01
6.457972042331677187e+01 9.653820903264426434e+00 -1.072531300399062957e+02
1.762422164189603535e+01 4.926025311653084771e+01 -3.194441060065542359e+01
1.060609259336824195e+01 1.490162548065227099e+01 -4.330529820039036970e+00
4.468406990663844169e+01 -2.993882332222809595e+01 -6.989530010721769315e+01
4.381089520749223709e+01 -3.436317111233655908e+01 -8.482603877430558725e+01
6.851630905075073485e+01 2.307228930914562426e+01 -8.123149256440532895e+01
5.327881331066876669e+01 -1.964024294544775628e+01 -7.711654685489807548e+01
6.687371899326592484e+01 6.568585191693762226e+01 -6.103835649370260086e+01
1.974213303227935157e+01 -5.422330119483415700e+01 -5.500628695691203518e+01
2.496181469521351559e+00 -3.597358872874270919e+00 -1.331437199909484193e+01
2.210801022338129940e+01 1.702230216971111787e+01 -2.738166269325477487e+01
6.326375367620140366e+01 5.044326904936711742e+01 -5.454432907338155445e+01
3.778020277067372490e+01 4.720649334329344526e+01 -3.235687639509869484e+01
3.162586508681357955e+01 4.657628753359073670e+01 -3.110107413182527125e+01
1.984806394638392035e+01 -2.787511062375985915e+01 -3.815291643654132514e+01
6.080035270257036473e+01 7.524620521415165797e+00 -6.162998800218733919e+01
9.093348421228695244e+00 -6.342337338988108542e+01 -5.932945710450741927e+01
2.619046705806447051e+01 -5.119544974615592992e+01 -7.010767613666631348e+01
3.385326944739928479e+01 -4.418062504570531956e+01 -7.642987343384098153e+01
2.603429033679261551e+01 4.713200467691594042e+01 -3.057651287736014467e+01
2.147665671266744170e+01 4.835811319329651781e+01 -3.123944024279635912e+01
1.897232417240822144e+01 4.897868657272078252e+01 -3.229488958871564819e+01
6.170599722605265924e+01 6.343665987834711473e+01 -4.594071962913510987e+01
2.190974612990470760e+01 5.219223591316273314e+01 -2.875345288789754861e+01
2.713611755490337529e+01 5.320721926860681350e+01 -2.744108105375332229e+01
3.310194967209873340e+01 5.352282444560269425e+01 -2.788346611044338630e+01
3.923994408155807889e+01 5.316859473768957400e+01 -2.962388476536398585e+01
4.310256014687594472e+01 5.238244712097473155e+01 -3.182753892939324203e+01
7.089789316479837566e+01 7.066457859207397973e+01 -7.894095960154905356e+01
4.208354307277774353e+01 4.842062868117007213e+01 -3.418351078214501371e+01
1.878779870775170835e+01 -1.088633856027339242e+01 -2.674766915178552651e+01
1.396598978743772790e+01 1.704151807709229693e+00 -1.617106123615508295e+01
7.596936743043251283e+00 -1.006997583419159170e+01 -2.083014833487540329e+01
3.587289112991673079e+01 -3.903808376706766126e+01 -6.535166717691596716e+01
2.790335487901445788e+01 -4.635966763764778165e+01 -6.059878949786436664e+01
9.521383768742536446e+00 -6.084293706604693597e+01 -4.974645931400084464e+01
5.196517135392895881e+01 -2.289432077578720737e+01 -9.590829778198244071e+01
1.907465239605229002e+01 5.047163902191590523e+01 -3.077264645576403623e+01
9.733973897367249606e+00 2.971143744466786174e+01 -1.355543074798471181e+01
1.832070545802631756e+01 -5.792594996669762963e+01 -6.374615583053937939e+01
6.554416038518699850e+01 8.324023873715804100e+00 -8.343413447210878076e+01
9.710988705705819513e+00 -2.689856820528790493e+01 -3.145790203170713895e+01
1.066812531347144599e+01 -2.874322698777631047e+01 -3.063910467513428060e+01
1.154139096565938516e+01 -3.172327616105097903e+01 -3.012754447182111051e+01
1.218343215302801852e+01 -3.521915700716560593e+01 -3.180617607685862325e+01
1.317891305615884434e+01 -3.946879813890566879e+01 -3.887613384376049908e+01
1.635763006013305798e+01 -2.547942649718168440e+01 -3.600524811146079429e+01
1.842021207532335580e+01 -2.476710533409107384e+01 -3.586491779853454176e+01
2.032845247103696451e+01 -2.348977352075109337e+01 -3.567818073189485517e+01
2.753697468871232346e+01 -1.863771986023676064e+01 -3.591534381621287508e+01
5.187041958359396432e+01 1.288276479289264920e+00 -4.829479971016096584e+01
9.733429036861510397e+00 3.799942074875257703e+01 -1.830455311713838640e+01
1.320545465476640601e+01 5.460442984154492763e+01 -2.560731725845711182e+01
1.661251984031396489e+01 5.340676060478556053e+01 -2.884332524040582868e+01
1.500267865802371148e+01 -2.468861948900141456e+01 -3.681487457460982426e+01
5.122842511761987794e+01 -1.298659900053266014e+01 -6.154298226343706801e+01
7.477462295504364143e+00 5.445500226911738650e+01 -1.778378057451659799e+01
1.615998992946465762e+01 -4.421189589348357885e+01 -4.405026206401696953e+01
5.281836291502897573e+00 3.273489405297758736e+01 -8.215087511283403643e+00
1.354590915871847656e+01 1.866901081166066589e+01 -1.545893533263849129e+01
7.335732876217555543e+00 -4.908737714016437081e+01 -4.193766046261266922e+01
3.026890580581514101e+01 -3.146501367902538249e+01 -4.685259125128458635e+01
2.527242535340779384e+01 1.900872794467078464e+00 -3.047034311236074799e+01
2.354876778225338896e+01 -3.834674785123814189e+01 -4.585347127071911189e+01
3.936529867583967501e+01 4.307270239058570205e+00 -3.346522612050906531e+01
3.086487294404615866e+01 -4.524316797146595626e+00 -3.279024080091623716e+01
4.330911757764005898e+01 -5.593203158192229019e+00 -4.053301568248120645e+01
9.029985968591493162e+00 -5.583887758006651580e+01 -4.448242657318088789e+01
1.667749269066022322e+01 1.542718273945042462e+01 -2.101944319981315346e+01
3.496414490377860318e+01 -3.424498460128292976e+01 -5.516112160703495704e+01
2.693942052078322291e+01 -4.182586453018554096e+01 -5.290224013950183490e+01
3.584616015367239328e+01 -2.353877262663056769e+01 -4.607268352262678945e+01
5.788697116367391970e+01 -3.498929011349062534e+00 -6.625940377257411740e+01
4.278052108196071401e+01 -2.212308883918851876e+01 -5.329540850303460786e+01
6.110094850567311653e+01 -5.665537591647130000e+00 -8.380947570865311036e+01
3.452156451634565570e+01 -1.281550571188572718e+01 -3.742357546213983710e+01
1.341477209345836741e+01 2.577748133841767597e+01 -1.913589584431695556e+01
1.281972311552277333e+01 3.205777711557805887e+00 -8.542508541383817544e+00
1.618927626287579002e+01 2.461132988371347530e+00 -1.572678088567324117e+01
1.111190142196763198e+01 7.109871611949687420e+00 -3.431314600553811101e+00
1.880715748474107585e+01 6.209740384318346429e+01 -2.257733316849870064e+01
2.914052439327035060e+01 6.668798586726271083e+01 -2.118302111036233271e+01
3.807050264021353314e+01 6.763373809320374619e+01 -2.218900480051498647e+01
4.549164329593590850e+01 6.656735085508621808e+01 -2.582093559000718841e+01
5.016773393215090948e+01 6.375019694811948057e+01 -3.058658085712426811e+01
5.315734133849326071e+01 5.180660274026477197e+01 -4.219858821983086017e+01
6.945230415130116342e+01 3.765122847249085680e+01 -7.681402997574659253e+01
4.826526108097029066e+01 4.006025774206351286e+01 -3.863698508998227510e+01
4.144000114457126926e+01 3.721438154797948528e+01 -3.508466308035823999e+01
3.256606828455644376e+01 3.705656574378181034e+01 -3.274023028976208849e+01
2.424912405599306098e+01 3.871575549881529810e+01 -3.078097658953236859e+01
1.870457692055224186e+01 4.085532203421320929e+01 -3.019266558523734290e+01
1.494453879676443364e+01 4.276904077218527078e+01 -2.906758630712580072e+01
6.902674114372818792e+01 4.122751649979062449e+01 -1.025056384411063846e+02
1.577566731484111706e+01 9.516165463042565165e-01 -1.926502650353098645e+01
1.004987322168666175e+01 2.243645133810051817e+01 -9.802724347559564677e+00
9.167773298800790727e+00 1.935669444253478311e+00 -3.378968071178333865e+00
5.316132049253062597e+00 -1.085109177033928507e+00 -6.661157008707463412e+00
8.823324137087118046e+00 1.325193873444333370e+00 -6.825147735091966261e+00
1.407344156719502948e+01 -1.106500682268323654e+00 -2.162515108784425877e+01
4.320307563449309995e+00 -1.997143217620962918e+00 -5.160412556957544972e+00
4.249303447958356905e+00 -3.016469122921535018e+00 -1.300418531998942662e+01
1.552907326833462953e+01 4.880752981443687588e+01 -3.084729203911951601e+01
1.188979612959268550e+01 4.647405239853282666e+01 -2.708763963977323641e+01
1.010130536847394289e+01 4.440938073973298117e+01 -2.329882218526000415e+01
4.558448931345567701e+01 5.193601155102553690e+01 -3.429317327378233671e+01
4.890865395562800444e+01 5.689958889020174837e+01 -3.468020911217404745e+01
