3.684056699275970459e-01 7.103422880172729492e-01 -3.331198170781135559e-02
3.676079809665679932e-01 6.558192968368530273e-01 -6.219062209129333496e-02
3.679651916027069092e-01 6.719267368316650391e-01 -3.180923312902450562e-02
3.573109209537506104e-01 5.954126119613647461e-01 -4.681852087378501892e-02
3.674139380455017090e-01 6.377243399620056152e-01 -6.637796014547348022e-02
3.672841787338256836e-01 6.130521297454833984e-01 -6.180576607584953308e-02
3.673104047775268555e-01 5.530869960784912109e-01 -3.013125807046890259e-02
2.814728319644927979e-01 5.451956987380981445e-01 1.578284986317157745e-02
3.671083748340606689e-01 5.038262605667114258e-01 -2.229662612080574036e-02
3.670273423194885254e-01 4.791988730430603027e-01 -2.525214478373527527e-02
3.669947981834411621e-01 3.990430235862731934e-01 -1.371826790273189545e-02
3.684810698032379150e-01 7.186765074729919434e-01 -3.170711547136306763e-02
3.685087263584136963e-01 7.247415781021118164e-01 -2.738911658525466919e-02
3.686209022998809814e-01 7.271329164505004883e-01 -2.201297134160995483e-02
3.686848282814025879e-01 7.307692766189575195e-01 -2.097337506711483002e-02
3.687652945518493652e-01 7.378865480422973633e-01 -2.262140810489654541e-02
3.688294291496276855e-01 7.469159364700317383e-01 -2.468429505825042725e-02
3.688917160034179688e-01 7.557697296142578125e-01 -2.250414714217185974e-02
3.689242899417877197e-01 7.697834968566894531e-01 -1.022813469171524048e-02
3.676852583885192871e-01 6.645455360412597656e-01 -5.595747008919715881e-02
3.578734695911407471e-01 6.627300381660461426e-01 -3.962822258472442627e-02
2.405748069286346436e-01 4.762754440307617188e-01 7.214934378862380981e-02
3.162498474121093750e-01 5.625322461128234863e-01 2.858314663171768188e-03
3.042483329772949219e-01 5.637902617454528809e-01 3.947003278881311417e-03
2.929113805294036865e-01 5.627406835556030273e-01 7.549418602138757706e-03
2.779479324817657471e-01 5.515357851982116699e-01 1.774638518691062927e-02
3.262465894222259521e-01 5.579610466957092285e-01 4.576409235596656799e-03
3.002209663391113281e-01 5.146095752716064453e-01 -9.337039082311093807e-04
3.130614161491394043e-01 5.165104866027832031e-01 -1.239447738043963909e-03
2.883567810058593750e-01 5.171146988868713379e-01 3.151854733005166054e-03
2.804038226604461670e-01 5.234181284904479980e-01 7.920284755527973175e-03
2.689018547534942627e-01 5.636184811592102051e-01 2.402844280004501343e-02
3.266777992248535156e-01 7.944330573081970215e-01 3.507910761982202530e-03
2.773329019546508789e-01 5.398054718971252441e-01 1.984083093702793121e-02
2.347476929426193237e-01 5.518634915351867676e-01 7.725279033184051514e-02
2.558855116367340088e-01 5.497402548789978027e-01 3.627358376979827881e-02
3.102850914001464844e-01 6.371107101440429688e-01 -7.489087060093879700e-03
3.554227650165557861e-01 7.081123590469360352e-01 -3.156889602541923523e-02
3.578990995883941650e-01 7.247135639190673828e-01 -2.571054548025131226e-02
3.424745798110961914e-01 7.140567898750305176e-01 -2.487181685864925385e-02
3.344106972217559814e-01 7.209956645965576172e-01 -1.722412370145320892e-02
3.487722873687744141e-01 7.262383103370666504e-01 -2.160905115306377411e-02
3.415255248546600342e-01 7.280022501945495605e-01 -1.449126563966274261e-02
3.195649981498718262e-01 7.448948621749877930e-01 4.977294011041522026e-04
3.582245707511901855e-01 6.555565595626831055e-01 -6.111209467053413391e-02
3.563767373561859131e-01 6.380527019500732422e-01 -6.492403894662857056e-02
2.623611390590667725e-01 5.020347833633422852e-01 1.272805128246545792e-02
3.327298760414123535e-01 5.922434926033020020e-01 -9.357421658933162689e-03
3.337094783782958984e-01 6.502953767776489258e-01 -3.192785009741783142e-02
3.326250612735748291e-01 6.402986645698547363e-01 -2.853108942508697510e-02
2.748052477836608887e-01 6.347447037696838379e-01 7.837333716452121735e-03
3.567936718463897705e-01 6.150953173637390137e-01 -5.797415599226951599e-02
2.884519696235656738e-01 4.826881885528564453e-01 -7.894680835306644440e-03
2.730014324188232422e-01 4.887428879737854004e-01 1.746724592521786690e-03
2.514660954475402832e-01 4.458866119384765625e-01 4.812884330749511719e-02
3.402619063854217529e-01 4.987792968750000000e-01 -1.846939139068126678e-02
3.243201076984405518e-01 5.230847597122192383e-01 2.050996758043766022e-03
3.109616041183471680e-01 7.298756837844848633e-01 3.189358161762356758e-03
2.494586110115051270e-01 7.098339200019836426e-01 1.110154613852500916e-01
3.422379195690155029e-01 6.597180366516113281e-01 -2.745615318417549133e-02
3.512819409370422363e-01 6.644051074981689453e-01 -2.819004841148853302e-02
3.253878951072692871e-01 7.309689521789550781e-01 9.795972146093845367e-04
3.305470347404479980e-01 7.292821407318115234e-01 -2.584247151389718056e-03
2.663740217685699463e-01 4.766167104244232178e-01 7.075291126966476440e-03
3.338488340377807617e-01 6.576043963432312012e-01 -2.528245560824871063e-02
3.099589049816131592e-01 4.844367206096649170e-01 -1.507589593529701233e-02
3.077781200408935547e-01 4.699500501155853271e-01 -1.782682910561561584e-02
2.978984713554382324e-01 4.073592424392700195e-01 1.474769902415573597e-03
2.587293088436126709e-01 4.613303542137145996e-01 2.406781166791915894e-02
3.040452599525451660e-01 4.388086795806884766e-01 -9.427425451576709747e-03
2.551611363887786865e-01 4.938356280326843262e-01 2.289228886365890503e-02
2.476528584957122803e-01 4.863132834434509277e-01 4.545463249087333679e-02
3.564329147338867188e-01 7.179141044616699219e-01 -3.016961552202701569e-02
3.460235595703125000e-01 7.216967940330505371e-01 -2.398744784295558929e-02
3.379908800125122070e-01 7.249254584312438965e-01 -1.684297062456607819e-02
3.452299237251281738e-01 6.625425219535827637e-01 -2.465488389134407043e-02
3.281846344470977783e-01 7.305241823196411133e-01 -9.068255312740802765e-04
3.320371210575103760e-01 7.328763604164123535e-01 -8.068265393376350403e-03
3.314725160598754883e-01 7.278626561164855957e-01 -2.961891936138272285e-03
3.471389412879943848e-01 6.545944809913635254e-01 -4.372527822852134705e-02
3.438706994056701660e-01 7.267341613769531250e-01 -1.251947693526744843e-02
3.511160314083099365e-01 7.266612052917480469e-01 -1.702833361923694611e-02
3.594621419906616211e-01 7.268512845039367676e-01 -2.072776108980178833e-02
3.546456396579742432e-01 7.696294188499450684e-01 -1.000740379095077515e-02
3.557291030883789062e-01 7.547299265861511230e-01 -2.195267565548419952e-02
3.562764525413513184e-01 7.451356649398803711e-01 -2.368989028036594391e-02
3.571533858776092529e-01 7.366261482238769531e-01 -2.141176536679267883e-02
3.581450581550598145e-01 7.306135892868041992e-01 -1.970256865024566650e-02
3.412544429302215576e-01 7.296242713928222656e-01 -1.198777928948402405e-02
3.396377265453338623e-01 7.318432331085205078e-01 -1.387583464384078979e-02
3.372201323509216309e-01 7.363129854202270508e-01 -1.569740101695060730e-02
3.349002897739410400e-01 7.419118881225585938e-01 -1.361141912639141083e-02
3.230838179588317871e-01 7.009301781654357910e-01 -1.336087845265865326e-02
2.359632700681686401e-01 6.244599223136901855e-01 1.275677382946014404e-01
3.677981197834014893e-01 6.672497987747192383e-01 -4.016606509685516357e-02
3.365963399410247803e-01 7.293351292610168457e-01 -7.016759831458330154e-03
3.345747590065002441e-01 7.305960059165954590e-01 -8.072167634963989258e-03
3.548718690872192383e-01 6.718909740447998047e-01 -2.868228219449520111e-02
3.380229175090789795e-01 6.677437424659729004e-01 -1.658135838806629181e-02
3.531923294067382812e-01 6.683701276779174805e-01 -2.860661409795284271e-02
3.207828998565673828e-01 6.026374697685241699e-01 -5.157422740012407303e-03
3.014753460884094238e-01 6.145783066749572754e-01 -1.231905538588762283e-03
3.311995267868041992e-01 6.477384567260742188e-01 -2.171253412961959839e-02
2.692970335483551025e-01 4.224313497543334961e-01 2.303068339824676514e-02
2.762545049190521240e-01 4.444372057914733887e-01 6.241730879992246628e-03
2.839805483818054199e-01 4.684121310710906982e-01 -6.481476593762636185e-03
3.283508718013763428e-01 7.547146677970886230e-01 -4.688838496804237366e-03
3.363671898841857910e-01 4.752526581287384033e-01 -2.373908087611198425e-02
3.334830999374389648e-01 4.395930767059326172e-01 -1.850446872413158417e-02
3.295264244079589844e-01 4.007897078990936279e-01 -1.110627409070730209e-02
2.833502888679504395e-01 5.588107109069824219e-01 1.295737922191619873e-02
2.564759254455566406e-01 5.766877532005310059e-01 3.056407533586025238e-02
3.327232599258422852e-01 5.531373620033264160e-01 6.181554868817329407e-03
2.681330442428588867e-01 5.277947783470153809e-01 1.859649270772933960e-02
3.406346738338470459e-01 5.806319117546081543e-01 -1.356322877109050751e-02
3.395913839340209961e-01 6.440948843955993652e-01 -4.357933625578880310e-02
2.441464960575103760e-01 5.877456068992614746e-01 4.397061467170715332e-02
2.646468281745910645e-01 5.905581712722778320e-01 1.957061886787414551e-02
2.801933884620666504e-01 5.980243682861328125e-01 8.339452557265758514e-03
3.028576374053955078e-01 5.947649478912353516e-01 3.216358367353677750e-03
3.194121718406677246e-01 5.870854854583740234e-01 4.136222996748983860e-04
3.315619528293609619e-01 5.785881876945495605e-01 -2.750726649537682533e-03
3.560636341571807861e-01 5.575849413871765137e-01 -2.556867338716983795e-02
2.469672858715057373e-01 6.253461837768554688e-01 4.072743654251098633e-02
2.584485411643981934e-01 5.239669680595397949e-01 2.444080635905265808e-02
3.620853424072265625e-01 6.637404561042785645e-01 -5.525243282318115234e-02
3.347894549369812012e-01 6.105651259422302246e-01 -1.427824981510639191e-02
2.322623729705810547e-01 5.484076738357543945e-01 1.176641657948493958e-01
3.405865728855133057e-01 5.689165592193603516e-01 -4.426419269293546677e-03
3.301510214805603027e-01 6.482739448547363281e-01 -1.018417626619338989e-02
2.741953134536743164e-01 5.408474802970886230e-01 2.218240126967430115e-02
3.389574289321899414e-01 6.319342851638793945e-01 -3.930176421999931335e-02
2.402159571647644043e-01 6.662245392799377441e-01 1.225772425532341003e-01
3.326654434204101562e-01 5.459782481193542480e-01 9.084261022508144379e-03
3.472900092601776123e-01 6.214743852615356445e-01 -5.086298659443855286e-02
2.758615612983703613e-01 7.560200095176696777e-01 4.622614011168479919e-02
2.760353386402130127e-01 7.718132734298706055e-01 6.888629496097564697e-02
2.354964464902877808e-01 6.256898045539855957e-01 8.405598253011703491e-02
2.608669400215148926e-01 7.321197986602783203e-01 6.125696748495101929e-02
2.409001439809799194e-01 5.167126059532165527e-01 6.474265456199645996e-02
3.239277601242065430e-01 8.097169399261474609e-01 1.113972626626491547e-02
3.635430634021759033e-01 6.666186451911926270e-01 -3.929180279374122620e-02
3.246735632419586182e-01 6.235256195068359375e-01 -9.919028729200363159e-03
2.457500994205474854e-01 5.525255203247070312e-01 4.811694473028182983e-02
2.932632565498352051e-01 5.520861744880676270e-01 8.442942984402179718e-03
3.036384582519531250e-01 5.540660619735717773e-01 5.446693859994411469e-03
3.292409777641296387e-01 7.361980676651000977e-01 -6.013649050146341324e-03
2.506673932075500488e-01 6.595410704612731934e-01 4.460966214537620544e-02
3.447970747947692871e-01 8.309826850891113281e-01 1.525055151432752609e-02
3.098522424697875977e-01 8.085621595382690430e-01 3.811169415712356567e-02
2.942681908607482910e-01 7.939419746398925781e-01 5.129835382103919983e-02
3.670387864112854004e-01 4.404597878456115723e-01 -2.095851302146911621e-02
3.689260780811309814e-01 8.339390754699707031e-01 1.177803985774517059e-02
3.138677179813385010e-01 5.531313419342041016e-01 4.955445881932973862e-03
3.235101103782653809e-01 5.501555800437927246e-01 6.544371135532855988e-03
3.297081887722015381e-01 5.480715036392211914e-01 9.046457707881927490e-03
2.498809844255447388e-01 5.200095176696777344e-01 3.672023117542266846e-02
3.221136331558227539e-01 5.323135852813720703e-01 4.471672233194112778e-03
3.116025328636169434e-01 5.265251398086547852e-01 2.944567706435918808e-03
3.007313311100006104e-01 5.250659584999084473e-01 3.479300299659371376e-03
2.900258898735046387e-01 5.279482007026672363e-01 6.577782798558473587e-03
2.836175262928009033e-01 5.328993201255798340e-01 1.044250838458538055e-02
2.343802452087402344e-01 5.085896253585815430e-01 9.770023822784423828e-02
2.862498760223388672e-01 5.487887859344482422e-01 1.243279967457056046e-02
3.681049346923828125e-01 6.833773851394653320e-01 -2.937833964824676514e-02
3.328401148319244385e-01 6.914281845092773438e-01 -1.845571771264076233e-02
3.417863249778747559e-01 6.572725772857666016e-01 -3.177725896239280701e-02
3.535521626472473145e-01 6.855959892272949219e-01 -2.841830439865589142e-02
3.672706782817840576e-01 5.281046628952026367e-01 -2.180859819054603577e-02
2.919402122497558594e-01 7.775717377662658691e-01 3.487558290362358093e-02
3.072563111782073975e-01 7.937127947807312012e-01 2.370475418865680695e-02
3.442364931106567383e-01 8.217093348503112793e-01 1.737494894769042730e-04
2.617669701576232910e-01 7.455601096153259277e-01 9.133035689592361450e-02
3.294652104377746582e-01 5.405517816543579102e-01 7.214437238872051239e-03
3.485412299633026123e-01 5.865128636360168457e-01 -2.963779866695404053e-02
3.689661026000976562e-01 8.241399526596069336e-01 -2.861652057617902756e-03
3.262096047401428223e-01 8.216139674186706543e-01 2.439059875905513763e-02
2.402343899011611938e-01 6.636518239974975586e-01 8.250466734170913696e-02
3.488728106021881104e-01 7.298415303230285645e-01 -1.620897836983203888e-02
3.472131788730621338e-01 7.340816855430603027e-01 -1.834402233362197876e-02
3.455263376235961914e-01 7.408304214477539062e-01 -2.034476026892662048e-02
3.440891504287719727e-01 7.494050860404968262e-01 -1.865130104124546051e-02
3.401325345039367676e-01 7.634938359260559082e-01 -9.031962603330612183e-03
3.351318240165710449e-01 7.289239764213562012e-01 -8.185946382582187653e-03
3.317227065563201904e-01 7.281838655471801758e-01 -8.321851491928100586e-03
3.282596468925476074e-01 7.259849905967712402e-01 -8.357375860214233398e-03
3.151885271072387695e-01 7.145304679870605469e-01 -5.703569389879703522e-03
2.670270800590515137e-01 6.707496643066406250e-01 2.043829672038555145e-02
3.484029769897460938e-01 5.679046511650085449e-01 -1.869181171059608459e-02
3.416758179664611816e-01 5.326381921768188477e-01 4.414195136632770300e-04
3.345959484577178955e-01 5.360617637634277344e-01 5.072759464383125305e-03
3.374833762645721436e-01 7.264279723167419434e-01 -6.940929219126701355e-03
2.666453719139099121e-01 7.103956341743469238e-01 3.813574463129043579e-02
3.518785834312438965e-01 5.310816764831542969e-01 -1.403787359595298767e-02
3.327717185020446777e-01 7.789970636367797852e-01 -1.862809527665376663e-03
3.672750294208526611e-01 5.926389098167419434e-01 -5.088067799806594849e-02
3.563827276229858398e-01 5.775381922721862793e-01 -3.744611516594886780e-02
3.672416210174560547e-01 5.737150907516479492e-01 -4.020515456795692444e-02
3.415121138095855713e-01 6.151555776596069336e-01 -2.924322709441184998e-02
3.690421879291534424e-01 8.083276152610778809e-01 -9.554929099977016449e-03
3.690088689327239990e-01 7.879812717437744141e-01 -9.600436314940452576e-03
3.504950106143951416e-01 7.872956991195678711e-01 -7.461575791239738464e-03
3.066731691360473633e-01 7.504723668098449707e-01 8.250623010098934174e-03
3.202063143253326416e-01 6.614264249801635742e-01 -7.476143538951873779e-03
3.184763789176940918e-01 7.669946551322937012e-01 3.421716159209609032e-03
2.923352718353271484e-01 6.573256850242614746e-01 -2.730194944888353348e-03
3.094601631164550781e-01 6.780298948287963867e-01 -6.195159163326025009e-03
2.834411859512329102e-01 6.846057176589965820e-01 6.269907113164663315e-03
3.463332951068878174e-01 8.064899444580078125e-01 -6.381768267601728439e-03
3.355528712272644043e-01 6.251814365386962891e-01 -2.082688361406326294e-02
2.960265278816223145e-01 7.612769007682800293e-01 2.037733793258666992e-02
3.111303746700286865e-01 7.788336277008056641e-01 1.340964529663324356e-02
2.974765896797180176e-01 7.304745316505432129e-01 9.424198418855667114e-03
2.548656463623046875e-01 6.883324980735778809e-01 4.894416034221649170e-02
2.818796038627624512e-01 7.308065891265869141e-01 2.166494168341159821e-02
2.476859539747238159e-01 6.989775300025939941e-01 7.741484791040420532e-02
3.014028668403625488e-01 7.007141709327697754e-01 -8.306715753860771656e-04
3.417921364307403564e-01 5.981936454772949219e-01 -2.145480923354625702e-02
3.434368073940277100e-01 6.519875526428222656e-01 -4.608587175607681274e-02
3.372664153575897217e-01 6.560701131820678711e-01 -3.313701227307319641e-02
3.471891582012176514e-01 6.402608752250671387e-01 -5.460308119654655457e-02
3.314888775348663330e-01 5.161147713661193848e-01 -3.581036813557147980e-03
3.122534453868865967e-01 5.057535767555236816e-01 -5.243115127086639404e-03
2.957838475704193115e-01 5.037214756011962891e-01 -3.820769488811492920e-03
2.821986377239227295e-01 5.061873197555541992e-01 1.311695319600403309e-03
2.729411423206329346e-01 5.137114524841308594e-01 8.695892989635467529e-03
2.663898169994354248e-01 5.451887249946594238e-01 2.735679969191551208e-02
2.332841753959655762e-01 5.885102152824401855e-01 8.117852360010147095e-02
2.753002047538757324e-01 5.719147920608520508e-01 1.763654313981533051e-02
2.874443829059600830e-01 5.779042243957519531e-01 1.033556275069713593e-02
3.031513392925262451e-01 5.778627395629882812e-01 5.375740118324756622e-03
3.180448412895202637e-01 5.736551284790039062e-01 2.580453176051378250e-03
3.295811712741851807e-01 5.675047636032104492e-01 2.630945760756731033e-03
3.375471234321594238e-01 5.615406632423400879e-01 1.708787400275468826e-03
2.339024990797042847e-01 5.859339833259582520e-01 1.266585886478424072e-01
3.379538059234619141e-01 6.602934002876281738e-01 -2.718555741012096405e-02
3.486585915088653564e-01 6.034569144248962402e-01 -3.857437521219253540e-02
3.505906462669372559e-01 6.529951095581054688e-01 -5.534248054027557373e-02
3.569144606590270996e-01 6.605928540229797363e-01 -5.050825700163841248e-02
3.510017693042755127e-01 6.553789377212524414e-01 -4.959575086832046509e-02
3.413538336753845215e-01 6.651473045349121094e-01 -2.311675250530242920e-02
3.587704002857208252e-01 6.624667644500732422e-01 -5.356428772211074829e-02
3.601412177085876465e-01 6.654213666915893555e-01 -3.952747583389282227e-02
3.369011282920837402e-01 5.474057197570800781e-01 7.418579421937465668e-03
3.437942862510681152e-01 5.516022443771362305e-01 3.051968233194202185e-04
3.474422693252563477e-01 5.547611713409423828e-01 -7.540216669440269470e-03
2.800360321998596191e-01 5.366690158843994141e-01 1.456840801984071732e-02
2.747139632701873779e-01 5.301756262779235840e-01 1.499453280121088028e-02
3.772964179515838623e-01 5.950876474380493164e-01 -4.689754173159599304e-02
4.534652531147003174e-01 5.418019294738769531e-01 1.548692863434553146e-02
3.777554333209991455e-01 6.624034047126770020e-01 -3.970796242356300354e-02
4.944453239440917969e-01 4.724539816379547119e-01 7.189275324344635010e-02
4.188948869705200195e-01 5.603179931640625000e-01 2.536220708861947060e-03
4.309830069541931152e-01 5.611714720726013184e-01 3.618403803557157516e-03
4.422886967658996582e-01 5.598363280296325684e-01 7.100308779627084732e-03
4.570720195770263672e-01 5.480500459671020508e-01 1.744750328361988068e-02
4.087559580802917480e-01 5.561188459396362305e-01 4.260686226189136505e-03
4.345568120479583740e-01 5.124737620353698730e-01 -1.275247544981539249e-03
4.213778376579284668e-01 5.145761370658874512e-01 -1.669446588493883610e-03
4.466204941272735596e-01 5.147243738174438477e-01 2.868746407330036163e-03
4.547077417373657227e-01 5.206722617149353027e-01 7.578799501061439514e-03
4.662421941757202148e-01 5.599864125251770020e-01 2.351347915828227997e-02
4.112758040428161621e-01 7.925969958305358887e-01 3.333378117531538010e-03
4.574955999851226807e-01 5.363165736198425293e-01 1.946131885051727295e-02
5.002535581588745117e-01 5.470303297042846680e-01 7.704525440931320190e-02
4.792576432228088379e-01 5.457668900489807129e-01 3.581734001636505127e-02
4.256075024604797363e-01 6.348572969436645508e-01 -7.903105579316616058e-03
3.814111351966857910e-01 7.074108123779296875e-01 -3.174187988042831421e-02
3.792548775672912598e-01 7.240983247756958008e-01 -2.596061490476131439e-02
3.946448862552642822e-01 7.125621438026428223e-01 -2.523964457213878632e-02
4.029775857925415039e-01 7.189109921455383301e-01 -1.761202886700630188e-02
3.885589241981506348e-01 7.251120209693908691e-01 -2.203438803553581238e-02
3.959808051586151123e-01 7.263802289962768555e-01 -1.491658575832843781e-02
4.182305634021759033e-01 7.422669529914855957e-01 8.293071005027741194e-05
3.770196437835693359e-01 6.551384329795837402e-01 -6.107339262962341309e-02
3.784805238246917725e-01 6.375759840011596680e-01 -6.498721987009048462e-02
4.727517962455749512e-01 4.992152452468872070e-01 1.218663249164819717e-02
4.025649428367614746e-01 5.910005569458007812e-01 -9.618307463824748993e-03
4.019496738910675049e-01 6.488164663314819336e-01 -3.206660225987434387e-02
4.029233455657958984e-01 6.388563513755798340e-01 -2.875194326043128967e-02
4.610357880592346191e-01 6.310991644859313965e-01 7.245402783155441284e-03
3.779421746730804443e-01 6.146987080574035645e-01 -5.809554830193519592e-02
4.461603462696075439e-01 4.810980260372161865e-01 -8.535761386156082153e-03
4.619397521018981934e-01 4.865767359733581543e-01 1.155555830337107182e-03
4.835653305053710938e-01 4.425112903118133545e-01 4.789945483207702637e-02
3.937499225139617920e-01 4.982996284961700439e-01 -1.875691674649715424e-02
4.101846814155578613e-01 5.215007066726684570e-01 1.827166648581624031e-03
4.265179038047790527e-01 7.269192337989807129e-01 2.802887465804815292e-03
4.853927791118621826e-01 7.047139406204223633e-01 1.108631417155265808e-01
3.936098814010620117e-01 6.586127281188964844e-01 -2.754430100321769714e-02
3.846280276775360107e-01 6.638449430465698242e-01 -2.821770496666431427e-02
4.123719930648803711e-01 7.283275723457336426e-01 6.340293330140411854e-04
4.071421921253204346e-01 7.269009351730346680e-01 -3.024615580216050148e-03
4.685494303703308105e-01 4.744799137115478516e-01 6.544836331158876419e-03
4.019540548324584961e-01 6.561667323112487793e-01 -2.549635246396064758e-02
4.242034256458282471e-01 4.832512736320495605e-01 -1.551950536668300629e-02
4.264114797115325928e-01 4.688324034214019775e-01 -1.814256608486175537e-02
4.363272190093994141e-01 4.054591059684753418e-01 1.197380363009870052e-03
4.762144982814788818e-01 4.584423303604125977e-01 2.372549287974834442e-02
4.302686154842376709e-01 4.373079538345336914e-01 -9.672253392636775970e-03
4.798495173454284668e-01 4.908356368541717529e-01 2.245950885117053986e-02
4.874107837677001953e-01 4.828750491142272949e-01 4.514052718877792358e-02
3.805891573429107666e-01 7.172917127609252930e-01 -3.033407218754291534e-02
3.913118243217468262e-01 7.204737067222595215e-01 -2.433861419558525085e-02
3.995525240898132324e-01 7.230326533317565918e-01 -1.738377101719379425e-02
3.906643986701965332e-01 6.615678071975708008e-01 -2.481663227081298828e-02
4.094930589199066162e-01 7.279624938964843750e-01 -1.333427964709699154e-03
4.055685102939605713e-01 7.306282520294189453e-01 -8.484830148518085480e-03
4.061714112758636475e-01 7.256430983543395996e-01 -3.292253939434885979e-03
3.884710371494293213e-01 6.537111401557922363e-01 -4.391632601618766785e-02
3.936565816402435303e-01 7.251764535903930664e-01 -1.296692062169313431e-02
3.862888216972351074e-01 7.257698178291320801e-01 -1.738611422479152679e-02
3.778030276298522949e-01 7.263581156730651855e-01 -2.098021283745765686e-02
3.833231627941131592e-01 7.689810991287231445e-01 -1.015621796250343323e-02
3.821517229080200195e-01 7.541875243186950684e-01 -2.214527316391468048e-02
3.813982605934143066e-01 7.446529269218444824e-01 -2.391457557678222656e-02
3.803362846374511719e-01 7.361353039741516113e-01 -2.161638252437114716e-02
3.792782723903656006e-01 7.301595807075500488e-01 -1.988592743873596191e-02
3.962785899639129639e-01 7.280139923095703125e-01 -1.235972717404365540e-02
3.979172408580780029e-01 7.301952838897705078e-01 -1.429937779903411865e-02
4.004034101963043213e-01 7.346069812774658203e-01 -1.607447490096092224e-02
4.027290046215057373e-01 7.400439381599426270e-01 -1.395027246326208115e-02
4.138672053813934326e-01 6.988196372985839844e-01 -1.370576582849025726e-02
4.985930919647216797e-01 6.192026734352111816e-01 1.276645213365554810e-01
4.009577035903930664e-01 7.274695634841918945e-01 -7.276005111634731293e-03
4.030040800571441650e-01 7.286407351493835449e-01 -8.472727611660957336e-03
3.810837268829345703e-01 6.714426875114440918e-01 -2.884315885603427887e-02
3.980561792850494385e-01 6.663678288459777832e-01 -1.686968654394149780e-02
3.827472031116485596e-01 6.678166389465332031e-01 -2.870548516511917114e-02
4.147565960884094238e-01 6.008940339088439941e-01 -5.527583882212638855e-03
4.342278540134429932e-01 6.120953559875488281e-01 -1.690609729848802090e-03
4.045248031616210938e-01 6.461842060089111328e-01 -2.207006327807903290e-02
4.654164314270019531e-01 4.195462167263031006e-01 2.265558950603008270e-02
4.584885835647583008e-01 4.422773718833923340e-01 5.834956653416156769e-03
4.505641162395477295e-01 4.666947126388549805e-01 -6.994422990828752518e-03
4.095489978790283203e-01 7.527033686637878418e-01 -5.037510767579078674e-03
3.976628184318542480e-01 4.748126864433288574e-01 -2.385709248483181000e-02
4.005986154079437256e-01 4.388195872306823730e-01 -1.853751763701438904e-02
4.045189917087554932e-01 3.997028470039367676e-01 -1.115986146032810211e-02
4.517822861671447754e-01 5.555832982063293457e-01 1.250786986202001572e-02
4.788001775741577148e-01 5.725517868995666504e-01 3.029025159776210785e-02
4.021716117858886719e-01 5.515939593315124512e-01 6.006532814353704453e-03
4.670018851757049561e-01 5.246133208274841309e-01 1.809703931212425232e-02
3.945310115814208984e-01 5.796765685081481934e-01 -1.380528882145881653e-02
3.957783281803131104e-01 6.429421305656433105e-01 -4.378600418567657471e-02
4.909755885601043701e-01 5.830460786819458008e-01 4.369424656033515930e-02
4.706867635250091553e-01 5.866398811340332031e-01 1.924614794552326202e-02
4.553482532501220703e-01 5.946447253227233887e-01 7.807527668774127960e-03
4.326174855232238770e-01 5.923383235931396484e-01 2.769728889688849449e-03
4.160069227218627930e-01 5.852556228637695312e-01 4.335780249675735831e-05
4.036968350410461426e-01 5.772413611412048340e-01 -3.150363918393850327e-03
3.787023723125457764e-01 5.571786761283874512e-01 -2.576775662600994110e-02
4.882991909980773926e-01 6.206291913986206055e-01 4.041116312146186829e-02
4.767739176750183105e-01 5.205732583999633789e-01 2.406306192278862000e-02
3.733621239662170410e-01 6.634958982467651367e-01 -5.523397400975227356e-02
4.005812406539916992e-01 6.094287633895874023e-01 -1.457437593489885330e-02
5.024971961975097656e-01 5.435642600059509277e-01 1.174949407577514648e-01
3.945265114307403564e-01 5.679548382759094238e-01 -4.756716545671224594e-03
4.056609869003295898e-01 6.466211080551147461e-01 -1.056368742138147354e-02
4.607978463172912598e-01 5.373612642288208008e-01 2.188855409622192383e-02
3.962945640087127686e-01 6.308255195617675781e-01 -3.948830440640449524e-02
4.942551255226135254e-01 6.609770655632019043e-01 1.226504221558570862e-01
4.021516144275665283e-01 5.444061160087585449e-01 8.887921459972858429e-03
3.876694440841674805e-01 6.207186579704284668e-01 -5.098347365856170654e-02
4.604353904724121094e-01 7.515274882316589355e-01 4.590912908315658569e-02
4.599083960056304932e-01 7.673119306564331055e-01 6.863117218017578125e-02
4.992125034332275391e-01 6.204153895378112793e-01 8.393414318561553955e-02
4.746823310852050781e-01 7.270544171333312988e-01 6.113275140523910522e-02
4.941489100456237793e-01 5.125285387039184570e-01 6.449627131223678589e-02
4.138755202293395996e-01 8.077196478843688965e-01 1.102823205292224884e-02
3.721125125885009766e-01 6.664151549339294434e-01 -3.941887244582176208e-02
4.109773337841033936e-01 6.218771934509277344e-01 -1.013112533837556839e-02
4.893487691879272461e-01 5.481978058815002441e-01 4.781102389097213745e-02
4.417578876018524170e-01 5.491888523101806641e-01 8.099988102912902832e-03
4.314441680908203125e-01 5.513937473297119141e-01 5.099280271679162979e-03
4.085141122341156006e-01 7.338682413101196289e-01 -6.303055677562952042e-03
4.846892058849334717e-01 6.547451615333557129e-01 4.426143318414688110e-02
3.929089903831481934e-01 8.300008773803710938e-01 1.509063970297574997e-02
4.273629188537597656e-01 8.058506250381469727e-01 3.784774616360664368e-02
4.424867331981658936e-01 7.902815341949462891e-01 5.116381868720054626e-02
4.210855960845947266e-01 5.508286952972412109e-01 4.685604479163885117e-03
4.114653170108795166e-01 5.480924844741821289e-01 6.395173724740743637e-03
4.052093625068664551e-01 5.463137626647949219e-01 8.861093781888484955e-03
4.851973652839660645e-01 5.161377787590026855e-01 3.631501644849777222e-02
4.125639200210571289e-01 5.306090116500854492e-01 4.202671814709901810e-03
4.229624569416046143e-01 5.245084166526794434e-01 2.504931297153234482e-03
4.338200092315673828e-01 5.227674245834350586e-01 3.250568872317671776e-03
4.445435404777526855e-01 5.251650810241699219e-01 6.148423999547958374e-03
4.510336220264434814e-01 5.297326445579528809e-01 1.002532429993152618e-02
5.005755424499511719e-01 5.042655467987060547e-01 9.753547608852386475e-02
4.487240314483642578e-01 5.455935001373291016e-01 1.204249728471040726e-02
4.037772715091705322e-01 6.898022890090942383e-01 -1.872462220489978790e-02
3.939933180809020996e-01 6.561064720153808594e-01 -3.187209367752075195e-02
3.828379809856414795e-01 6.848914027214050293e-01 -2.856709063053131104e-02
4.449681639671325684e-01 7.739866971969604492e-01 3.469551354646682739e-02
4.299491047859191895e-01 7.908242940902709961e-01 2.349652722477912903e-02
3.937041461467742920e-01 8.206868171691894531e-01 -6.069462324376218021e-05
4.733978211879730225e-01 7.405330538749694824e-01 9.108436852693557739e-02
4.053052961826324463e-01 5.389344096183776855e-01 6.946857087314128876e-03
3.863593041896820068e-01 5.859319567680358887e-01 -2.979830466210842133e-02
4.114317893981933594e-01 8.196973204612731934e-01 2.410193718969821930e-02
4.943726062774658203e-01 6.582831144332885742e-01 8.229364454746246338e-02
3.886001110076904297e-01 7.288611531257629395e-01 -1.657342724502086639e-02
3.903100788593292236e-01 7.330260276794433594e-01 -1.864999160170555115e-02
3.921286463737487793e-01 7.396681308746337891e-01 -2.071809023618698120e-02
3.936864435672760010e-01 7.482144236564636230e-01 -1.894674450159072876e-02
3.979039192199707031e-01 7.621625661849975586e-01 -9.378682821989059448e-03
4.024941027164459229e-01 7.268388271331787109e-01 -8.649393916130065918e-03
4.058612585067749023e-01 7.259634137153625488e-01 -8.769300766289234161e-03
4.092499315738677979e-01 7.235239744186401367e-01 -8.768184110522270203e-03
4.219735264778137207e-01 7.119517922401428223e-01 -6.132347974926233292e-03
4.687808752059936523e-01 6.665534973144531250e-01 1.987409032881259918e-02
3.865208029747009277e-01 5.672658681869506836e-01 -1.887732557952404022e-02
3.929530978202819824e-01 5.318659543991088867e-01 2.865628339350223541e-04
4.000374078750610352e-01 5.347839593887329102e-01 4.858220461755990982e-03
4.001093506813049316e-01 7.245102524757385254e-01 -7.446843665093183517e-03
4.693150222301483154e-01 7.058386206626892090e-01 3.783478960394859314e-02
3.827219307422637939e-01 5.307731628417968750e-01 -1.432504132390022278e-02
4.051535129547119141e-01 7.772933840751647949e-01 -2.084007952362298965e-03
3.782244324684143066e-01 5.771974325180053711e-01 -3.753877431154251099e-02
3.936242461204528809e-01 6.142348051071166992e-01 -2.945672348141670227e-02
3.876301646232604980e-01 7.865741848945617676e-01 -7.632266264408826828e-03
4.307669699192047119e-01 7.474951148033142090e-01 7.860168814659118652e-03
4.159918129444122314e-01 6.594401597976684570e-01 -7.951453328132629395e-03
4.193155765533447266e-01 7.646604776382446289e-01 3.087549936026334763e-03
4.437870979309082031e-01 6.543698906898498535e-01 -3.335185116156935692e-03
4.270232915878295898e-01 6.756626367568969727e-01 -6.668479647487401962e-03
4.529684185981750488e-01 6.812114119529724121e-01 5.613528657704591751e-03
3.918609619140625000e-01 8.056622743606567383e-01 -6.484074518084526062e-03
3.998299539089202881e-01 6.240121126174926758e-01 -2.100540697574615479e-02
4.412146508693695068e-01 7.579029798507690430e-01 2.007149159908294678e-02
4.264584779739379883e-01 7.761533260345458984e-01 1.319786719977855682e-02
4.397122859954833984e-01 7.270811200141906738e-01 8.862039074301719666e-03
4.806869029998779297e-01 6.835521459579467773e-01 4.857519641518592834e-02
4.546593725681304932e-01 7.267817258834838867e-01 2.126486226916313171e-02
4.874008297920227051e-01 6.935276389122009277e-01 7.720380276441574097e-02
4.354995787143707275e-01 6.978239417076110840e-01 -1.385005307383835316e-03
3.933368623256683350e-01 5.973874926567077637e-01 -2.159200049936771393e-02
3.920616209506988525e-01 6.509961485862731934e-01 -4.631018638610839844e-02
3.985345065593719482e-01 6.547423005104064941e-01 -3.338116779923439026e-02
3.879207372665405273e-01 6.394975781440734863e-01 -5.459168553352355957e-02
4.027727246284484863e-01 5.150998830795288086e-01 -3.853016532957553864e-03
4.221659004688262939e-01 5.041912794113159180e-01 -5.551113747060298920e-03
4.389607608318328857e-01 5.017418265342712402e-01 -4.269422963261604309e-03
4.527765214443206787e-01 5.040188431739807129e-01 7.981706876307725906e-04
4.621788561344146729e-01 5.110259652137756348e-01 8.240483701229095459e-03
4.687601625919342041e-01 5.415386557579040527e-01 2.687587030231952667e-02
5.015954971313476562e-01 5.834494829177856445e-01 8.109742403030395508e-02
4.599290192127227783e-01 5.683693289756774902e-01 1.706191897392272949e-02
4.479316174983978271e-01 5.748403668403625488e-01 9.892372414469718933e-03
4.322027266025543213e-01 5.753642916679382324e-01 4.808362573385238647e-03
4.171921014785766602e-01 5.715993642807006836e-01 2.212940482422709465e-03
4.056103229522705078e-01 5.660100579261779785e-01 2.271939301863312721e-03
3.975607156753540039e-01 5.602972507476806641e-01 1.341493218205869198e-03
5.006827116012573242e-01 5.808911919593811035e-01 1.265731155872344971e-01
3.978784680366516113e-01 6.590581536293029785e-01 -2.740340121090412140e-02
3.861994743347167969e-01 6.027488708496093750e-01 -3.878840431571006775e-02
3.848169744014739990e-01 6.523576974868774414e-01 -5.545199289917945862e-02
3.786611557006835938e-01 6.601778864860534668e-01 -5.053257197141647339e-02
3.845386505126953125e-01 6.547034382820129395e-01 -4.967693984508514404e-02
3.946410715579986572e-01 6.640686988830566406e-01 -2.338425442576408386e-02
3.768089711666107178e-01 6.621619462966918945e-01 -5.361113324761390686e-02
3.755322694778442383e-01 6.651424765586853027e-01 -3.955396264791488647e-02
3.979590833187103271e-01 5.461090803146362305e-01 7.147384341806173325e-03
3.911289274692535400e-01 5.507612228393554688e-01 4.347875437815673649e-05
3.874723315238952637e-01 5.540869832038879395e-01 -7.750728167593479156e-03
4.546768367290496826e-01 5.333502292633056641e-01 1.428437419235706329e-02
4.602941572666168213e-01 5.269950628280639648e-01 1.457657385617494583e-02
