3.997271656990051270e-01 5.953116416931152344e-01 -4.164989665150642395e-02
4.000422358512878418e-01 5.331999063491821289e-01 -7.044836133718490601e-02
4.013290107250213623e-01 5.534280538558959961e-01 -3.755654767155647278e-02
3.898580670356750488e-01 4.668610095977783203e-01 -4.989080131053924561e-02
3.999567627906799316e-01 5.125276446342468262e-01 -7.457306236028671265e-02
4.004567563533782959e-01 4.856909513473510742e-01 -6.829787790775299072e-02
4.027368426322937012e-01 4.216124415397644043e-01 -2.949456125497817993e-02
3.064651489257812500e-01 4.149049520492553711e-01 2.704540826380252838e-02
4.032543897628784180e-01 3.637363314628601074e-01 -1.851926185190677643e-02
4.031922221183776855e-01 3.351973891258239746e-01 -2.042585238814353943e-02
4.036733806133270264e-01 2.496850788593292236e-01 -3.119542729109525681e-03
3.996083736419677734e-01 6.048144698143005371e-01 -4.035886377096176147e-02
3.997197449207305908e-01 6.125766038894653320e-01 -3.574525564908981323e-02
4.002202153205871582e-01 6.164491772651672363e-01 -2.980962395668029785e-02
4.003342986106872559e-01 6.223708391189575195e-01 -2.868676185607910156e-02
4.001468420028686523e-01 6.307801604270935059e-01 -3.081036359071731567e-02
4.000178575515747070e-01 6.414363384246826172e-01 -3.345911577343940735e-02
4.001886844635009766e-01 6.521076560020446777e-01 -3.115978837013244629e-02
4.012400805950164795e-01 6.692506074905395508e-01 -1.792876794934272766e-02
4.003921151161193848e-01 5.438529849052429199e-01 -6.380736082792282104e-02
3.898535370826721191e-01 5.426555275917053223e-01 -4.522458091378211975e-02
2.606424689292907715e-01 3.399681448936462402e-01 9.892084449529647827e-02
3.454275131225585938e-01 4.348323047161102295e-01 9.696343913674354553e-03
3.316822946071624756e-01 4.361171424388885498e-01 1.175723876804113388e-02
3.187702894210815430e-01 4.344197213649749756e-01 1.664688065648078918e-02
3.022285997867584229e-01 4.217560291290283203e-01 2.939426153898239136e-02
3.569411039352416992e-01 4.296009540557861328e-01 1.129740569740533829e-02
3.275839388370513916e-01 3.780927062034606934e-01 7.873179391026496887e-03
3.422550559043884277e-01 3.804138898849487305e-01 6.611586082726716995e-03
3.140319883823394775e-01 3.809699416160583496e-01 1.336917653679847717e-02
3.050219118595123291e-01 3.885865509510040283e-01 1.918102055788040161e-02
2.915814518928527832e-01 4.351822733879089355e-01 3.664111346006393433e-02
3.544683456420898438e-01 6.956686377525329590e-01 -2.127148676663637161e-03
3.020343184471130371e-01 4.091109931468963623e-01 3.215644881129264832e-02
2.545823752880096436e-01 4.240583777427673340e-01 1.004452407360076904e-01
2.773570716381072998e-01 4.192910194396972656e-01 5.213649943470954895e-02
3.363129794597625732e-01 5.158741474151611328e-01 -5.510053597390651703e-03
3.851276040077209473e-01 5.924030542373657227e-01 -3.872623294591903687e-02
3.879276514053344727e-01 6.123570203781127930e-01 -3.316056355834007263e-02
3.706152439117431641e-01 5.995344519615173340e-01 -3.061722218990325928e-02
3.618021011352539062e-01 6.081756353378295898e-01 -2.179230935871601105e-02
3.779464960098266602e-01 6.141974329948425293e-01 -2.802099660038948059e-02
3.702039122581481934e-01 6.168969273567199707e-01 -1.974025927484035492e-02
3.462051451206207275e-01 6.375186443328857422e-01 -2.783526433631777763e-03
3.893977701663970947e-01 5.326851010322570801e-01 -6.880049407482147217e-02
3.873175084590911865e-01 5.128737688064575195e-01 -7.225959748029708862e-02
2.842341661453247070e-01 3.630668520927429199e-01 2.755290456116199493e-02
3.629454970359802246e-01 4.665366411209106445e-01 -6.297296844422817230e-03
3.624000251293182373e-01 5.285450816154479980e-01 -3.445741161704063416e-02
3.613796830177307129e-01 5.178162455558776855e-01 -3.028071671724319458e-02
2.964271008968353271e-01 5.136120319366455078e-01 1.437929179519414902e-02
3.884328603744506836e-01 4.878706037998199463e-01 -6.333058327436447144e-02
3.130813539028167725e-01 3.387987315654754639e-01 2.807349665090441704e-03
2.959911227226257324e-01 3.467324972152709961e-01 1.502864621579647064e-02
2.725477814674377441e-01 3.045542240142822266e-01 7.224276661872863770e-02
3.720263838768005371e-01 3.573018312454223633e-01 -1.304649934172630310e-02
3.551476597785949707e-01 3.885718286037445068e-01 9.444226510822772980e-03
3.366513550281524658e-01 6.200877428054809570e-01 1.451873686164617538e-03
2.730382084846496582e-01 6.041456460952758789e-01 1.286100149154663086e-01
3.723480403423309326e-01 5.395979881286621094e-01 -3.043386526405811310e-02
3.825303912162780762e-01 5.452882051467895508e-01 -3.215910121798515320e-02
3.528728485107421875e-01 6.211026906967163086e-01 -1.674023456871509552e-03
3.590832352638244629e-01 6.194369792938232422e-01 -6.113755982369184494e-03
2.883711159229278564e-01 3.334262371063232422e-01 2.206305414438247681e-02
3.629486262798309326e-01 5.374474525451660156e-01 -2.746152505278587341e-02
3.373105227947235107e-01 3.402945399284362793e-01 -6.983459461480379105e-03
3.347123861312866211e-01 3.241635560989379883e-01 -9.103864431381225586e-03
3.247813284397125244e-01 2.591261863708496094e-01 1.771486550569534302e-02
2.799700200557708740e-01 3.192911744117736816e-01 4.311370849609375000e-02
3.309335112571716309e-01 2.921059131622314453e-01 3.075224114581942558e-03
2.762192785739898682e-01 3.543785810470581055e-01 4.004105180501937866e-02
2.679533362388610840e-01 3.487899303436279297e-01 6.700579077005386353e-02
3.861170411109924316e-01 6.036674380302429199e-01 -3.766577690839767456e-02
3.744891285896301270e-01 6.084272265434265137e-01 -3.013908490538597107e-02
3.658753633499145508e-01 6.129384636878967285e-01 -2.206177264451980591e-02
3.757779002189636230e-01 5.431663990020751953e-01 -2.743676118552684784e-02
3.561874628067016602e-01 6.206779479980468750e-01 -3.908104263246059418e-03
3.601406812667846680e-01 6.235787272453308105e-01 -1.265477575361728668e-02
3.603518605232238770e-01 6.179047822952270508e-01 -6.412847898900508881e-03
3.774118125438690186e-01 5.327395796775817871e-01 -4.831612855195999146e-02
3.732919692993164062e-01 6.160563230514526367e-01 -1.776742935180664062e-02
3.810085356235504150e-01 6.156110167503356934e-01 -2.314707450568675995e-02
3.900737762451171875e-01 6.158299446105957031e-01 -2.777537517249584198e-02
3.850683569908142090e-01 6.681365966796875000e-01 -1.705497317016124725e-02
3.852808475494384766e-01 6.500405669212341309e-01 -2.983756177127361298e-02
3.858420848846435547e-01 6.387761831283569336e-01 -3.156586363911628723e-02
3.871291279792785645e-01 6.285656690597534180e-01 -2.871138229966163635e-02
3.885762393474578857e-01 6.216856241226196289e-01 -2.658981271088123322e-02
3.706218600273132324e-01 6.201195716857910156e-01 -1.699794083833694458e-02
3.684932589530944824e-01 6.227262020111083984e-01 -1.936190761625766754e-02
3.654313087463378906e-01 6.278606057167053223e-01 -2.171773649752140045e-02
3.626756370067596436e-01 6.343220472335815430e-01 -1.953212916851043701e-02
3.495048880577087402e-01 5.865765810012817383e-01 -1.587818935513496399e-02
2.579774260520935059e-01 5.083792209625244141e-01 1.536646336317062378e-01
4.009097814559936523e-01 5.477346181869506836e-01 -4.652743041515350342e-02
3.657490909099578857e-01 6.198114752769470215e-01 -1.109760068356990814e-02
3.632526993751525879e-01 6.210691332817077637e-01 -1.267712377011775970e-02
3.863946497440338135e-01 5.535729527473449707e-01 -3.334274515509605408e-02
3.675637245178222656e-01 5.494751930236816406e-01 -1.864693686366081238e-02
3.845963478088378906e-01 5.497074723243713379e-01 -3.285583853721618652e-02
3.490166664123535156e-01 4.782669544219970703e-01 -1.443166634999215603e-03
3.267691731452941895e-01 4.910973906517028809e-01 3.656845539808273315e-03
3.599095046520233154e-01 5.266671776771545410e-01 -2.297284640371799469e-02
2.924803495407104492e-01 2.768750488758087158e-01 4.336130246520042419e-02
2.994552850723266602e-01 2.991283535957336426e-01 2.202969416975975037e-02
3.079009652137756348e-01 3.231132626533508301e-01 5.493756383657455444e-03
3.558451533317565918e-01 6.494314074516296387e-01 -9.470009244978427887e-03
3.675286769866943359e-01 3.304285407066345215e-01 -1.741794124245643616e-02
3.645910620689392090e-01 2.933222055435180664e-01 -8.831459097564220428e-03
3.607713282108306885e-01 2.515419721603393555e-01 1.671769656240940094e-03
3.080949783325195312e-01 4.299449324607849121e-01 2.358874492347240448e-02
2.772924602031707764e-01 4.495982527732849121e-01 4.420865699648857117e-02
3.644295632839202881e-01 4.239778518676757812e-01 1.300571765750646591e-02
2.910258769989013672e-01 3.938969969749450684e-01 3.225177899003028870e-02
3.721063733100891113e-01 4.532631933689117432e-01 -1.088652573525905609e-02
3.688468635082244873e-01 5.207203626632690430e-01 -4.753673076629638672e-02
2.636395692825317383e-01 4.625407457351684570e-01 5.987399443984031677e-02
2.858368158340454102e-01 4.646607637405395508e-01 3.054055571556091309e-02
3.029194772243499756e-01 4.727852046489715576e-01 1.622858457267284393e-02
3.289237022399902344e-01 4.696198105812072754e-01 9.505443274974822998e-03
3.480332791805267334e-01 4.614700078964233398e-01 5.545637570321559906e-03
3.621958792209625244e-01 4.519577026367187500e-01 1.801165286451578140e-03
3.897953033447265625e-01 4.264983832836151123e-01 -2.389284037053585052e-02
2.662522792816162109e-01 5.046566724777221680e-01 5.430555716156959534e-02
2.801142930984497070e-01 3.892959654331207275e-01 3.999918326735496521e-02
3.940254747867584229e-01 5.427520871162414551e-01 -6.269361823797225952e-02
3.646874129772186279e-01 4.862926602363586426e-01 -1.293022371828556061e-02
2.532047331333160400e-01 4.224396646022796631e-01 1.471206098794937134e-01
3.725829124450683594e-01 4.408617317676544189e-01 -7.642502168891951442e-05
3.588817715644836426e-01 5.280556082725524902e-01 -1.032039709389209747e-02
2.980880737304687500e-01 4.094830155372619629e-01 3.525273874402046204e-02
3.684371411800384521e-01 5.077999234199523926e-01 -4.226066544651985168e-02
2.628648281097412109e-01 5.552828907966613770e-01 1.452403813600540161e-01
3.647527098655700684e-01 4.161227345466613770e-01 1.661348715424537659e-02
3.777741193771362305e-01 4.953609108924865723e-01 -5.519354715943336487e-02
2.997530698776245117e-01 6.524652838706970215e-01 5.072914808988571167e-02
3.011138439178466797e-01 6.721320748329162598e-01 7.586416602134704590e-02
2.553527653217315674e-01 5.071412324905395508e-01 1.041149348020553589e-01
2.835230231285095215e-01 6.262106299400329590e-01 7.016734778881072998e-02
2.609177827835083008e-01 3.840597867965698242e-01 8.775141835212707520e-02
3.517521619796752930e-01 7.135857343673706055e-01 5.893452558666467667e-03
3.960310816764831543e-01 5.469007492065429688e-01 -4.540376737713813782e-02
3.530351221561431885e-01 5.009518265724182129e-01 -8.239308372139930725e-03
2.661466300487518311e-01 4.230117499828338623e-01 6.639641523361206055e-02
3.194729685783386230e-01 4.228173494338989258e-01 1.765853352844715118e-02
3.312779664993286133e-01 4.253611266613006592e-01 1.367197278887033463e-02
3.568157553672790527e-01 6.273925304412841797e-01 -1.029830798506736755e-02
2.705775499343872070e-01 5.432647466659545898e-01 5.620756745338439941e-02
3.752537965774536133e-01 7.401487827301025391e-01 8.352523669600486755e-03
3.372333347797393799e-01 7.131249904632568359e-01 3.736275061964988708e-02
3.206967413425445557e-01 6.965365409851074219e-01 5.385624989867210388e-02
4.032515883445739746e-01 2.946383655071258545e-01 -1.353179849684238434e-02
4.028870463371276855e-01 7.451821565628051758e-01 2.881295513361692429e-03
3.430124521255493164e-01 4.245466589927673340e-01 1.261288393288850784e-02
3.539622128009796143e-01 4.211666882038116455e-01 1.405999809503555298e-02
3.611708283424377441e-01 4.186092317104339600e-01 1.681148819625377655e-02
2.706513404846191406e-01 3.852952718734741211e-01 5.473411828279495239e-02
3.532501459121704102e-01 4.022690057754516602e-01 1.203150209039449692e-02
3.414900302886962891e-01 3.965337276458740234e-01 1.103414595127105713e-02
3.292407691478729248e-01 3.948600292205810547e-01 1.229985430836677551e-02
3.171668946743011475e-01 3.974120020866394043e-01 1.647653058171272278e-02
3.096349239349365234e-01 4.022579193115234375e-01 2.100018039345741272e-02
2.544339001178741455e-01 3.771267533302307129e-01 1.266539692878723145e-01
3.117190003395080566e-01 4.189764857292175293e-01 2.276788093149662018e-02
4.009271860122680664e-01 5.660614371299743652e-01 -3.550508245825767517e-02
3.606243729591369629e-01 5.757762789726257324e-01 -2.154262177646160126e-02
3.716374933719635010e-01 5.364156961441040039e-01 -3.503085672855377197e-02
3.841009438037872314e-01 5.683646798133850098e-01 -3.364564850926399231e-02
4.033548533916473389e-01 3.931465148925781250e-01 -1.918189600110054016e-02
3.172134160995483398e-01 6.764457225799560547e-01 3.587847948074340820e-02
3.339261114597320557e-01 6.948114037513732910e-01 2.156890183687210083e-02
3.740456104278564453e-01 7.280928492546081543e-01 -8.085033856332302094e-03
2.861532270908355713e-01 6.435638070106506348e-01 1.037567704916000366e-01
3.612773716449737549e-01 4.105898737907409668e-01 1.497542764991521835e-02
3.804866969585418701e-01 4.583378434181213379e-01 -2.960405312478542328e-02
4.021745026111602783e-01 7.326238155364990234e-01 -1.296989340335130692e-02
3.547157943248748779e-01 7.284421324729919434e-01 2.042657323181629181e-02
2.607021629810333252e-01 5.498633980751037598e-01 9.966227412223815918e-02
3.786081075668334961e-01 6.205172538757324219e-01 -2.208756655454635620e-02
3.764522075653076172e-01 6.253615021705627441e-01 -2.472467534244060516e-02
3.741945028305053711e-01 6.332824826240539551e-01 -2.725903689861297607e-02
3.724863529205322266e-01 6.434111595153808594e-01 -2.558322809636592865e-02
3.688202500343322754e-01 6.602010726928710938e-01 -1.496876031160354614e-02
3.637192845344543457e-01 6.186673641204833984e-01 -1.225471682846546173e-02
3.594966828823089600e-01 6.173999905586242676e-01 -1.203199569135904312e-02
3.554702699184417725e-01 6.146808862686157227e-01 -1.177337765693664551e-02
3.408568501472473145e-01 6.021163463592529297e-01 -7.582132704555988312e-03
2.880737185478210449e-01 5.547778606414794922e-01 2.708326093852519989e-02
3.810603916645050049e-01 4.385403990745544434e-01 -1.648791134357452393e-02
3.745203912258148193e-01 3.994659185409545898e-01 6.590718403458595276e-03
3.669194579124450684e-01 4.040429592132568359e-01 1.247745566070079803e-02
3.666201233863830566e-01 6.161503791809082031e-01 -1.121168211102485657e-02
2.887327373027801514e-01 6.002891063690185547e-01 4.484455659985542297e-02
3.856859803199768066e-01 3.967218399047851562e-01 -1.007747836410999298e-02
3.611715734004974365e-01 6.778151392936706543e-01 -7.608462125062942505e-03
4.013217687606811523e-01 4.638563096523284912e-01 -5.500321462750434875e-02
3.894943594932556152e-01 4.479354918003082275e-01 -3.825955092906951904e-02
4.019922614097595215e-01 4.436874985694885254e-01 -4.193619266152381897e-02
3.718635737895965576e-01 4.901092946529388428e-01 -3.033291921019554138e-02
4.018594622611999512e-01 7.136866450309753418e-01 -1.960520260035991669e-02
4.016797542572021484e-01 6.901488304138183594e-01 -1.850808784365653992e-02
3.807499706745147705e-01 6.882556080818176270e-01 -1.512318290770053864e-02
3.321747481822967529e-01 6.442722082138061523e-01 6.231931503862142563e-03
3.471868038177490234e-01 5.430821776390075684e-01 -7.140770554542541504e-03
3.453249335289001465e-01 6.634581089019775391e-01 -6.813466316089034081e-04
3.157878518104553223e-01 5.385393500328063965e-01 -1.881966454675421119e-04
3.346792161464691162e-01 5.615290999412536621e-01 -5.927942693233489990e-03
3.060012161731719971e-01 5.696698427200317383e-01 8.807293139398097992e-03
3.761216402053833008e-01 7.101657390594482422e-01 -1.463596615940332413e-02
3.651198148727416992e-01 5.018966197967529297e-01 -2.115161158144474030e-02
3.209192752838134766e-01 6.570526361465454102e-01 2.003205195069313049e-02
3.376132249832153320e-01 6.771864891052246094e-01 1.027022302150726318e-02
3.217788338661193848e-01 6.212781667709350586e-01 9.268294088542461395e-03
2.756245136260986328e-01 5.759238004684448242e-01 5.909554287791252136e-02
3.051593303680419922e-01 6.224230527877807617e-01 2.403869852423667908e-02
2.690747380256652832e-01 5.895032882690429688e-01 9.130354225635528564e-02
3.255994319915771484e-01 5.871362090110778809e-01 -6.048932555131614208e-04
3.727526962757110596e-01 4.720204174518585205e-01 -2.069010585546493530e-02
3.732218444347381592e-01 5.295253396034240723e-01 -5.071898177266120911e-02
3.664375841617584229e-01 5.349735021591186523e-01 -3.634315729141235352e-02
3.772181868553161621e-01 5.157374739646911621e-01 -5.983987823128700256e-02
3.627302348613739014e-01 3.788538575172424316e-01 3.381667891517281532e-03
3.406300842761993408e-01 3.659518361091613770e-01 3.249875502660870552e-03
3.218370676040649414e-01 3.636653423309326172e-01 5.855069030076265335e-03
3.066071867942810059e-01 3.672971725463867188e-01 1.257214788347482681e-02
2.963375151157379150e-01 3.769744038581848145e-01 2.154230885207653046e-02
2.891254425048828125e-01 4.142454266548156738e-01 4.144927859306335449e-02
2.529425919055938721e-01 4.653127789497375488e-01 1.029983013868331909e-01
2.984912395477294922e-01 4.442802071571350098e-01 2.841774560511112213e-02
3.119250535964965820e-01 4.509112536907196045e-01 1.933472231030464172e-02
3.298048377037048340e-01 4.513438045978546143e-01 1.268039084970951080e-02
3.470621705055236816e-01 4.469749033451080322e-01 8.567339740693569183e-03
3.604097366333007812e-01 4.400758743286132812e-01 8.467699401080608368e-03
3.694945275783538818e-01 4.331554770469665527e-01 7.045637816190719604e-03
2.556446492671966553e-01 4.649783074855804443e-01 1.550901085138320923e-01
3.673712015151977539e-01 5.403113365173339844e-01 -2.991166152060031891e-02
3.799579739570617676e-01 4.763189852237701416e-01 -4.060526937246322632e-02
3.810303807258605957e-01 5.300699472427368164e-01 -6.165041401982307434e-02
3.884298205375671387e-01 5.396482348442077637e-01 -5.704382061958312988e-02
3.817268013954162598e-01 5.333085060119628906e-01 -5.527691915631294250e-02
3.713394105434417725e-01 5.462824106216430664e-01 -2.592526562511920929e-02
3.903627991676330566e-01 5.414125919342041016e-01 -6.068952754139900208e-02
3.922554850578308105e-01 5.455098748207092285e-01 -4.525319859385490417e-02
3.694515824317932129e-01 4.171747565269470215e-01 1.431217696517705917e-02
3.767604529857635498e-01 4.216036498546600342e-01 5.633064080029726028e-03
3.805522620677947998e-01 4.245439171791076660e-01 -3.362754127010703087e-03
3.053813278675079346e-01 4.059120714664459229e-01 2.584069967269897461e-02
2.986505627632141113e-01 3.968554437160491943e-01 2.725352533161640167e-02
4.130683243274688721e-01 4.671202301979064941e-01 -5.138179287314414978e-02
5.050634145736694336e-01 4.156138896942138672e-01 1.602881401777267456e-02
4.126211702823638916e-01 5.434082150459289551e-01 -4.640579223632812500e-02
5.576668381690979004e-01 3.389739394187927246e-01 8.197800815105438232e-02
4.650106430053710938e-01 4.358381927013397217e-01 2.693428657948970795e-03
4.789945483207702637e-01 4.371102154254913330e-01 3.366978839039802551e-03
4.923112988471984863e-01 4.354965686798095703e-01 6.866215262562036514e-03
5.098522901535034180e-01 4.224799275398254395e-01 1.783766783773899078e-02
4.531469047069549561e-01 4.305364191532135010e-01 5.760002415627241135e-03
4.826300740242004395e-01 3.775883913040161133e-01 -1.049774582497775555e-03
4.675469994544982910e-01 3.800900578498840332e-01 -3.234404139220714569e-04
4.967297911643981934e-01 3.804631233215332031e-01 3.123483620584011078e-03
5.063941478729248047e-01 3.882368206977844238e-01 7.932357490062713623e-03
5.212754011154174805e-01 4.364019632339477539e-01 2.404684014618396759e-02
4.527098238468170166e-01 6.986532211303710938e-01 -7.004714570939540863e-03
5.099059343338012695e-01 4.093924462795257568e-01 2.060754597187042236e-02
5.648161172866821289e-01 4.245157837867736816e-01 8.281067013740539551e-02
5.371219515800476074e-01 4.200322926044464111e-01 3.791839256882667542e-02
4.711933434009552002e-01 5.177303552627563477e-01 -1.221075933426618576e-02
4.149368405342102051e-01 5.934072732925415039e-01 -4.055193439126014709e-02
4.121600091457366943e-01 6.132439374923706055e-01 -3.475954383611679077e-02
4.307403564453125000e-01 6.019591689109802246e-01 -3.435864672064781189e-02
4.404045641422271729e-01 6.112702488899230957e-01 -2.700001373887062073e-02
4.232701659202575684e-01 6.162343025207519531e-01 -3.126063197851181030e-02
4.318217039108276367e-01 6.195563673973083496e-01 -2.398920431733131409e-02
4.595383405685424805e-01 6.414059996604919434e-01 -9.314388036727905273e-03
4.111176133155822754e-01 5.330258011817932129e-01 -6.968161463737487793e-02
4.129636883735656738e-01 5.130660533905029297e-01 -7.349731773138046265e-02
5.277707576751708984e-01 3.621459901332855225e-01 1.421348564326763153e-02
4.447991549968719482e-01 4.674852490425109863e-01 -1.072488073259592056e-02
4.420903623104095459e-01 5.301551818847656250e-01 -3.878057375550270081e-02
4.437876641750335693e-01 5.194247364997863770e-01 -3.482842445373535156e-02
5.140659809112548828e-01 5.162032842636108398e-01 2.912302501499652863e-03
4.130024909973144531e-01 4.881545901298522949e-01 -6.486836075782775879e-02
4.958781301975250244e-01 3.374912142753601074e-01 -6.067669019103050232e-03
5.144826173782348633e-01 3.455064296722412109e-01 3.699084976688027382e-03
5.430668592453002930e-01 3.033080101013183594e-01 5.700146034359931946e-02
4.349596202373504639e-01 3.569385409355163574e-01 -1.580984890460968018e-02
4.546667337417602539e-01 3.885639309883117676e-01 3.860394936054944992e-03
4.694275259971618652e-01 6.243289709091186523e-01 -6.291323807090520859e-03
5.503364801406860352e-01 6.082573533058166504e-01 1.127570271492004395e-01
4.319766461849212646e-01 5.411681532859802246e-01 -3.372016176581382751e-02
4.211192429065704346e-01 5.464295148849487305e-01 -3.370563685894012451e-02
4.514345526695251465e-01 6.252179741859436035e-01 -8.409071713685989380e-03
4.452187716960906982e-01 6.230989694595336914e-01 -1.211696863174438477e-02
5.225283503532409668e-01 3.321616351604461670e-01 9.877111762762069702e-03
4.423299133777618408e-01 5.393187403678894043e-01 -3.162968158721923828e-02
4.704390168190002441e-01 3.392714560031890869e-01 -1.299641747027635574e-02
4.728393256664276123e-01 3.230925202369689941e-01 -1.535952370613813400e-02
4.849390387535095215e-01 2.581313848495483398e-01 8.969402872025966644e-03
5.329864025115966797e-01 3.180031180381774902e-01 2.945184521377086639e-02
4.774773716926574707e-01 2.910879850387573242e-01 -4.432669840753078461e-03
5.368295907974243164e-01 3.534875512123107910e-01 2.571923658251762390e-02
5.474520325660705566e-01 3.478310108184814453e-01 5.138789862394332886e-02
4.136618673801422119e-01 6.047635078430175781e-01 -3.936537727713584900e-02
4.264450669288635254e-01 6.107156276702880859e-01 -3.375940769910812378e-02
4.360887110233306885e-01 6.157090067863464355e-01 -2.684256248176097870e-02
4.284898042678833008e-01 5.445881485939025879e-01 -3.008847124874591827e-02
4.479110836982727051e-01 6.245242953300476074e-01 -1.035829726606607437e-02
4.433847367763519287e-01 6.267584562301635742e-01 -1.811087504029273987e-02
4.441037476062774658e-01 6.214987039566040039e-01 -1.229622494429349899e-02
4.254054129123687744e-01 5.338885188102722168e-01 -5.132178589701652527e-02
4.293889701366424561e-01 6.184749007225036621e-01 -2.185331843793392181e-02
4.207951426506042480e-01 6.173503994941711426e-01 -2.610423788428306580e-02
4.108386039733886719e-01 6.165989637374877930e-01 -2.936085872352123260e-02
4.182306230068206787e-01 6.691429018974304199e-01 -1.861524954438209534e-02
4.158653020858764648e-01 6.511249542236328125e-01 -3.156529739499092102e-02
4.148043990135192871e-01 6.397788524627685547e-01 -3.327207639813423157e-02
4.136648476123809814e-01 6.295378208160400391e-01 -3.053937479853630066e-02
4.126150608062744141e-01 6.226473450660705566e-01 -2.825901284813880920e-02
4.324580430984497070e-01 6.223987936973571777e-01 -2.121504954993724823e-02
4.343442320823669434e-01 6.250770688056945801e-01 -2.356974966824054718e-02
4.372645616531372070e-01 6.303493976593017578e-01 -2.606821618974208832e-02
4.403312206268310547e-01 6.370273232460021973e-01 -2.398522756993770599e-02
4.549459517002105713e-01 5.893115401268005371e-01 -2.195882797241210938e-02
5.664417743682861328e-01 5.103116631507873535e-01 1.357054114341735840e-01
4.380812346935272217e-01 6.226485967636108398e-01 -1.623040065169334412e-02
4.403057992458343506e-01 6.241074800491333008e-01 -1.791356876492500305e-02
4.168211221694946289e-01 5.544489026069641113e-01 -3.488713130354881287e-02
4.377427697181701660e-01 5.512679219245910645e-01 -2.205639332532882690e-02
4.188243448734283447e-01 5.506426692008972168e-01 -3.446814045310020447e-02
4.593631029129028320e-01 4.794491231441497803e-01 -7.421027868986129761e-03
4.820280373096466064e-01 4.928775727748870850e-01 -4.318309016525745392e-03
4.458295404911041260e-01 5.284437537193298340e-01 -2.770243398845195770e-02
5.201864242553710938e-01 2.755720913410186768e-01 3.076251596212387085e-02
5.112589001655578613e-01 2.978432774543762207e-01 1.105582527816295624e-02
5.011889934539794922e-01 3.216097354888916016e-01 -4.062517546117305756e-03
4.493964910507202148e-01 6.524443626403808594e-01 -1.492578163743019104e-02
4.391820132732391357e-01 3.298431634902954102e-01 -2.056052722036838531e-02
4.424402117729187012e-01 2.928635478019714355e-01 -1.262661535292863846e-02
4.472958147525787354e-01 2.509653866291046143e-01 -2.693772083148360252e-03
5.035572648048400879e-01 4.309155941009521484e-01 1.251191832125186920e-02
5.365965366363525391e-01 4.511677026748657227e-01 3.028202056884765625e-02
4.454165399074554443e-01 4.247678518295288086e-01 8.115214295685291290e-03
5.214254260063171387e-01 3.939067125320434570e-01 1.935910806059837341e-02
4.352113008499145508e-01 4.539887607097625732e-01 -1.450153999030590057e-02
4.343494474887847900e-01 5.219998359680175781e-01 -5.107428133487701416e-02
5.519744157791137695e-01 4.642709791660308838e-01 4.387541860342025757e-02
5.264348983764648438e-01 4.664279818534851074e-01 1.749025471508502960e-02
5.077708959579467773e-01 4.745311439037322998e-01 5.365805700421333313e-03
4.807400703430175781e-01 4.710114002227783203e-01 1.317090587690472603e-03
4.612764120101928711e-01 4.625743925571441650e-01 -6.561041227541863918e-04
4.466022253036499023e-01 4.528131783008575439e-01 -2.934076823294162750e-03
4.161218106746673584e-01 4.267792701721191406e-01 -2.547031454741954803e-02
5.487737059593200684e-01 5.073702335357666016e-01 3.848178312182426453e-02
5.333538651466369629e-01 3.891852796077728271e-01 2.589511498808860779e-02
4.069427549839019775e-01 5.431041121482849121e-01 -6.342055648565292358e-02
4.421571493148803711e-01 4.873212873935699463e-01 -1.746284216642379761e-02
5.699254274368286133e-01 4.227225184440612793e-01 1.287249773740768433e-01
4.357098639011383057e-01 4.415651559829711914e-01 -3.746883943676948547e-03
4.476276040077209473e-01 5.298553109169006348e-01 -1.489612553268671036e-02
5.143491625785827637e-01 4.099326729774475098e-01 2.314857952296733856e-02
4.356216192245483398e-01 5.088738799095153809e-01 -4.585329443216323853e-02
5.614050626754760742e-01 5.583695769309997559e-01 1.281058937311172485e-01
4.454253315925598145e-01 4.168982505798339844e-01 1.144189294427633286e-02
4.248881340026855469e-01 4.960450232028961182e-01 -5.777115747332572937e-02
5.154280066490173340e-01 6.575544476509094238e-01 3.913063928484916687e-02
5.169577598571777344e-01 6.773253083229064941e-01 6.373488903045654297e-02
5.645037889480590820e-01 5.094395875930786133e-01 8.661248534917831421e-02
5.340583920478820801e-01 6.310651302337646484e-01 5.648360401391983032e-02
5.565725564956665039e-01 3.837124705314636230e-01 7.108181715011596680e-02
4.564288556575775146e-01 7.169079780578613281e-01 4.928356502205133438e-04
4.059102237224578857e-01 5.471309423446655273e-01 -4.594163224101066589e-02
4.544595479965209961e-01 5.024402737617492676e-01 -1.361004356294870377e-02
5.498821735382080078e-01 4.236122369766235352e-01 5.065174400806427002e-02
4.912877678871154785e-01 4.237615466117858887e-01 8.155973628163337708e-03
4.793234467506408691e-01 4.261840581893920898e-01 5.248510278761386871e-03
4.469849467277526855e-01 6.307874321937561035e-01 -1.612284034490585327e-02
5.447715520858764648e-01 5.467388033866882324e-01 4.114428162574768066e-02
4.316210746765136719e-01 7.421216964721679688e-01 5.366513039916753769e-03
4.749109447002410889e-01 7.175782322883605957e-01 2.978000976145267487e-02
4.942781925201416016e-01 7.016027569770812988e-01 4.415160790085792542e-02
4.674531817436218262e-01 4.253432154655456543e-01 5.433646496385335922e-03
4.563806354999542236e-01 4.219653606414794922e-01 7.888584397733211517e-03
4.491404592990875244e-01 4.194239377975463867e-01 1.124878134578466415e-02
5.442246198654174805e-01 3.849306106567382812e-01 3.952480107545852661e-02
4.572260975837707520e-01 4.026987254619598389e-01 5.674213171005249023e-03
4.692423939704895020e-01 3.966512084007263184e-01 3.609824227169156075e-03
4.814063608646392822e-01 3.948882520198822021e-01 3.866758197546005249e-03
4.937820136547088623e-01 3.973797559738159180e-01 6.613628473132848740e-03
5.015664100646972656e-01 4.022080898284912109e-01 1.051668263971805573e-02
5.663414001464843750e-01 3.765553534030914307e-01 1.086082160472869873e-01
4.994351863861083984e-01 4.197618067264556885e-01 1.234127860516309738e-02
4.435085356235504150e-01 5.778908133506774902e-01 -2.612599357962608337e-02
4.323247075080871582e-01 5.379112362861633301e-01 -3.794116526842117310e-02
4.180599451065063477e-01 5.693312287330627441e-01 -3.551267832517623901e-02
4.957228600978851318e-01 6.816009879112243652e-01 2.642229944467544556e-02
4.768867492675781250e-01 6.993428468704223633e-01 1.408007554709911346e-02
4.316175282001495361e-01 7.299695611000061035e-01 -1.101075578480958939e-02
5.347769856452941895e-01 6.484237313270568848e-01 8.950035274028778076e-02
4.490072727203369141e-01 4.112263321876525879e-01 9.190170094370841980e-03
4.247019290924072266e-01 4.588439464569091797e-01 -3.211903572082519531e-02
4.545650184154510498e-01 7.317267656326293945e-01 1.460361108183860779e-02
5.591943264007568359e-01 5.531017780303955078e-01 8.297292143106460571e-02
4.234331548213958740e-01 6.222621202468872070e-01 -2.530415728688240051e-02
4.253675043582916260e-01 6.270731687545776367e-01 -2.786183543503284454e-02
4.274752736091613770e-01 6.350552439689636230e-01 -3.061351738870143890e-02
4.295314848423004150e-01 6.452468037605285645e-01 -2.910505235195159912e-02
4.355094432830810547e-01 6.623786091804504395e-01 -1.889069005846977234e-02
4.394779503345489502e-01 6.219131946563720703e-01 -1.764292456209659576e-02
4.436182081699371338e-01 6.209611892700195312e-01 -1.798072457313537598e-02
4.477942585945129395e-01 6.183608770370483398e-01 -1.813566870987415314e-02
4.641102552413940430e-01 6.056407690048217773e-01 -1.493291556835174561e-02
5.239447355270385742e-01 5.581219792366027832e-01 1.458759512752294540e-02
4.255526959896087646e-01 4.389215409755706787e-01 -1.902952603995800018e-02
4.344624876976013184e-01 3.998464941978454590e-01 3.201514482498168945e-03
4.427904188632965088e-01 4.043987393379211426e-01 7.648184895515441895e-03
4.369346797466278076e-01 6.191584467887878418e-01 -1.630469039082527161e-02
5.253502130508422852e-01 6.046289801597595215e-01 3.214412555098533630e-02
4.218305647373199463e-01 3.968865275382995605e-01 -1.217097230255603790e-02
4.451456665992736816e-01 6.805503368377685547e-01 -1.181464735418558121e-02
4.148492515087127686e-01 4.482082128524780273e-01 -3.960249572992324829e-02
4.331388175487518311e-01 4.909527599811553955e-01 -3.363202512264251709e-02
4.237230718135833740e-01 6.896831393241882324e-01 -1.720792613923549652e-02
4.759536981582641602e-01 6.485047340393066406e-01 -1.271589309908449650e-03
4.593449831008911133e-01 5.450789332389831543e-01 -1.286961324512958527e-02
4.621538817882537842e-01 6.672056913375854492e-01 -6.634613964706659317e-03
4.924240112304687500e-01 5.410600304603576660e-01 -8.968704380095005035e-03
4.717308282852172852e-01 5.640744566917419434e-01 -1.308187562972307205e-02
5.034312009811401367e-01 5.730663537979125977e-01 -1.260138466022908688e-03
4.288721084594726562e-01 7.117941975593566895e-01 -1.730375923216342926e-02
4.409620761871337891e-01 5.031812787055969238e-01 -2.523111738264560699e-02
4.896796345710754395e-01 6.616650223731994629e-01 1.119048334658145905e-02
4.716452062129974365e-01 6.814147830009460449e-01 3.485575085505843163e-03
4.866087734699249268e-01 6.255040168762207031e-01 2.640832972247153521e-04
5.401583909988403320e-01 5.800004601478576660e-01 4.459716752171516418e-02
5.063300132751464844e-01 6.270264387130737305e-01 1.337989605963230133e-02
5.505748987197875977e-01 5.936525464057922363e-01 7.553036510944366455e-02
4.813101887702941895e-01 5.905126333236694336e-01 -8.885573595762252808e-03
4.333133995532989502e-01 4.727692008018493652e-01 -2.415672875940799713e-02
4.296111464500427246e-01 5.308842658996582031e-01 -5.392835661768913269e-02
4.377253651618957520e-01 5.365064740180969238e-01 -4.006993398070335388e-02
4.244534373283386230e-01 5.165455937385559082e-01 -6.233715265989303589e-02
4.460077583789825439e-01 3.789140582084655762e-01 -1.381362904794514179e-03
4.684007763862609863e-01 3.655889332294464111e-01 -3.424569498747587204e-03
4.877141416072845459e-01 3.629367947578430176e-01 -2.838251180946826935e-03
5.037519931793212891e-01 3.666293025016784668e-01 1.948722056113183498e-03
5.151423215866088867e-01 3.763346076011657715e-01 9.585292078554630280e-03
5.241739749908447266e-01 4.147982299327850342e-01 2.853489853441715240e-02
5.668049454689025879e-01 4.667218923568725586e-01 8.509608358144760132e-02
5.135806798934936523e-01 4.455162286758422852e-01 1.661976240575313568e-02
4.992091953754425049e-01 4.521999359130859375e-01 9.221473708748817444e-03
4.805676341056823730e-01 4.525518119335174561e-01 4.334859549999237061e-03
4.628968238830566406e-01 4.479764401912689209e-01 1.992961158975958824e-03
4.492547214031219482e-01 4.410056471824645996e-01 3.511543152853846550e-03
4.397721290588378906e-01 4.339174628257751465e-01 2.958604367449879646e-03
5.684925317764282227e-01 4.661131799221038818e-01 1.367971897125244141e-01
4.371639490127563477e-01 5.421035289764404297e-01 -3.346209973096847534e-02
4.238390028476715088e-01 4.767236113548278809e-01 -4.323463886976242065e-02
4.204500615596771240e-01 5.309703946113586426e-01 -6.376703828573226929e-02
4.133477210998535156e-01 5.403705835342407227e-01 -5.828180909156799316e-02
4.204133152961730957e-01 5.342983603477478027e-01 -5.737529695034027100e-02
4.334186911582946777e-01 5.479770898818969727e-01 -2.898609265685081482e-02
4.110879898071289062e-01 5.419725179672241211e-01 -6.166823953390121460e-02
4.100034832954406738e-01 5.461474657058715820e-01 -4.612847045063972473e-02
4.403173327445983887e-01 4.179212450981140137e-01 9.911567904055118561e-03
4.322630763053894043e-01 4.222784042358398438e-01 2.382625592872500420e-03
4.274730384349822998e-01 4.250100255012512207e-01 -5.920915864408016205e-03
5.061785578727722168e-01 4.060288071632385254e-01 1.506202947348356247e-02
5.133904814720153809e-01 3.967346549034118652e-01 1.544911507517099380e-02
