2.569822371006011963e-01 5.030610561370849609e-01 -3.333563730120658875e-02
2.513078451156616211e-01 4.426636695861816406e-01 -6.664759665727615356e-02
2.547926604747772217e-01 4.609985053539276123e-01 -3.327190876007080078e-02
2.384724020957946777e-01 3.808018565177917480e-01 -5.132568627595901489e-02
2.499083727598190308e-01 4.234752058982849121e-01 -7.174842804670333862e-02
2.491060048341751099e-01 3.980306088924407959e-01 -6.763744354248046875e-02
2.485955357551574707e-01 3.359086513519287109e-01 -3.595520555973052979e-02
1.587169617414474487e-01 3.341471850872039795e-01 2.060278132557868958e-02
2.464476227760314941e-01 2.824309766292572021e-01 -2.907295897603034973e-02
2.447799146175384521e-01 2.551714181900024414e-01 -3.310896828770637512e-02
2.406430095434188843e-01 1.625666916370391846e-01 -2.475800924003124237e-02
2.575828433036804199e-01 5.120363235473632812e-01 -3.131008148193359375e-02
2.583832740783691406e-01 5.186085700988769531e-01 -2.644875273108482361e-02
2.591937184333801270e-01 5.212239623069763184e-01 -2.047789841890335083e-02
2.596470415592193604e-01 5.255879163742065430e-01 -1.941126771271228790e-02
2.600175738334655762e-01 5.333509445190429688e-01 -2.082702890038490295e-02
2.605430483818054199e-01 5.430418252944946289e-01 -2.269240468740463257e-02
2.614859342575073242e-01 5.529128909111022949e-01 -1.996765471994876862e-02
2.636552453041076660e-01 5.676373243331909180e-01 -6.362264510244131088e-03
2.525939941406250000e-01 4.521867632865905762e-01 -5.978758260607719421e-02
2.433248311281204224e-01 4.515019953250885010e-01 -4.148249700665473938e-02
1.133287400007247925e-01 2.604397535324096680e-01 8.234925568103790283e-02
1.969940513372421265e-01 3.503722250461578369e-01 4.655940458178520203e-03
1.841512918472290039e-01 3.525779247283935547e-01 6.942738778889179230e-03
1.718748807907104492e-01 3.520256280899047852e-01 1.167496666312217712e-02
1.552761197090148926e-01 3.408775329589843750e-01 2.356935478746891022e-02
2.073323130607604980e-01 3.448876440525054932e-01 5.351802799850702286e-03
1.766108423471450806e-01 2.993297874927520752e-01 7.744548202026635408e-05
1.906949877738952637e-01 3.006700277328491211e-01 -1.601311494596302509e-03
1.638214290142059326e-01 3.027357757091522217e-01 5.752905737608671188e-03
1.557971239089965820e-01 3.100967705249786377e-01 1.170500461012125015e-02
1.463282704353332520e-01 3.541242182254791260e-01 3.148628026247024536e-02
2.215273231267929077e-01 5.954938530921936035e-01 1.317511126399040222e-02
1.541803479194641113e-01 3.290249109268188477e-01 2.517361752688884735e-02
1.136151850223541260e-01 3.431888818740844727e-01 9.193500131368637085e-02
1.327174454927444458e-01 3.397400379180908203e-01 4.512888193130493164e-02
1.919727623462677002e-01 4.295297563076019287e-01 -3.520731115713715553e-03
2.424305379390716553e-01 5.013509392738342285e-01 -3.053342178463935852e-02
2.462442666292190552e-01 5.191529393196105957e-01 -2.370120398700237274e-02
2.286998033523559570e-01 5.079743266105651855e-01 -2.164054103195667267e-02
2.202636599540710449e-01 5.153109431266784668e-01 -1.158445887267589569e-02
2.363445013761520386e-01 5.209133028984069824e-01 -1.799123175442218781e-02
2.285283952951431274e-01 5.227910876274108887e-01 -8.755768649280071259e-03
2.079292088747024536e-01 5.422602891921997070e-01 1.056994032114744186e-02
2.415450215339660645e-01 4.428998231887817383e-01 -6.494607776403427124e-02
2.383348941802978516e-01 4.247397184371948242e-01 -6.950673460960388184e-02
1.349189281463623047e-01 2.876492142677307129e-01 1.735934428870677948e-02
2.146408259868621826e-01 3.803094923496246338e-01 -8.734962902963161469e-03
2.169153392314910889e-01 4.400627017021179199e-01 -3.176311030983924866e-02
2.155310660600662231e-01 4.298396706581115723e-01 -2.828623540699481964e-02
1.542778611183166504e-01 4.296807348728179932e-01 1.634747721254825592e-02
2.381050586700439453e-01 4.010223746299743652e-01 -6.269771605730056763e-02
1.611065715551376343e-01 2.648124396800994873e-01 -8.149405941367149353e-03
1.450371891260147095e-01 2.724377810955047607e-01 4.134894348680973053e-03
1.214286684989929199e-01 2.260286808013916016e-01 5.394590273499488831e-02
2.174250632524490356e-01 2.791223526000976562e-01 -2.340494096279144287e-02
2.031991779804229736e-01 3.071683645248413086e-01 1.229967456310987473e-03
1.973622143268585205e-01 5.263296961784362793e-01 1.357561908662319183e-02
1.440747380256652832e-01 5.118625164031982422e-01 1.346568316221237183e-01
2.269287705421447754e-01 4.496565461158752441e-01 -2.750045619904994965e-02
2.369422316551208496e-01 4.544618725776672363e-01 -2.878096699714660645e-02
2.115382850170135498e-01 5.257638096809387207e-01 1.078100875020027161e-02
2.171201705932617188e-01 5.241035819053649902e-01 6.440366152673959732e-03
1.372704505920410156e-01 2.593073546886444092e-01 9.744275361299514771e-03
2.180480808019638062e-01 4.480228126049041748e-01 -2.440887317061424255e-02
1.842335164546966553e-01 2.654299437999725342e-01 -1.782112009823322296e-02
1.807240843772888184e-01 2.494108229875564575e-01 -2.117330580949783325e-02
1.666054725646972656e-01 1.785583794116973877e-01 -2.306821756064891815e-03
1.290309280157089233e-01 2.425877600908279419e-01 2.802516520023345947e-02
1.747847497463226318e-01 2.137481868267059326e-01 -1.295236032456159592e-02
1.270922720432281494e-01 2.790960073471069336e-01 2.833515591919422150e-02
1.198555827140808105e-01 2.711188495159149170e-01 5.299717560410499573e-02
2.440197467803955078e-01 5.117663741111755371e-01 -2.868375740945339203e-02
2.327949106693267822e-01 5.159696340560913086e-01 -2.050983160734176636e-02
2.242353707551956177e-01 5.194455981254577637e-01 -1.131205353885889053e-02
2.304685711860656738e-01 4.527354240417480469e-01 -2.455969527363777161e-02
2.144894152879714966e-01 5.252271890640258789e-01 8.529673330485820770e-03
2.191283702850341797e-01 5.282293558120727539e-01 3.221708175260573626e-04
2.183070331811904907e-01 5.227378010749816895e-01 6.027481518685817719e-03
2.308812141418457031e-01 4.431369900703430176e-01 -4.528697207570075989e-02
2.313140481710433960e-01 5.213277935981750488e-01 -6.836207117885351181e-03
2.393826097249984741e-01 5.212296843528747559e-01 -1.302854996174573898e-02
2.485543042421340942e-01 5.213629007339477539e-01 -1.811530813574790955e-02
2.477147281169891357e-01 5.683761239051818848e-01 -4.951159004122018814e-03
2.465625107288360596e-01 5.522648096084594727e-01 -1.822779327630996704e-02
2.462638914585113525e-01 5.418145656585693359e-01 -2.051355317234992981e-02
2.467282712459564209e-01 5.324557423591613770e-01 -1.851377449929714203e-02
2.476629614830017090e-01 5.258304476737976074e-01 -1.695399731397628784e-02
2.291831970214843750e-01 5.248824954032897949e-01 -5.997400265187025070e-03
2.274174094200134277e-01 5.273203253746032715e-01 -7.883177138864994049e-03
2.250117361545562744e-01 5.321969985961914062e-01 -9.296442382037639618e-03
2.230864465236663818e-01 5.384294390678405762e-01 -6.457505747675895691e-03
2.077490687370300293e-01 4.953226447105407715e-01 -7.308041211217641830e-03
1.240208745002746582e-01 4.219892621040344238e-01 1.503491848707199097e-01
2.536614239215850830e-01 4.555563330650329590e-01 -4.252550750970840454e-02
2.241676747798919678e-01 5.245748162269592285e-01 9.405008167959749699e-04
2.218048870563507080e-01 5.257187485694885254e-01 -1.196498851641081274e-04
2.410519123077392578e-01 4.622437953948974609e-01 -2.894451655447483063e-02
2.232334315776824951e-01 4.587333202362060547e-01 -1.513197552412748337e-02
2.391324192285537720e-01 4.585704803466796875e-01 -2.908715792000293732e-02
2.023362815380096436e-01 3.920811116695404053e-01 -2.670434536412358284e-03
1.818195879459381104e-01 4.061070084571838379e-01 3.492143237963318825e-03
2.147443443536758423e-01 4.380256235599517822e-01 -2.061489596962928772e-02
1.379631906747817993e-01 1.983665376901626587e-01 2.411413565278053284e-02
1.461091339588165283e-01 2.224269360303878784e-01 6.468905601650476456e-03
1.554183661937713623e-01 2.492047846317291260e-01 -6.848616525530815125e-03
2.182677388191223145e-01 5.529518723487854004e-01 4.325592890381813049e-03
2.114573121070861816e-01 2.531750202178955078e-01 -2.956458181142807007e-02
2.060364782810211182e-01 2.117441296577453613e-01 -2.524712868034839630e-02
1.998648345470428467e-01 1.678763329982757568e-01 -1.895325444638729095e-02
1.613238155841827393e-01 3.483488261699676514e-01 1.812423765659332275e-02
1.341569870710372925e-01 3.686515986919403076e-01 4.000741988420486450e-02
2.138116359710693359e-01 3.392247855663299561e-01 6.446416489779949188e-03
1.431887596845626831e-01 3.154910802841186523e-01 2.434245496988296509e-02
2.222460210323333740e-01 3.674434423446655273e-01 -1.435175444930791855e-02
2.220725864171981812e-01 4.326227009296417236e-01 -4.503324255347251892e-02
1.228308826684951782e-01 3.812802135944366455e-01 5.662241205573081970e-02
1.425303071737289429e-01 3.829634487628936768e-01 2.816584892570972443e-02
1.587671041488647461e-01 3.899040520191192627e-01 1.484130229800939560e-02
1.831095516681671143e-01 3.850365579128265381e-01 7.613787893205881119e-03
2.007214725017547607e-01 3.758893907070159912e-01 2.822473878040909767e-03
2.132313847541809082e-01 3.660670816898345947e-01 -2.003352623432874680e-03
2.368467152118682861e-01 3.415455520153045654e-01 -2.990487217903137207e-02
1.271518319845199585e-01 4.215879440307617188e-01 5.459120869636535645e-02
1.331020295619964600e-01 3.119693100452423096e-01 3.121858462691307068e-02
2.468068003654479980e-01 4.517617225646972656e-01 -5.855746939778327942e-02
2.171871960163116455e-01 3.993046283721923828e-01 -1.364243030548095703e-02
1.134611815214157104e-01 3.396179080009460449e-01 1.360229700803756714e-01
2.221310883760452271e-01 3.551305532455444336e-01 -4.993512760847806931e-03
2.141590118408203125e-01 4.389689564704895020e-01 -8.033141493797302246e-03
1.507259458303451538e-01 3.295769989490509033e-01 2.827236428856849670e-02
2.211639285087585449e-01 4.202553033828735352e-01 -4.079727455973625183e-02
1.318990290164947510e-01 4.662187695503234863e-01 1.462836563587188721e-01
2.135627418756484985e-01 3.319056332111358643e-01 9.274356067180633545e-03
2.288158088922500610e-01 4.085513651371002197e-01 -5.406090989708900452e-02
1.695217937231063843e-01 5.578851699829101562e-01 6.312006711959838867e-02
1.740297973155975342e-01 5.743230581283569336e-01 8.866943418979644775e-02
1.194200068712234497e-01 4.229571223258972168e-01 1.027276739478111267e-01
1.525159478187561035e-01 5.344256162643432617e-01 8.008480072021484375e-02
1.162497848272323608e-01 3.047611713409423828e-01 7.603583484888076782e-02
2.214660197496414185e-01 6.104893684387207031e-01 2.245504595339298248e-02
2.492383867502212524e-01 4.551218152046203613e-01 -4.141227900981903076e-02
2.071805447340011597e-01 4.137520492076873779e-01 -7.733302190899848938e-03
1.230889707803726196e-01 3.434565067291259766e-01 5.908775329589843750e-02
1.716176867485046387e-01 3.406549692153930664e-01 1.192547287791967392e-02
1.829742640256881714e-01 3.421568274497985840e-01 8.071010001003742218e-03
2.163558006286621094e-01 5.319157242774963379e-01 2.999951830133795738e-03
1.334112137556076050e-01 4.581371545791625977e-01 5.996122211217880249e-02
2.453320026397705078e-01 6.308239102363586426e-01 2.596184983849525452e-02
2.099830508232116699e-01 6.092921495437622070e-01 5.326590687036514282e-02
1.939380764961242676e-01 5.954142808914184570e-01 6.857828050851821899e-02
2.425283640623092651e-01 2.098547667264938354e-01 -3.055946715176105499e-02
2.699955701828002930e-01 6.333199739456176758e-01 2.042212709784507751e-02
1.939328312873840332e-01 3.404923975467681885e-01 6.623574998229742050e-03
2.040499001741409302e-01 3.366937637329101562e-01 7.562879007309675217e-03
2.105312794446945190e-01 3.341153264045715332e-01 9.672019630670547485e-03
1.244805008172988892e-01 3.080037534236907959e-01 4.499373584985733032e-02
2.021209597587585449e-01 3.195861577987670898e-01 4.494694992899894714e-03
1.907669901847839355e-01 3.148705363273620605e-01 3.367813304066658020e-03
1.789915114641189575e-01 3.141135871410369873e-01 4.912056028842926025e-03
1.675814390182495117e-01 3.172988295555114746e-01 9.200316853821277618e-03
1.607616245746612549e-01 3.222528696060180664e-01 1.396784931421279907e-02
1.107958257198333740e-01 2.963329553604125977e-01 1.121087968349456787e-01
1.639310419559478760e-01 3.376808166503906250e-01 1.670951582491397858e-02
2.556175887584686279e-01 4.741411209106445312e-01 -3.018673323094844818e-02
2.181510627269744873e-01 4.846100509166717529e-01 -1.475131232291460037e-02
2.259797751903533936e-01 4.469070434570312500e-01 -3.235326334834098816e-02
2.398544847965240479e-01 4.773914515972137451e-01 -2.791283279657363892e-02
2.481274306774139404e-01 3.088798820972442627e-01 -2.785066142678260803e-02
1.878006011247634888e-01 5.788521170616149902e-01 5.038436874747276306e-02
2.043115794658660889e-01 5.944151878356933594e-01 3.722169995307922363e-02
2.423486262559890747e-01 6.225457191467285156e-01 9.050005115568637848e-03
1.583150029182434082e-01 5.484455823898315430e-01 1.135275363922119141e-01
2.099677473306655884e-01 3.269361853599548340e-01 7.337020244449377060e-03
2.298581153154373169e-01 3.726626336574554443e-01 -3.241597488522529602e-02
2.682925462722778320e-01 6.241161823272705078e-01 3.939349669963121414e-03
2.264676243066787720e-01 6.217348575592041016e-01 3.732788935303688049e-02
1.271081268787384033e-01 4.632799923419952393e-01 1.019861251115798950e-01
2.374013513326644897e-01 5.252774953842163086e-01 -1.182013936340808868e-02
2.356868386268615723e-01 5.298980474472045898e-01 -1.390456408262252808e-02
2.342124283313751221e-01 5.372745394706726074e-01 -1.551560498774051666e-02
2.335256934165954590e-01 5.467242002487182617e-01 -1.306666526943445206e-02
2.315850853919982910e-01 5.620691180229187012e-01 -1.795085612684488297e-03
2.216888815164566040e-01 5.236973762512207031e-01 -5.520866252481937408e-04
2.177551686763763428e-01 5.227100849151611328e-01 -3.292415640316903591e-04
2.139847129583358765e-01 5.204143524169921875e-01 -2.725286467466503382e-04
2.000563144683837891e-01 5.098238587379455566e-01 2.750661456957459450e-03
1.490384340286254883e-01 4.690253138542175293e-01 3.223526105284690857e-02
2.295762747526168823e-01 3.532433211803436279e-01 -2.129371464252471924e-02
2.217021882534027100e-01 3.160461783409118652e-01 -1.767037436366081238e-03
2.148358225822448730e-01 3.206026852130889893e-01 4.335282836109399796e-03
2.243875265121459961e-01 5.210540294647216797e-01 6.016219267621636391e-04
1.537341177463531494e-01 5.111385583877563477e-01 5.335124954581260681e-02
2.318410277366638184e-01 3.134095966815948486e-01 -1.838680356740951538e-02
2.258312106132507324e-01 5.790946483612060547e-01 6.557209417223930359e-03
2.489920854568481445e-01 3.771095871925354004e-01 -5.675205215811729431e-02
2.374236732721328735e-01 3.624178767204284668e-01 -4.213329404592514038e-02
2.488064765930175781e-01 3.576011955738067627e-01 -4.607214778661727905e-02
2.235841751098632812e-01 4.032123386859893799e-01 -3.059620410203933716e-02
2.667125165462493896e-01 6.084641814231872559e-01 -4.202204290777444839e-03
2.651312649250030518e-01 5.872415304183959961e-01 -5.183948203921318054e-03
2.448028922080993652e-01 5.875076651573181152e-01 -1.432253513485193253e-03
1.966722458600997925e-01 5.496444702148437500e-01 1.954765245318412781e-02
2.040294259786605835e-01 4.541748464107513428e-01 -3.572643268853425980e-03
2.103983163833618164e-01 5.666966438293457031e-01 1.366761699318885803e-02
1.734551191329956055e-01 4.526334404945373535e-01 3.910075873136520386e-03
1.926997452974319458e-01 4.728703796863555908e-01 5.102792056277394295e-05
1.662797927856445312e-01 4.823928177356719971e-01 1.572990044951438904e-02
2.422194927930831909e-01 6.077430248260498047e-01 9.803404100239276886e-04
2.183501273393630981e-01 4.142988622188568115e-01 -2.056565508246421814e-02
1.883981078863143921e-01 5.617228150367736816e-01 3.372284397482872009e-02
2.051736414432525635e-01 5.793170332908630371e-01 2.511809580028057098e-02
1.847992241382598877e-01 5.289306640625000000e-01 2.080631442368030548e-02
1.405256688594818115e-01 4.886060655117034912e-01 6.534683704376220703e-02
1.704465448856353760e-01 5.309106111526489258e-01 3.504961729049682617e-02
1.371994614601135254e-01 5.004330873489379883e-01 9.752640873193740845e-02
1.853493750095367432e-01 4.972299039363861084e-01 7.772478275001049042e-03
2.236822098493576050e-01 3.856393098831176758e-01 -2.238583937287330627e-02
2.266860455274581909e-01 4.405503571033477783e-01 -4.783439263701438904e-02
2.209759652614593506e-01 4.458380937576293945e-01 -3.333779424428939819e-02
2.293452024459838867e-01 4.276732802391052246e-01 -5.743382498621940613e-02
2.098269909620285034e-01 2.984649538993835449e-01 -5.744152236729860306e-03
1.884899139404296875e-01 2.882545590400695801e-01 -6.104227621108293533e-03
1.704927980899810791e-01 2.870632708072662354e-01 -3.152546472847461700e-03
1.561061143875122070e-01 2.909016013145446777e-01 4.011902492493391037e-03
1.468262374401092529e-01 2.997977137565612793e-01 1.307335123419761658e-02
1.429636776447296143e-01 3.344370722770690918e-01 3.446209430694580078e-02
1.146482378244400024e-01 3.830336332321166992e-01 9.823454916477203369e-02
1.531581580638885498e-01 3.626932799816131592e-01 2.430796995759010315e-02
1.662953197956085205e-01 3.682480156421661377e-01 1.566719822585582733e-02
1.832328587770462036e-01 3.673756718635559082e-01 9.211474098265171051e-03
1.991344988346099854e-01 3.619907796382904053e-01 4.738807212561368942e-03
2.110359817743301392e-01 3.546916842460632324e-01 3.454223508015275002e-03
2.189720720052719116e-01 3.476968407630920410e-01 1.513321418315172195e-03
1.188069730997085571e-01 3.802703917026519775e-01 1.474349349737167358e-01
2.224075347185134888e-01 4.504931271076202393e-01 -2.681688219308853149e-02
2.300191819667816162e-01 3.900844752788543701e-01 -4.150388389825820923e-02
2.337954044342041016e-01 4.408102333545684814e-01 -5.821868404746055603e-02
2.416626363992691040e-01 4.489393234252929688e-01 -5.322872847318649292e-02
2.348470091819763184e-01 4.435239434242248535e-01 -5.191858112812042236e-02
2.264901548624038696e-01 4.557591378688812256e-01 -2.260791696608066559e-02
2.434036284685134888e-01 4.506562352180480957e-01 -5.663492158055305481e-02
2.457907795906066895e-01 4.541539549827575684e-01 -4.149021953344345093e-02
2.179194986820220947e-01 3.327580094337463379e-01 6.915013305842876434e-03
2.249679565429687500e-01 3.364935219287872314e-01 -1.127465511672198772e-03
2.285199910402297974e-01 3.394467532634735107e-01 -9.772534482181072235e-03
1.569844484329223633e-01 3.259866237640380859e-01 1.887383684515953064e-02
1.502761542797088623e-01 3.178572654724121094e-01 1.994161866605281830e-02
2.603009641170501709e-01 3.791457414627075195e-01 -5.333900451660156250e-02
3.466882705688476562e-01 3.194711506366729736e-01 5.825546570122241974e-03
2.641808986663818359e-01 4.501985311508178711e-01 -4.292279109358787537e-02
3.966221809387207031e-01 2.358911484479904175e-01 5.963396281003952026e-02
3.089047074317932129e-01 3.413457274436950684e-01 -4.925965797156095505e-03
3.222755789756774902e-01 3.413475453853607178e-01 -4.422028083354234695e-03
3.351141512393951416e-01 3.389063775539398193e-01 -1.491692150011658669e-03
3.521059155464172363e-01 3.255134224891662598e-01 7.956786081194877625e-03
2.975154519081115723e-01 3.376058042049407959e-01 -2.160281641408801079e-03
3.232496976852416992e-01 2.879424989223480225e-01 -1.194137148559093475e-02
3.090455830097198486e-01 2.912526726722717285e-01 -1.101823896169662476e-02
3.367367386817932129e-01 2.894110083580017090e-01 -8.059237152338027954e-03
3.462817668914794922e-01 2.953241467475891113e-01 -3.277248470112681389e-03
3.639824986457824707e-01 3.368371427059173584e-01 1.445198711007833481e-02
3.132685422897338867e-01 5.906359553337097168e-01 6.685778032988309860e-03
3.513092398643493652e-01 3.137031793594360352e-01 9.670453146100044250e-03
4.065323472023010254e-01 3.195838630199432373e-01 6.849786639213562012e-02
3.787397742271423340e-01 3.203848600387573242e-01 2.604789473116397858e-02
3.203236162662506104e-01 4.196452796459197998e-01 -1.278608385473489761e-02
2.716290652751922607e-01 4.991897940635681152e-01 -3.280528262257575989e-02
2.711282968521118164e-01 5.173472762107849121e-01 -2.565316297113895416e-02
2.878629565238952637e-01 5.038595795631408691e-01 -2.629875205457210541e-02
2.990459799766540527e-01 5.097283720970153809e-01 -1.805686391890048981e-02
2.826056182384490967e-01 5.177959799766540527e-01 -2.199596166610717773e-02
2.921592593193054199e-01 5.183715224266052246e-01 -1.417236868292093277e-02
3.192719221115112305e-01 5.350700616836547852e-01 2.065002452582120895e-03
2.616142332553863525e-01 4.414765536785125732e-01 -6.615584343671798706e-02
2.620409131050109863e-01 4.228681623935699463e-01 -7.093736529350280762e-02
3.661147058010101318e-01 2.698907852172851562e-01 -5.899648531340062618e-04
2.918643653392791748e-01 3.742161691188812256e-01 -1.479303184896707535e-02
2.915767133235931396e-01 4.345895349979400635e-01 -3.722203150391578674e-02
2.927457094192504883e-01 4.241985380649566650e-01 -3.397184982895851135e-02
3.622549772262573242e-01 4.136630892753601074e-01 5.849433364346623421e-04
2.610918581485748291e-01 3.991797566413879395e-01 -6.459408253431320190e-02
3.327178061008453369e-01 2.519418001174926758e-01 -2.052208967506885529e-02
3.516473174095153809e-01 2.568161487579345703e-01 -1.135614421218633652e-02
3.797023892402648926e-01 2.032979875802993774e-01 3.355713188648223877e-02
2.756154835224151611e-01 2.749144732952117920e-01 -2.749439701437950134e-02
2.973408997058868408e-01 2.995804250240325928e-01 -6.385011132806539536e-03
3.278076648712158203e-01 5.175355076789855957e-01 3.210285445675253868e-03
4.020434021949768066e-01 4.947762489318847656e-01 1.137124896049499512e-01
2.828523814678192139e-01 4.458051323890686035e-01 -3.135973587632179260e-02
2.729070484638214111e-01 4.520476162433624268e-01 -3.068895824253559113e-02
3.125903010368347168e-01 5.188550949096679688e-01 1.914558699354529381e-03
3.068125247955322266e-01 5.178771018981933594e-01 -1.294921501539647579e-03
3.589540719985961914e-01 2.425218075513839722e-01 -6.760812364518642426e-03
2.927512824535369873e-01 4.427506625652313232e-01 -2.975215390324592590e-02
3.080771267414093018e-01 2.562075853347778320e-01 -2.627345733344554901e-02
3.093468546867370605e-01 2.398100942373275757e-01 -2.985973283648490906e-02
3.196586966514587402e-01 1.646347343921661377e-01 -1.416158583015203476e-02
3.691620528697967529e-01 2.227533012628555298e-01 9.757542982697486877e-03
3.128173053264617920e-01 2.020785063505172729e-01 -2.306562662124633789e-02
3.749264478683471680e-01 2.597411572933197021e-01 9.316905401647090912e-03
3.860594332218170166e-01 2.491249144077301025e-01 3.223627805709838867e-02
2.715716958045959473e-01 5.099088549613952637e-01 -3.083806484937667847e-02
2.847997248172760010e-01 5.124714374542236328e-01 -2.490527927875518799e-02
2.954570949077606201e-01 5.143799781799316406e-01 -1.720844395458698273e-02
2.799318134784698486e-01 4.493299722671508789e-01 -2.782742120325565338e-02
3.094322085380554199e-01 5.187217593193054199e-01 2.982176665682345629e-04
3.044504523277282715e-01 5.224673151969909668e-01 -6.542459130287170410e-03
3.056137561798095703e-01 5.169434547424316406e-01 -1.477090641856193542e-03
2.756763994693756104e-01 4.400086700916290283e-01 -4.900023713707923889e-02
2.899963855743408203e-01 5.171813964843750000e-01 -1.196104474365711212e-02
2.806209325790405273e-01 5.184926390647888184e-01 -1.662868261337280273e-02
2.702552080154418945e-01 5.197934508323669434e-01 -2.008346654474735260e-02
2.800952196121215820e-01 5.664060711860656738e-01 -6.956988945603370667e-03
2.767025828361511230e-01 5.505817532539367676e-01 -2.030614577233791351e-02
2.751220762729644775e-01 5.400269031524658203e-01 -2.253030054271221161e-02
2.734980583190917969e-01 5.307896137237548828e-01 -2.062171883881092072e-02
2.720966935157775879e-01 5.243486166000366211e-01 -1.892594061791896820e-02
2.930765151977539062e-01 5.205456018447875977e-01 -1.105586253106594086e-02
2.949263155460357666e-01 5.227781534194946289e-01 -1.290423050522804260e-02
2.979001402854919434e-01 5.275077223777770996e-01 -1.456113997846841812e-02
3.008586764335632324e-01 5.335397124290466309e-01 -1.213985402137041092e-02
3.100653886795043945e-01 4.879597425460815430e-01 -1.487144269049167633e-02
4.132467806339263916e-01 4.000383615493774414e-01 1.267078071832656860e-01
2.991551756858825684e-01 5.194405317306518555e-01 -5.449458491057157516e-03
3.013963699340820312e-01 5.204324126243591309e-01 -6.706123240292072296e-03
2.694361507892608643e-01 4.603632092475891113e-01 -3.094265237450599670e-02
2.895097434520721436e-01 4.541445672512054443e-01 -1.942211203277111053e-02
2.709752023220062256e-01 4.563613533973693848e-01 -3.104030340909957886e-02
3.065143823623657227e-01 3.837899565696716309e-01 -1.092310529202222824e-02
3.293227255344390869e-01 3.945731222629547119e-01 -7.715844083577394485e-03
2.955319285392761230e-01 4.320992529392242432e-01 -2.654512785375118256e-02
3.550825715065002441e-01 1.788190007209777832e-01 7.403946481645107269e-03
3.459321260452270508e-01 2.059351950883865356e-01 -8.231629617512226105e-03
3.368673920631408691e-01 2.353426665067672729e-01 -1.990626938641071320e-02
3.094614744186401367e-01 5.473966598510742188e-01 -2.587194321677088737e-03
2.779044508934020996e-01 2.483997642993927002e-01 -3.391087800264358521e-02
2.795884609222412109e-01 2.054667919874191284e-01 -3.049471974372863770e-02
2.829041481018066406e-01 1.602263748645782471e-01 -2.482968941330909729e-02
3.461666405200958252e-01 3.337484598159790039e-01 3.417497733607888222e-03
3.796098828315734863e-01 3.491516113281250000e-01 2.120812237262725830e-02
2.899988889694213867e-01 3.332509994506835938e-01 -2.495117369107902050e-04
3.617942333221435547e-01 2.985607385635375977e-01 7.029891014099121094e-03
2.818129062652587891e-01 3.628065586090087891e-01 -1.921796239912509918e-02
2.834075093269348145e-01 4.281657040119171143e-01 -4.953389242291450500e-02
3.953647911548614502e-01 3.598923385143280029e-01 3.511404991149902344e-02
3.705360889434814453e-01 3.647596240043640137e-01 1.058032829314470291e-02
3.528774678707122803e-01 3.743545413017272949e-01 -1.576511422172188759e-04
3.265151977539062500e-01 3.735544681549072266e-01 -3.810542635619640350e-03
3.072259426116943359e-01 3.672628104686737061e-01 -5.772814154624938965e-03
2.928477525711059570e-01 3.596822619438171387e-01 -8.461422286927700043e-03
2.616896331310272217e-01 3.396429121494293213e-01 -3.204035758972167969e-02
3.949406445026397705e-01 4.011234939098358154e-01 3.341599553823471069e-02
3.734247088432312012e-01 2.932130098342895508e-01 1.247783377766609192e-02
2.585773766040802002e-01 4.508805871009826660e-01 -5.952056124806404114e-02
2.902119159698486328e-01 3.936413228511810303e-01 -1.945388317108154297e-02
4.128528833389282227e-01 3.150818645954132080e-01 1.114390939474105835e-01
2.818146646022796631e-01 3.503788411617279053e-01 -1.000376977026462555e-02
2.977752089500427246e-01 4.327826499938964844e-01 -1.399151701480150223e-02
3.556840419769287109e-01 3.136778473854064941e-01 1.195642072707414627e-02
2.841542065143585205e-01 4.155489802360534668e-01 -4.535792022943496704e-02
4.102373421192169189e-01 4.464147984981536865e-01 1.236969009041786194e-01
2.898261547088623047e-01 3.259897232055664062e-01 2.190591534599661827e-03
2.728904187679290771e-01 4.051465988159179688e-01 -5.737270414829254150e-02
3.698569834232330322e-01 5.457765460014343262e-01 4.749090224504470825e-02
3.717672824859619141e-01 5.631814002990722656e-01 7.263618707656860352e-02
4.103081822395324707e-01 4.010657370090484619e-01 7.954087108373641968e-02
3.873053193092346191e-01 5.192517042160034180e-01 6.180891394615173340e-02
3.969674706459045410e-01 2.815990447998046875e-01 5.384702980518341064e-02
3.166679441928863525e-01 6.058874130249023438e-01 1.524556335061788559e-02
2.582271993160247803e-01 4.544874429702758789e-01 -4.203439876437187195e-02
3.029551804065704346e-01 4.064275622367858887e-01 -1.487352233380079269e-02
3.914813697338104248e-01 3.221000134944915771e-01 3.803671896457672119e-02
3.332770764827728271e-01 3.277715146541595459e-01 -9.872256778180599213e-04
3.218116462230682373e-01 3.308474123477935791e-01 -3.403693437576293945e-03
3.079843819141387939e-01 5.258452892303466797e-01 -4.404734820127487183e-03
3.938678801059722900e-01 4.389913678169250488e-01 3.980702161788940430e-02
2.950905263423919678e-01 6.286561489105224609e-01 2.204625867307186127e-02
3.330099582672119141e-01 6.035334467887878418e-01 4.302517697215080261e-02
3.505472242832183838e-01 5.874862670898437500e-01 5.572205781936645508e-02
3.105567991733551025e-01 3.309240341186523438e-01 -3.273589769378304482e-03
3.000179827213287354e-01 3.288864493370056152e-01 -9.241614025086164474e-04
2.932236194610595703e-01 3.275603950023651123e-01 2.019235631451010704e-03
3.841447234153747559e-01 2.872557640075683594e-01 2.464533224701881409e-02
3.003545701503753662e-01 3.119919598102569580e-01 -4.144104663282632828e-03
3.115435838699340820e-01 3.054689764976501465e-01 -6.660988088697195053e-03
3.230654597282409668e-01 3.032113909721374512e-01 -6.659305188804864883e-03
3.349582552909851074e-01 3.046270012855529785e-01 -4.069906193763017654e-03
3.427295088768005371e-01 3.083177208900451660e-01 -2.805580152198672295e-04
4.071995615959167480e-01 2.710878252983093262e-01 8.825880289077758789e-02
3.411578834056854248e-01 3.236475288867950439e-01 2.635107375681400299e-03
2.972244322299957275e-01 4.788694977760314941e-01 -2.043209411203861237e-02
2.828249335289001465e-01 4.428073167800903320e-01 -3.613080456852912903e-02
2.722022235393524170e-01 4.749615192413330078e-01 -3.023936040699481964e-02
3.514837324619293213e-01 5.698332190513610840e-01 3.778165578842163086e-02
3.346260190010070801e-01 5.878660678863525391e-01 2.731772698462009430e-02
2.946348786354064941e-01 6.199884414672851562e-01 5.134536419063806534e-03
3.886172175407409668e-01 5.342724919319152832e-01 9.478410333395004272e-02
2.929073274135589600e-01 3.205606937408447266e-01 -4.548244178295135498e-04
2.714479863643646240e-01 3.694737553596496582e-01 -3.571480512619018555e-02
3.150720596313476562e-01 6.178330779075622559e-01 2.989453449845314026e-02
4.075598120689392090e-01 4.431668519973754883e-01 8.005667477846145630e-02
2.833771109580993652e-01 5.222595930099487305e-01 -1.560607086867094040e-02
2.855068445205688477e-01 5.266565084457397461e-01 -1.766303181648254395e-02
2.878253757953643799e-01 5.339637994766235352e-01 -1.955210790038108826e-02
2.901083528995513916e-01 5.433419346809387207e-01 -1.738554798066616058e-02
2.964195907115936279e-01 5.583053231239318848e-01 -6.707356311380863190e-03
3.008415699005126953e-01 5.181548595428466797e-01 -7.278472650796175003e-03
3.042954206466674805e-01 5.167359113693237305e-01 -7.750266231596469879e-03
3.078567683696746826e-01 5.138185024261474609e-01 -8.273552171885967255e-03
3.210358023643493652e-01 5.012725591659545898e-01 -6.834119092673063278e-03
3.748323321342468262e-01 4.524090886116027832e-01 1.537053100764751434e-02
2.715783715248107910e-01 3.500047326087951660e-01 -2.472124435007572174e-02
2.785054743289947510e-01 3.117495775222778320e-01 -6.120071746408939362e-03
2.868243157863616943e-01 3.148639500141143799e-01 -2.289356198161840439e-03
2.982124686241149902e-01 5.159922242164611816e-01 -5.959701724350452423e-03
3.783763647079467773e-01 4.956581592559814453e-01 3.627418726682662964e-02
2.659425437450408936e-01 3.109418153762817383e-01 -2.111072838306427002e-02
3.058564066886901855e-01 5.746756792068481445e-01 9.310085442848503590e-04
2.611930370330810547e-01 3.606952726840972900e-01 -4.392916709184646606e-02
2.813179492950439453e-01 3.987672328948974609e-01 -3.489379212260246277e-02
2.862248420715332031e-01 5.853266716003417969e-01 -4.130630288273096085e-03
3.332136273384094238e-01 5.410966277122497559e-01 9.555038996040821075e-03
3.102609217166900635e-01 4.462707936763763428e-01 -1.101361401379108429e-02
3.210371732711791992e-01 5.603563785552978516e-01 5.798923783004283905e-03
3.430051803588867188e-01 4.399538040161132812e-01 -8.153780363500118256e-03
3.240718841552734375e-01 4.632619917392730713e-01 -9.304158389568328857e-03
3.558990955352783203e-01 4.687529802322387695e-01 1.881973817944526672e-03
2.917527258396148682e-01 6.051468253135681152e-01 -2.549866680055856705e-03
2.896543145179748535e-01 4.089050292968750000e-01 -2.583087608218193054e-02
3.457074463367462158e-01 5.522914528846740723e-01 2.197631448507308960e-02
3.297674655914306641e-01 5.725408792495727539e-01 1.624090597033500671e-02
3.425663709640502930e-01 5.183624029159545898e-01 8.745856583118438721e-03
3.911924064159393311e-01 4.709435105323791504e-01 4.617133736610412598e-02
3.607202768325805664e-01 5.184265375137329102e-01 2.070274390280246735e-02
4.014492630958557129e-01 4.823685884475708008e-01 7.685025781393051147e-02
3.358074128627777100e-01 4.863994121551513672e-01 -3.312449203804135323e-03
2.807305157184600830e-01 3.813113272190093994e-01 -2.696504630148410797e-02
2.794228494167327881e-01 4.368026852607727051e-01 -5.188863351941108704e-02
2.878369092941284180e-01 4.410510659217834473e-01 -3.794405981898307800e-02
2.733356654644012451e-01 4.244472980499267578e-01 -6.053010001778602600e-02
2.880919575691223145e-01 2.926303148269653320e-01 -1.179379131644964218e-02
3.084938824176788330e-01 2.792101204395294189e-01 -1.513627357780933380e-02
3.267741203308105469e-01 2.750327587127685547e-01 -1.511677913367748260e-02
3.425493538379669189e-01 2.765994668006896973e-01 -1.059106644243001938e-02
3.544036746025085449e-01 2.838484942913055420e-01 -3.179181599989533424e-03
3.656408190727233887e-01 3.169196844100952148e-01 1.698588766157627106e-02
4.103416204452514648e-01 3.599905371665954590e-01 7.444790750741958618e-02
3.568097949028015137e-01 3.463991284370422363e-01 8.408106863498687744e-03
3.430769741535186768e-01 3.540429770946502686e-01 1.842302386648952961e-03
3.249182403087615967e-01 3.558820188045501709e-01 -2.231152495369315147e-03
3.078258633613586426e-01 3.531076014041900635e-01 -4.189002327620983124e-03
2.946249842643737793e-01 3.479924201965332031e-01 -3.251473885029554367e-03
2.853298485279083252e-01 3.424205780029296875e-01 -4.061690997332334518e-03
4.134742021560668945e-01 3.569546639919281006e-01 1.232009232044219971e-01
2.878850698471069336e-01 4.460023939609527588e-01 -3.136098012328147888e-02
2.712967395782470703e-01 3.868416249752044678e-01 -4.489148408174514771e-02
2.703995704650878906e-01 4.382662475109100342e-01 -6.088499724864959717e-02
2.645072340965270996e-01 4.474357664585113525e-01 -5.476658046245574951e-02
2.707591354846954346e-01 4.411025047302246094e-01 -5.458245798945426941e-02
2.849639952182769775e-01 4.518514871597290039e-01 -2.646134048700332642e-02
2.623694539070129395e-01 4.493366479873657227e-01 -5.785844475030899048e-02
2.618712484836578369e-01 4.531146883964538574e-01 -4.247900471091270447e-02
2.851086556911468506e-01 3.275466859340667725e-01 9.976417059078812599e-04
2.776560485363006592e-01 3.323885202407836914e-01 -5.518085323274135590e-03
2.730760276317596436e-01 3.359180986881256104e-01 -1.329426560550928116e-02
3.474751114845275879e-01 3.112766742706298828e-01 4.067325033247470856e-03
3.538648188114166260e-01 3.020716905593872070e-01 4.141261335462331772e-03
