3.076512217521667480e-01 5.815975666046142578e-01 -3.592908382415771484e-02
3.067614138126373291e-01 5.263721942901611328e-01 -6.364843994379043579e-02
3.078230917453765869e-01 5.440095663070678711e-01 -3.348649293184280396e-02
2.978195548057556152e-01 4.669730067253112793e-01 -4.628625139594078064e-02
3.067409992218017578e-01 5.081281661987304688e-01 -6.761319935321807861e-02
3.071814179420471191e-01 4.841556251049041748e-01 -6.238133460283279419e-02
3.090945184230804443e-01 4.263073503971099854e-01 -2.878906019032001495e-02
2.231220901012420654e-01 4.174189567565917969e-01 2.140896581113338470e-02
3.097676336765289307e-01 3.787584900856018066e-01 -1.976600475609302521e-02
3.099460899829864502e-01 3.539089560508728027e-01 -2.211459539830684662e-02
3.114058673381805420e-01 2.706939876079559326e-01 -7.804774679243564606e-03
3.076822757720947266e-01 5.900204181671142578e-01 -3.455197438597679138e-02
3.077803850173950195e-01 5.963872671127319336e-01 -3.030321374535560608e-02
3.080641627311706543e-01 5.991693735122680664e-01 -2.488770708441734314e-02
3.082632422447204590e-01 6.037908792495727539e-01 -2.408579178154468536e-02
3.081895411014556885e-01 6.107211112976074219e-01 -2.587606944143772125e-02
3.081372380256652832e-01 6.195687651634216309e-01 -2.827477268874645233e-02
3.081444799900054932e-01 6.284840703010559082e-01 -2.624912001192569733e-02
3.082812130451202393e-01 6.425780057907104492e-01 -1.420576404780149460e-02
3.070248961448669434e-01 5.354829430580139160e-01 -5.758021026849746704e-02
2.977977395057678223e-01 5.339635014533996582e-01 -4.087597131729125977e-02
1.813958883285522461e-01 3.495051860809326172e-01 8.282298594713211060e-02
2.578703463077545166e-01 4.359369874000549316e-01 7.069383747875690460e-03
2.457414418458938599e-01 4.367457032203674316e-01 8.482785895466804504e-03
2.342547178268432617e-01 4.352838993072509766e-01 1.248191855847835541e-02
2.192933857440948486e-01 4.239663481712341309e-01 2.345540001988410950e-02
2.681080102920532227e-01 4.317784309387207031e-01 8.278854191303253174e-03
2.424706071615219116e-01 3.879318237304687500e-01 4.010083153843879700e-03
2.554207146167755127e-01 3.901709914207458496e-01 3.245252417400479317e-03
2.303685098886489868e-01 3.899869024753570557e-01 8.573896251618862152e-03
2.221885919570922852e-01 3.959608376026153564e-01 1.369420811533927917e-02
2.095437049865722656e-01 4.360385537147521973e-01 2.997443825006484985e-02
2.654562592506408691e-01 6.664071679115295410e-01 1.983011607080698013e-04
2.191173732280731201e-01 4.123021066188812256e-01 2.571273967623710632e-02
1.758522838354110718e-01 4.255347251892089844e-01 8.607742190361022949e-02
1.964656114578247070e-01 4.223464131355285645e-01 4.307654872536659241e-02
2.501949667930603027e-01 5.093787312507629395e-01 -5.635876674205064774e-03
2.944701611995697021e-01 5.790726542472839355e-01 -3.368273749947547913e-02
2.969343662261962891e-01 5.960656404495239258e-01 -2.819511666893959045e-02
2.812690436840057373e-01 5.850108265876770020e-01 -2.648903988301753998e-02
2.732220292091369629e-01 5.924587249755859375e-01 -1.831838674843311310e-02
2.877358496189117432e-01 5.975663661956787109e-01 -2.361457981169223785e-02
2.805107831954956055e-01 5.997243523597717285e-01 -1.590134389698505402e-02
2.589303851127624512e-01 6.174042820930480957e-01 -5.526783643290400505e-04
2.974031567573547363e-01 5.257061123847961426e-01 -6.231785565614700317e-02
2.956421375274658203e-01 5.082234144210815430e-01 -6.579875946044921875e-02
2.029455006122589111e-01 3.744424879550933838e-01 1.972816884517669678e-02
2.738957703113555908e-01 4.653616845607757568e-01 -7.131222169846296310e-03
2.730507850646972656e-01 5.211765170097351074e-01 -3.176041692495346069e-02
2.722716927528381348e-01 5.115552544593811035e-01 -2.808870188891887665e-02
2.142829298973083496e-01 5.067580938339233398e-01 1.152953505516052246e-02
2.966361939907073975e-01 4.859423637390136719e-01 -5.815948918461799622e-02
2.302863001823425293e-01 3.553872406482696533e-01 -2.195678884163498878e-03
2.141040861606597900e-01 3.611561059951782227e-01 8.227255195379257202e-03
1.924962103366851807e-01 3.179909288883209229e-01 5.842439830303192139e-02
2.830563485622406006e-01 3.730872273445129395e-01 -1.508114021271467209e-02
2.667405307292938232e-01 3.970244228839874268e-01 6.222880911082029343e-03
2.502831220626831055e-01 6.022366285324096680e-01 3.053690772503614426e-03
1.918583959341049194e-01 5.864620208740234375e-01 1.151110231876373291e-01
2.818699777126312256e-01 5.311126708984375000e-01 -2.770700864493846893e-02
2.911185026168823242e-01 5.361936092376708984e-01 -2.922459691762924194e-02
2.647125720977783203e-01 6.033502817153930664e-01 5.845158011652529240e-04
2.699002027511596680e-01 6.019091606140136719e-01 -3.228533547371625900e-03
2.071973979473114014e-01 3.488261699676513672e-01 1.425376534461975098e-02
2.733394205570220947e-01 5.290320515632629395e-01 -2.523773908615112305e-02
2.525007128715515137e-01 3.578317165374755859e-01 -1.036826428025960922e-02
2.502199709415435791e-01 3.429639935493469238e-01 -1.269146334379911423e-02
2.405996322631835938e-01 2.780457139015197754e-01 9.900678880512714386e-03
1.996657103300094604e-01 3.332678675651550293e-01 3.273500502109527588e-02
2.465345859527587891e-01 3.101575374603271484e-01 -2.578658051788806915e-03
1.956224590539932251e-01 3.664755821228027344e-01 3.064312972128391266e-02
1.882609277963638306e-01 3.591008782386779785e-01 5.464158952236175537e-02
2.953800261020660400e-01 5.889450907707214355e-01 -3.245889022946357727e-02
2.848026752471923828e-01 5.927680730819702148e-01 -2.580334246158599854e-02
2.768223285675048828e-01 5.964865684509277344e-01 -1.831565611064434052e-02
2.849337458610534668e-01 5.342180132865905762e-01 -2.512683160603046417e-02
2.674977481365203857e-01 6.029672026634216309e-01 -1.391278696246445179e-03
2.714345455169677734e-01 6.051661372184753418e-01 -9.233000688254833221e-03
2.708780765533447266e-01 6.005949378013610840e-01 -3.599872579798102379e-03
2.867214083671569824e-01 5.252151489257812500e-01 -4.413360357284545898e-02
2.829704284667968750e-01 5.987008213996887207e-01 -1.405825279653072357e-02
2.902863323688507080e-01 5.983147621154785156e-01 -1.905517838895320892e-02
2.986495494842529297e-01 5.985995531082153320e-01 -2.317470684647560120e-02
2.937308549880981445e-01 6.422606706619262695e-01 -1.348781213164329529e-02
2.947275340557098389e-01 6.270135641098022461e-01 -2.521261386573314667e-02
2.953946888446807861e-01 6.173667907714843750e-01 -2.676916122436523438e-02
2.963835895061492920e-01 6.089545488357543945e-01 -2.425597235560417175e-02
2.975265681743621826e-01 6.032063961029052734e-01 -2.236194536089897156e-02
2.807754576206207275e-01 6.021422147750854492e-01 -1.357355434447526932e-02
2.790533900260925293e-01 6.041536927223205566e-01 -1.568931713700294495e-02
2.765336036682128906e-01 6.084031462669372559e-01 -1.758699677884578705e-02
2.741591334342956543e-01 6.139452457427978516e-01 -1.545494515448808670e-02
2.620660662651062012e-01 5.727661252021789551e-01 -1.358977146446704865e-02
1.782322227954864502e-01 5.011696815490722656e-01 1.354447305202484131e-01
3.074412643909454346e-01 5.387603640556335449e-01 -4.177270829677581787e-02
2.761415243148803711e-01 6.020536422729492188e-01 -8.009293116629123688e-03
2.740380167961120605e-01 6.029942035675048828e-01 -9.289635345339775085e-03
2.946236133575439453e-01 5.438579916954040527e-01 -2.994557470083236694e-02
2.776083648204803467e-01 5.396352410316467285e-01 -1.692128367722034454e-02
2.929500043392181396e-01 5.402317643165588379e-01 -2.975796908140182495e-02
2.614883780479431152e-01 4.755790233612060547e-01 -2.645874861627817154e-03
2.416596114635467529e-01 4.869429469108581543e-01 1.715900260023772717e-03
2.708224654197692871e-01 5.192949771881103516e-01 -2.129320055246353149e-02
2.110862731933593750e-01 2.935573458671569824e-01 3.246683627367019653e-02
2.178966701030731201e-01 3.158842921257019043e-01 1.405978202819824219e-02
2.257521003484725952e-01 3.406952619552612305e-01 -6.742931873304769397e-05
2.676272392272949219e-01 6.269639134407043457e-01 -6.427023094147443771e-03
2.791973352432250977e-01 3.489172160625457764e-01 -1.959004811942577362e-02
2.765197157859802246e-01 3.111859560012817383e-01 -1.272448711097240448e-02
2.730862498283386230e-01 2.716120481491088867e-01 -3.966850694268941879e-03
2.246226966381072998e-01 4.311737120151519775e-01 1.827635243535041809e-02
1.966508328914642334e-01 4.490102231502532959e-01 3.677483275532722473e-02
2.747152447700500488e-01 4.272281527519226074e-01 9.819016791880130768e-03
2.090939581394195557e-01 4.001558125019073486e-01 2.505192905664443970e-02
2.820008993148803711e-01 4.537144899368286133e-01 -1.145244203507900238e-02
2.790450155735015869e-01 5.144950747489929199e-01 -4.369113966822624207e-02
1.843368560075759888e-01 4.603894948959350586e-01 5.076895281672477722e-02
2.046256363391876221e-01 4.626947045326232910e-01 2.497879229485988617e-02
2.202230393886566162e-01 4.701848328113555908e-01 1.281436998397111893e-02
2.435493767261505127e-01 4.675173759460449219e-01 6.864988710731267929e-03
2.605321705341339111e-01 4.603444039821624756e-01 3.539368975907564163e-03
2.730773687362670898e-01 4.521106183528900146e-01 -6.318675150396302342e-05
2.976770102977752686e-01 4.305375218391418457e-01 -2.374431677162647247e-02
1.868591159582138062e-01 4.981688559055328369e-01 4.649519920349121094e-02
1.990802437067031860e-01 3.966355025768280029e-01 3.154114633798599243e-02
3.015215396881103516e-01 5.344820618629455566e-01 -5.667172372341156006e-02
2.754298746585845947e-01 4.831530451774597168e-01 -1.267648208886384964e-02
1.740937083959579468e-01 4.238188862800598145e-01 1.277697533369064331e-01
2.823805809020996094e-01 4.425177872180938721e-01 -1.851563574746251106e-03
2.700470387935638428e-01 5.203384160995483398e-01 -9.546144865453243256e-03
2.156283110380172729e-01 4.132062494754791260e-01 2.838193252682685852e-02
2.787925004959106445e-01 5.029371380805969238e-01 -3.902121260762214661e-02
1.827235370874404907e-01 5.431022047996520996e-01 1.288747340440750122e-01
2.749454081058502197e-01 4.200771450996398926e-01 1.299427729099988937e-02
2.871710062026977539e-01 4.923301041126251221e-01 -5.072600021958351135e-02
2.166776359081268311e-01 6.289071440696716309e-01 4.685975611209869385e-02
2.177247107028961182e-01 6.459721326828002930e-01 6.942189484834671021e-02
1.767211705446243286e-01 5.000692605972290039e-01 9.100679308176040649e-02
2.017927467823028564e-01 6.058577299118041992e-01 6.348051130771636963e-02
1.817418038845062256e-01 3.900246322154998779e-01 7.395285367965698242e-02
2.631103992462158203e-01 6.813193559646606445e-01 7.539455313235521317e-03
3.032216727733612061e-01 5.379778742790222168e-01 -4.086604714393615723e-02
2.650457918643951416e-01 4.960894286632537842e-01 -8.204687386751174927e-03
1.863344609737396240e-01 4.254753291606903076e-01 5.571740865707397461e-02
2.348161786794662476e-01 4.244216680526733398e-01 1.345190498977899551e-02
2.453019618988037109e-01 4.268049895763397217e-01 1.006016787141561508e-02
2.685346901416778564e-01 6.085591912269592285e-01 -7.088132668286561966e-03
1.906315386295318604e-01 5.326963067054748535e-01 4.919041693210601807e-02
2.840648889541625977e-01 7.031612396240234375e-01 1.037570275366306305e-02
2.502102851867675781e-01 6.810616254806518555e-01 3.570734336972236633e-02
2.353773117065429688e-01 6.670696735382080078e-01 5.022528022527694702e-02
3.106663227081298828e-01 3.130523562431335449e-01 -1.629234477877616882e-02
3.082624375820159912e-01 7.072296142578125000e-01 5.899630486965179443e-03
2.556363046169281006e-01 4.263565242290496826e-01 9.302929043769836426e-03
2.653792500495910645e-01 4.238854646682739258e-01 1.073058508336544037e-02
2.717649936676025391e-01 4.220523238182067871e-01 1.308413408696651459e-02
1.905135512351989746e-01 3.928853571414947510e-01 4.447846859693527222e-02
2.647088170051574707e-01 4.069550931453704834e-01 8.663538843393325806e-03
2.542485594749450684e-01 4.012658298015594482e-01 7.373449392616748810e-03
2.433747500181198120e-01 3.994888663291931152e-01 8.267141878604888916e-03
2.325425744056701660e-01 4.016765952110290527e-01 1.173347793519496918e-02
2.258321046829223633e-01 4.060291647911071777e-01 1.588542200624942780e-02
1.756203621625900269e-01 3.828862309455871582e-01 1.083106920123100281e-01
2.278559207916259766e-01 4.209851920604705811e-01 1.782302558422088623e-02
3.078626990318298340e-01 5.554239153861999512e-01 -3.125059977173805237e-02
2.720562815666198730e-01 5.631527304649353027e-01 -1.905729621648788452e-02
2.813137769699096680e-01 5.283542871475219727e-01 -3.206427395343780518e-02
2.929336726665496826e-01 5.572093129158020020e-01 -2.986671961843967438e-02
3.097012639045715332e-01 4.023783802986145020e-01 -1.976902410387992859e-02
2.322748601436614990e-01 6.499592661857604980e-01 3.400722146034240723e-02
2.472231686115264893e-01 6.655609011650085449e-01 2.134206704795360565e-02
2.829429209232330322e-01 6.935549378395080566e-01 -4.725568927824497223e-03
2.038655877113342285e-01 6.210935711860656738e-01 9.364460408687591553e-02
2.718419730663299561e-01 4.148667156696319580e-01 1.133232377469539642e-02
2.895032763481140137e-01 4.587917029857635498e-01 -2.823851257562637329e-02
3.080120980739593506e-01 6.966819167137145996e-01 -8.706665597856044769e-03
2.659312486648559570e-01 6.936165094375610352e-01 2.068408019840717316e-02
1.815402209758758545e-01 5.382550358772277832e-01 8.797444403171539307e-02
2.882697284221649170e-01 6.023404598236083984e-01 -1.830907352268695831e-02
2.865034341812133789e-01 6.063551902770996094e-01 -2.060267329216003418e-02
2.846644222736358643e-01 6.128450036048889160e-01 -2.271816320717334747e-02
2.831657230854034424e-01 6.213702559471130371e-01 -2.112463489174842834e-02
2.792480885982513428e-01 6.356570720672607422e-01 -1.157771516591310501e-02
2.742953896522521973e-01 6.012193560600280762e-01 -9.118303656578063965e-03
2.707227766513824463e-01 6.002458333969116211e-01 -9.004202671349048615e-03
2.672769129276275635e-01 5.980092883110046387e-01 -8.911478333175182343e-03
2.542105317115783691e-01 5.865348577499389648e-01 -5.640220828354358673e-03
2.064706236124038696e-01 5.432817339897155762e-01 2.351585961878299713e-02
2.899553179740905762e-01 4.409277141094207764e-01 -1.675699464976787567e-02
2.841494977474212646e-01 4.066864252090454102e-01 3.822783706709742546e-03
2.770019173622131348e-01 4.101329445838928223e-01 8.979150094091892242e-03
2.767187356948852539e-01 5.988695621490478516e-01 -8.001925423741340637e-03
2.067562937736511230e-01 5.833492279052734375e-01 4.048963636159896851e-02
2.942067384719848633e-01 4.050771296024322510e-01 -1.140125375241041183e-02
2.717911005020141602e-01 6.511356830596923828e-01 -4.845554940402507782e-03
3.078969717025756836e-01 4.644651114940643311e-01 -5.077615380287170410e-02
2.974303066730499268e-01 4.497781991958618164e-01 -3.627835214138031006e-02
3.084576129913330078e-01 4.461941719055175781e-01 -3.949169814586639404e-02
2.818377017974853516e-01 4.870384037494659424e-01 -2.838032878935337067e-02
3.079952895641326904e-01 6.808411478996276855e-01 -1.511733606457710266e-02
3.081349134445190430e-01 6.605821847915649414e-01 -1.444571930915117264e-02
2.892294526100158691e-01 6.596990823745727539e-01 -1.162822917103767395e-02
2.460792362689971924e-01 6.229611635208129883e-01 7.355103269219398499e-03
2.598338723182678223e-01 5.337026119232177734e-01 -6.740672048181295395e-03
2.578266561031341553e-01 6.392690539360046387e-01 1.428949180990457535e-03
2.317430973052978516e-01 5.293186902999877930e-01 -6.950959796085953712e-04
2.487049251794815063e-01 5.501619577407836914e-01 -5.263644736260175705e-03
2.227205038070678711e-01 5.568714141845703125e-01 8.110561408102512360e-03
2.847359776496887207e-01 6.787631511688232422e-01 -1.102830190211534500e-02
2.758286893367767334e-01 4.972592294216156006e-01 -1.987468264997005463e-02
2.357380390167236328e-01 6.334723234176635742e-01 1.968089677393436432e-02
2.506003975868225098e-01 6.507053375244140625e-01 1.123400125652551651e-02
2.368341088294982910e-01 6.029303073883056641e-01 9.578138589859008789e-03
1.950208097696304321e-01 5.617523193359375000e-01 5.256605520844459534e-02
2.217710167169570923e-01 6.031898856163024902e-01 2.259965054690837860e-02
1.888890266418457031e-01 5.735054612159729004e-01 8.140390366315841675e-02
2.404417395591735840e-01 5.729857683181762695e-01 -7.430904952343553305e-05
2.826430499553680420e-01 4.706546366214752197e-01 -1.993330195546150208e-02
2.829388678073883057e-01 5.224082469940185547e-01 -4.644605517387390137e-02
2.766059339046478271e-01 5.270012021064758301e-01 -3.329001739621162415e-02
2.866518497467041016e-01 5.104203820228576660e-01 -5.494762212038040161e-02
2.741325795650482178e-01 3.899431824684143066e-01 4.451265849638730288e-04
2.546377182006835938e-01 3.789907097816467285e-01 -3.828002372756600380e-04
2.378325760364532471e-01 3.764669895172119141e-01 1.540220226161181927e-03
2.237969487905502319e-01 3.786774277687072754e-01 7.078628521412611008e-03
2.141065001487731934e-01 3.860711753368377686e-01 1.496854517608880997e-02
2.072944939136505127e-01 4.176444411277770996e-01 3.368487581610679626e-02
1.743646264076232910e-01 4.625254273414611816e-01 8.923476189374923706e-02
2.159612029790878296e-01 4.443015158176422119e-01 2.303340286016464233e-02
2.282114624977111816e-01 4.503564238548278809e-01 1.508124731481075287e-02
2.442180663347244263e-01 4.508041143417358398e-01 9.382667019963264465e-03
2.594736814498901367e-01 4.471565485000610352e-01 6.313756573945283890e-03
2.713146507740020752e-01 4.414187967777252197e-01 5.870495922863483429e-03
2.794045209884643555e-01 4.355038404464721680e-01 4.730965476483106613e-03
1.760417670011520386e-01 4.621986746788024902e-01 1.358359307050704956e-01
2.773872315883636475e-01 5.316428542137145996e-01 -2.741293050348758698e-02
2.890753149986267090e-01 4.750868380069732666e-01 -3.782194480299949646e-02
2.900340557098388672e-01 5.231111645698547363e-01 -5.611760914325714111e-02
2.966969013214111328e-01 5.313700437545776367e-01 -5.169782415032386780e-02
2.906427085399627686e-01 5.257880091667175293e-01 -5.033035948872566223e-02
2.809156179428100586e-01 5.368922352790832520e-01 -2.355305664241313934e-02
2.983399331569671631e-01 5.331637859344482422e-01 -5.490531772375106812e-02
2.999458014965057373e-01 5.366362929344177246e-01 -4.086572304368019104e-02
2.791658341884613037e-01 4.214896857738494873e-01 1.093508675694465637e-02
2.859239280223846436e-01 4.256124496459960938e-01 3.260992001742124557e-03
2.894477844238281250e-01 4.284467697143554688e-01 -5.074504762887954712e-03
2.220840752124786377e-01 4.093632102012634277e-01 2.017171494662761688e-02
2.161661982536315918e-01 4.025157392024993896e-01 2.091184072196483612e-02
3.181098997592926025e-01 4.675074219703674316e-01 -4.713921993970870972e-02
3.984248042106628418e-01 4.220804572105407715e-01 1.470273360610008240e-02
3.174301981925964355e-01 5.346745252609252930e-01 -4.146253317594528198e-02
4.478902220726013184e-01 3.535149693489074707e-01 7.285974919795989990e-02
3.628987371921539307e-01 4.385642111301422119e-01 2.630333881825208664e-03
3.752906918525695801e-01 4.397524297237396240e-01 3.281510435044765472e-03
3.871154785156250000e-01 4.387206733226776123e-01 6.491633132100105286e-03
4.027378261089324951e-01 4.286263883113861084e-01 1.644402183592319489e-02
3.524896204471588135e-01 4.340132772922515869e-01 4.808927886188030243e-03
3.788722753524780273e-01 3.918734490871429443e-01 -1.471553114242851734e-03
3.657911717891693115e-01 3.931584358215332031e-01 -9.387079044245183468e-04
3.910120725631713867e-01 3.946450054645538330e-01 2.350882627069950104e-03
3.993687033653259277e-01 4.009380936622619629e-01 6.900760810822248459e-03
4.131927192211151123e-01 4.403419196605682373e-01 2.215444855391979218e-02
3.522646129131317139e-01 6.696987748146057129e-01 -2.694855444133281708e-03
4.027118682861328125e-01 4.174208045005798340e-01 1.870340853929519653e-02
4.527451694011688232e-01 4.303333461284637451e-01 7.564953714609146118e-02
4.277894794940948486e-01 4.271607398986816406e-01 3.450518846511840820e-02
3.688522875308990479e-01 5.117647051811218262e-01 -9.916832670569419861e-03
3.212483823299407959e-01 5.796954631805419922e-01 -3.473085165023803711e-02
3.190585970878601074e-01 5.966108441352844238e-01 -2.914178371429443359e-02
3.353989720344543457e-01 5.864808559417724609e-01 -2.857555635273456573e-02
3.444310426712036133e-01 5.941845178604125977e-01 -2.128529362380504608e-02
3.290967345237731934e-01 5.987688899040222168e-01 -2.551499754190444946e-02
3.371468186378479004e-01 6.011516451835632324e-01 -1.850482821464538574e-02
3.605448603630065918e-01 6.202803850173950195e-01 -4.518910311162471771e-03
3.164164423942565918e-01 5.261416435241699219e-01 -6.283446401357650757e-02
3.180972039699554443e-01 5.086156725883483887e-01 -6.642203032970428467e-02
4.197162389755249023e-01 3.803237676620483398e-01 1.169526856392621994e-02
3.454854488372802734e-01 4.668529927730560303e-01 -9.846863336861133575e-03
3.435554206371307373e-01 5.230004787445068359e-01 -3.404406458139419556e-02
3.448508679866790771e-01 5.133573412895202637e-01 -3.046011179685592651e-02
4.068666994571685791e-01 5.104426741600036621e-01 4.119919613003730774e-03
3.181199431419372559e-01 4.863815903663635254e-01 -5.898883938789367676e-02
3.907122611999511719e-01 3.602196276187896729e-01 -7.770709227770566940e-03
4.076340496540069580e-01 3.668196201324462891e-01 1.232864218764007092e-03
4.351528286933898926e-01 3.217102885246276855e-01 4.951466619968414307e-02
3.367485404014587402e-01 3.746463656425476074e-01 -1.687495224177837372e-02
3.544538021087646484e-01 3.992809653282165527e-01 2.838196000084280968e-03
3.694529533386230469e-01 6.052500605583190918e-01 -1.828392618335783482e-03
4.368511140346527100e-01 5.928703546524047852e-01 1.060505434870719910e-01
3.347058296203613281e-01 5.326589345932006836e-01 -2.936769463121891022e-02
3.250843584537506104e-01 5.373232364654541016e-01 -3.002466075122356415e-02
3.549646735191345215e-01 6.056909561157226562e-01 -3.574065165594220161e-03
3.497176468372344971e-01 6.038732528686523438e-01 -6.943686865270137787e-03
4.152381718158721924e-01 3.547741472721099854e-01 6.941805593669414520e-03
3.438736200332641602e-01 5.309240818023681641e-01 -2.747848629951477051e-02
3.678156733512878418e-01 3.611798286437988281e-01 -1.413097698241472244e-02
3.703618943691253662e-01 3.463166952133178711e-01 -1.642671786248683929e-02
3.836270272731781006e-01 2.800135314464569092e-01 4.661327227950096130e-03
4.252443611621856689e-01 3.378191888332366943e-01 2.473293244838714600e-02
3.757420778274536133e-01 3.126215934753417969e-01 -6.900054868310689926e-03
4.282341599464416504e-01 3.721863627433776855e-01 2.215831726789474487e-02
4.383183121681213379e-01 3.638509511947631836e-01 4.544102028012275696e-02
3.203248381614685059e-01 5.896177291870117188e-01 -3.344355151057243347e-02
3.317929804325103760e-01 5.940893888473510742e-01 -2.780235558748245239e-02
3.407113552093505859e-01 5.980036854743957520e-01 -2.101304754614830017e-02
3.316696286201477051e-01 5.355774164199829102e-01 -2.659131586551666260e-02
3.520549237728118896e-01 6.051157712936401367e-01 -5.396536551415920258e-03
3.476867973804473877e-01 6.071714758872985840e-01 -1.250615529716014862e-02
3.486639559268951416e-01 6.026971936225891113e-01 -7.254484575241804123e-03
3.287651538848876953e-01 5.264045596122741699e-01 -4.574210569262504578e-02
3.350184261798858643e-01 5.999914407730102539e-01 -1.658434607088565826e-02
3.269245028495788574e-01 5.993469953536987305e-01 -2.080059237778186798e-02
3.177669048309326172e-01 5.990816354751586914e-01 -2.417040243744850159e-02
3.231321275234222412e-01 6.432324647903442383e-01 -1.451207790523767471e-02
3.218654692173004150e-01 6.280251741409301758e-01 -2.626375854015350342e-02
3.211884796619415283e-01 6.182584762573242188e-01 -2.780721336603164673e-02
3.202899396419525146e-01 6.098291277885437012e-01 -2.530082128942012787e-02
3.193513751029968262e-01 6.039885878562927246e-01 -2.330707758665084839e-02
3.377127051353454590e-01 6.036514043807983398e-01 -1.601902395486831665e-02
3.393534719944000244e-01 6.057947874069213867e-01 -1.808067224919795990e-02
3.417843580245971680e-01 6.103212237358093262e-01 -2.007470466196537018e-02
3.441609740257263184e-01 6.160489320755004883e-01 -1.810864172875881195e-02
3.558139801025390625e-01 5.748221278190612793e-01 -1.704495213925838470e-02
4.526803493499755859e-01 5.066011548042297363e-01 1.250519007444381714e-01
3.429809510707855225e-01 6.037821769714355469e-01 -1.105869654566049576e-02
3.450460135936737061e-01 6.049435138702392578e-01 -1.246257219463586807e-02
3.213876187801361084e-01 5.446176528930664062e-01 -3.077780455350875854e-02
3.397750556468963623e-01 5.413137078285217285e-01 -1.879605837166309357e-02
3.230944573879241943e-01 5.411148071289062500e-01 -3.063848800957202911e-02
3.582598268985748291e-01 4.775006473064422607e-01 -6.467407569289207458e-03
3.784157633781433105e-01 4.895575344562530518e-01 -3.567680949345231056e-03
3.467307090759277344e-01 5.211700797080993652e-01 -2.395020984113216400e-02
4.147667288780212402e-01 2.964336872100830078e-01 2.510572597384452820e-02
4.055835604667663574e-01 3.197520971298217773e-01 7.594206836074590683e-03
3.956988751888275146e-01 3.455069065093994141e-01 -5.892118439078330994e-03
3.510044813156127930e-01 6.295305490493774414e-01 -9.767058305442333221e-03
3.408985137939453125e-01 3.507019579410552979e-01 -2.155776508152484894e-02
3.451043069362640381e-01 3.124294281005859375e-01 -1.493198890239000320e-02
3.503448367118835449e-01 2.725735306739807129e-01 -6.514697801321744919e-03
3.970770835876464844e-01 4.353046715259552002e-01 1.156220585107803345e-02
4.269102811813354492e-01 4.533160924911499023e-01 2.826453559100627899e-02
3.456866145133972168e-01 4.292417168617248535e-01 6.842412520200014114e-03
4.135015010833740234e-01 4.054867029190063477e-01 1.726289838552474976e-02
3.371125757694244385e-01 4.549776613712310791e-01 -1.368656102567911148e-02
3.366394042968750000e-01 5.160579085350036621e-01 -4.553653299808502197e-02
4.405013620853424072e-01 4.651493430137634277e-01 4.107066988945007324e-02
4.176747202873229980e-01 4.665517807006835938e-01 1.703020930290222168e-02
4.010509252548217773e-01 4.733526706695556641e-01 5.863347090780735016e-03
3.771013319492340088e-01 4.700574576854705811e-01 1.542345155030488968e-03
3.597630262374877930e-01 4.623899757862091064e-01 -4.493384913075715303e-04
3.469499349594116211e-01 4.537144303321838379e-01 -3.012004541233181953e-03
3.207762837409973145e-01 4.310717582702636719e-01 -2.473391778767108917e-02
4.371929764747619629e-01 5.030227303504943848e-01 3.691195696592330933e-02
4.246928095817565918e-01 4.018910229206085205e-01 2.323938533663749695e-02
3.126567602157592773e-01 5.347970128059387207e-01 -5.700695514678955078e-02
3.431413471698760986e-01 4.846668839454650879e-01 -1.537049002945423126e-02
4.574759602546691895e-01 4.284096360206604004e-01 1.167890951037406921e-01
3.374326527118682861e-01 4.438209235668182373e-01 -4.135512281209230423e-03
3.481931388378143311e-01 5.221685171127319336e-01 -1.212124899029731750e-02
4.066169261932373047e-01 4.184037446975708008e-01 2.101290039718151093e-02
3.376068770885467529e-01 5.043576359748840332e-01 -4.099814593791961670e-02
4.472926855087280273e-01 5.491884350776672363e-01 1.189951673150062561e-01
3.457605242729187012e-01 4.222846329212188721e-01 9.859671816229820251e-03
3.282995223999023438e-01 4.932437241077423096e-01 -5.219395458698272705e-02
4.062105715274810791e-01 6.347808837890625000e-01 3.997460007667541504e-02
4.064388871192932129e-01 6.522786617279052734e-01 6.242457777261734009e-02
4.507598578929901123e-01 5.056390166282653809e-01 8.081009984016418457e-02
4.227964282035827637e-01 6.120994687080383301e-01 5.550549924373626709e-02
4.460904598236083984e-01 3.945606946945190430e-01 6.408231705427169800e-02
3.547502458095550537e-01 6.849942803382873535e-01 4.324019420892000198e-03
3.117157816886901855e-01 5.382440090179443359e-01 -4.115023091435432434e-02
3.539532721042633057e-01 4.979537725448608398e-01 -1.145184040069580078e-02
4.392986297607421875e-01 4.302618503570556641e-01 4.628537222743034363e-02
3.861467242240905762e-01 4.281924068927764893e-01 7.629361003637313843e-03
3.755933344364166260e-01 4.299888312816619873e-01 4.888922441750764847e-03
3.506205379962921143e-01 6.108460426330566406e-01 -1.058010570704936981e-02
4.333892762660980225e-01 5.380522012710571289e-01 4.008068144321441650e-02
3.327959179878234863e-01 7.052353620529174805e-01 8.588098920881748199e-03
3.697415292263031006e-01 6.860941648483276367e-01 3.134194388985633850e-02
3.864959478378295898e-01 6.728771924972534180e-01 4.466519877314567566e-02
3.651414513587951660e-01 4.291073679924011230e-01 4.781465511769056320e-03
3.553274273872375488e-01 4.262084662914276123e-01 6.788245402276515961e-03
3.489773869514465332e-01 4.243481755256652832e-01 9.642327204346656799e-03
4.347099065780639648e-01 3.979062438011169434e-01 3.548773005604743958e-02
3.563987314701080322e-01 4.096634685993194580e-01 4.804816097021102905e-03
3.670284450054168701e-01 4.046273529529571533e-01 2.776079578325152397e-03
3.777157962322235107e-01 4.035874009132385254e-01 3.113815328106284142e-03
3.885244131088256836e-01 4.063390493392944336e-01 5.730377510190010071e-03
3.953629136085510254e-01 4.109100997447967529e-01 9.448134340345859528e-03
4.550497531890869141e-01 3.870400786399841309e-01 9.769950807094573975e-02
3.933949172496795654e-01 4.252000451087951660e-01 1.143160369247198105e-02
3.452101647853851318e-01 5.648747682571411133e-01 -2.164283767342567444e-02
3.350004851818084717e-01 5.298506021499633789e-01 -3.359133005142211914e-02
3.230168521404266357e-01 5.579404830932617188e-01 -3.089734725654125214e-02
3.888323307037353516e-01 6.555414199829101562e-01 2.836458943784236908e-02
3.723708093166351318e-01 6.704989671707153320e-01 1.709728874266147614e-02
3.333437442779541016e-01 6.956491470336914062e-01 -6.544755306094884872e-03
4.226294457912445068e-01 6.275627613067626953e-01 8.544763922691345215e-02
3.489314615726470947e-01 4.172008633613586426e-01 7.798785809427499771e-03
3.280811905860900879e-01 4.597136080265045166e-01 -2.971175685524940491e-02
3.523088395595550537e-01 6.973677277565002441e-01 1.741509139537811279e-02
4.454499483108520508e-01 5.442115664482116699e-01 7.829426229000091553e-02
3.293653130531311035e-01 6.036168336868286133e-01 -2.020338177680969238e-02
3.310014903545379639e-01 6.076825261116027832e-01 -2.239673957228660583e-02
3.327219188213348389e-01 6.144117116928100586e-01 -2.469285577535629272e-02
3.341791331768035889e-01 6.230798959732055664e-01 -2.316604368388652802e-02
3.384939134120941162e-01 6.376917362213134766e-01 -1.401935610920190811e-02
3.444834947586059570e-01 6.029481887817382812e-01 -1.235189568251371384e-02
3.479278087615966797e-01 6.022313237190246582e-01 -1.260440517216920853e-02
3.514802157878875732e-01 5.999983549118041992e-01 -1.264682039618492126e-02
3.645662367343902588e-01 5.890605449676513672e-01 -1.005197130143642426e-02
4.154060482978820801e-01 5.477508902549743652e-01 1.562593132257461548e-02
3.288270831108093262e-01 4.417638182640075684e-01 -1.832977309823036194e-02
3.363525569438934326e-01 4.082558751106262207e-01 1.994041027501225471e-03
3.436905145645141602e-01 4.119711518287658691e-01 6.047300994396209717e-03
3.421805500984191895e-01 6.005726456642150879e-01 -1.114881131798028946e-02
4.161282777786254883e-01 5.886802077293395996e-01 3.272178769111633301e-02
3.255600333213806152e-01 4.060080051422119141e-01 -1.261836662888526917e-02
3.460826277732849121e-01 6.538703441619873047e-01 -7.377739995718002319e-03
3.196213245391845703e-01 4.503023624420166016e-01 -3.709837794303894043e-02
3.353346288204193115e-01 4.882611036300659180e-01 -3.020086139440536499e-02
3.274675607681274414e-01 6.612126827239990234e-01 -1.287881564348936081e-02
3.734802305698394775e-01 6.267119050025939941e-01 2.738585695624351501e-03
3.585310280323028564e-01 5.357888936996459961e-01 -1.010144688189029694e-02
3.610613346099853516e-01 6.427929401397705078e-01 -2.259254688397049904e-03
3.879412710666656494e-01 5.325220823287963867e-01 -6.419994402676820755e-03
3.698114156723022461e-01 5.527642965316772461e-01 -9.605383500456809998e-03
3.977311849594116211e-01 5.608814954757690430e-01 1.585506950505077839e-03
3.315533101558685303e-01 6.804797649383544922e-01 -1.262341160327196121e-02
3.421026170253753662e-01 4.988515079021453857e-01 -2.214847318828105927e-02
3.845263123512268066e-01 6.381613016128540039e-01 1.425101235508918762e-02
3.686233162879943848e-01 6.549727916717529297e-01 7.160814478993415833e-03
3.832084536552429199e-01 6.066554188728332520e-01 3.984250593930482864e-03
4.290428161621093750e-01 5.673851966857910156e-01 4.387581720948219299e-02
3.995074331760406494e-01 6.080043315887451172e-01 1.599625498056411743e-02
4.374703168869018555e-01 5.796673893928527832e-01 7.230376452207565308e-02
3.788393735885620117e-01 5.759952664375305176e-01 -5.232435185462236404e-03
3.354594707489013672e-01 4.719033539295196533e-01 -2.188936807215213776e-02
3.325263559818267822e-01 5.238139033317565918e-01 -4.811092838644981384e-02
3.397864699363708496e-01 5.287126302719116211e-01 -3.529246523976325989e-02
3.280312120914459229e-01 5.114425420761108398e-01 -5.630077421665191650e-02
3.464309275150299072e-01 3.920748829841613770e-01 -2.208629623055458069e-03
3.662402629852294922e-01 3.822449743747711182e-01 -4.414473660290241241e-03
3.833391070365905762e-01 3.806310296058654785e-01 -3.927608486264944077e-03
3.976185917854309082e-01 3.836786746978759766e-01 5.638248985633254051e-04
4.078473150730133057e-01 3.914980888366699219e-01 7.788221351802349091e-03
4.157873094081878662e-01 4.225585460662841797e-01 2.585402876138687134e-02
4.536988139152526855e-01 4.676793515682220459e-01 7.868204265832901001e-02
4.061242043972015381e-01 4.482206702232360840e-01 1.572570018470287323e-02
3.933387398719787598e-01 4.535915255546569824e-01 8.723504841327667236e-03
3.767714500427246094e-01 4.535535275936126709e-01 4.153666086494922638e-03
3.611379861831665039e-01 4.493705332279205322e-01 2.174374414607882500e-03
3.491552472114562988e-01 4.432918131351470947e-01 2.758000744506716728e-03
3.408521413803100586e-01 4.370690584182739258e-01 2.190025523304939270e-03
4.554317593574523926e-01 4.672034978866577148e-01 1.250428855419158936e-01
3.393187224864959717e-01 5.334281325340270996e-01 -2.933078631758689880e-02
3.273997604846954346e-01 4.759585559368133545e-01 -3.930243849754333496e-02
3.245105147361755371e-01 5.240444540977478027e-01 -5.725460126996040344e-02
3.181270956993103027e-01 5.321040153503417969e-01 -5.228801071643829346e-02
3.243628144264221191e-01 5.268480181694030762e-01 -5.141996219754219055e-02
3.360036611557006836e-01 5.385156273841857910e-01 -2.527306228876113892e-02
3.161742389202117920e-01 5.336466431617736816e-01 -5.545424297451972961e-02
3.151984214782714844e-01 5.372031331062316895e-01 -4.126423969864845276e-02
3.413634896278381348e-01 4.234093725681304932e-01 8.289756253361701965e-03
3.343562185764312744e-01 4.270178675651550293e-01 1.306482939980924129e-03
3.303218483924865723e-01 4.294992089271545410e-01 -6.708462722599506378e-03
3.994308114051818848e-01 4.144329428672790527e-01 1.355008594691753387e-02
4.058046936988830566e-01 4.077616333961486816e-01 1.387439761310815811e-02
