2.960468530654907227e-01 4.845081567764282227e-01 -3.323601931333541870e-02
2.942211329936981201e-01 4.262045919895172119e-01 -6.377077102661132812e-02
2.948924303054809570e-01 4.434258937835693359e-01 -3.239071741700172424e-02
2.822710573673248291e-01 3.681561946868896484e-01 -4.895159974694252014e-02
2.936232388019561768e-01 4.084276556968688965e-01 -6.835525482892990112e-02
2.929276823997497559e-01 3.846474885940551758e-01 -6.402711570262908936e-02
2.916444540023803711e-01 3.267605900764465332e-01 -3.223338723182678223e-02
2.045361995697021484e-01 3.230447471141815186e-01 1.426453422755002975e-02
2.903396785259246826e-01 2.786632180213928223e-01 -2.470382675528526306e-02
2.897916138172149658e-01 2.541797757148742676e-01 -2.773905359208583832e-02
2.878882288932800293e-01 1.764302253723144531e-01 -1.696716435253620148e-02
2.962693870067596436e-01 4.928962588310241699e-01 -3.136888146400451660e-02
2.964584827423095703e-01 4.988893568515777588e-01 -2.680758573114871979e-02
2.966195940971374512e-01 5.011616349220275879e-01 -2.118563279509544373e-02
2.972328066825866699e-01 5.042542815208435059e-01 -2.060062997043132782e-02
2.975155711174011230e-01 5.113332271575927734e-01 -2.230862714350223541e-02
2.977814972400665283e-01 5.202984809875488281e-01 -2.426523901522159576e-02
2.981181442737579346e-01 5.294212102890014648e-01 -2.205703034996986389e-02
2.985381782054901123e-01 5.440937280654907227e-01 -9.463408961892127991e-03
2.944478988647460938e-01 4.350065588951110840e-01 -5.732346326112747192e-02
2.843411862850189209e-01 4.339370429515838623e-01 -4.068056121468544006e-02
1.568860709667205811e-01 2.577816247940063477e-01 7.106237858533859253e-02
2.403205335140228271e-01 3.370595574378967285e-01 1.820808975026011467e-03
2.282035946846008301e-01 3.389634191989898682e-01 2.947219880297780037e-03
2.164214253425598145e-01 3.387781977653503418e-01 6.466945167630910873e-03
2.002844214439392090e-01 3.297354578971862793e-01 1.642161235213279724e-02
2.503148615360260010e-01 3.322325646877288818e-01 3.475059987977147102e-03
2.229476273059844971e-01 2.935758829116821289e-01 -3.371825441718101501e-03
2.357022315263748169e-01 2.943383455276489258e-01 -3.330333856865763664e-03
2.111264467239379883e-01 2.967106699943542480e-01 8.667669608257710934e-04
2.031311392784118652e-01 3.030937314033508301e-01 5.977261345833539963e-03
1.902973353862762451e-01 3.418073356151580811e-01 2.289959788322448730e-02
2.543187141418457031e-01 5.701775550842285156e-01 5.585677456110715866e-03
1.999751925468444824e-01 3.189573585987091064e-01 1.813198067247867584e-02
1.527986973524093628e-01 3.324224948883056641e-01 7.747614383697509766e-02
1.760226041078567505e-01 3.291240334510803223e-01 3.511953726410865784e-02
2.340876758098602295e-01 4.121658504009246826e-01 -7.587644737213850021e-03
2.821537852287292480e-01 4.824134707450866699e-01 -3.155680000782012939e-02
2.849783897399902344e-01 4.989151060581207275e-01 -2.511616982519626617e-02
2.684080898761749268e-01 4.879866838455200195e-01 -2.436352707445621490e-02
2.596729695796966553e-01 4.945939183235168457e-01 -1.588043011724948883e-02
2.750591933727264404e-01 5.001711249351501465e-01 -2.072613313794136047e-02
2.672117352485656738e-01 5.016437172889709473e-01 -1.284587103873491287e-02
2.447771131992340088e-01 5.189274549484252930e-01 3.082388546317815781e-03
2.845095992088317871e-01 4.261120855808258057e-01 -6.271922588348388672e-02
2.822145819664001465e-01 4.091838598251342773e-01 -6.685739010572433472e-02
1.829608678817749023e-01 2.828572392463684082e-01 1.014016754925251007e-02
2.568240165710449219e-01 3.668867051601409912e-01 -1.018114574253559113e-02
2.587693035602569580e-01 4.226758182048797607e-01 -3.288667276501655579e-02
2.573453783988952637e-01 4.131971001625061035e-01 -2.954608015716075897e-02
1.970468461513519287e-01 4.113355576992034912e-01 7.899031974375247955e-03
2.821224629878997803e-01 3.869768977165222168e-01 -6.017252802848815918e-02
2.103534042835235596e-01 2.617163062095642090e-01 -1.084328815340995789e-02
1.943112313747406006e-01 2.690871357917785645e-01 -1.089820521883666515e-03
1.684283614158630371e-01 2.272606343030929565e-01 4.600945115089416504e-02
2.636024057865142822e-01 2.740042209625244141e-01 -2.120011672377586365e-02
2.471030056476593018e-01 2.996247708797454834e-01 1.998673251364380121e-04
2.352457940578460693e-01 5.038475394248962402e-01 5.551638547331094742e-03
1.708885133266448975e-01 4.906600713729858398e-01 1.150567382574081421e-01
2.678844928741455078e-01 4.317830502986907959e-01 -2.821887470781803131e-02
2.772694826126098633e-01 4.365227818489074707e-01 -2.884501218795776367e-02
2.500175237655639648e-01 5.040759444236755371e-01 3.568383865058422089e-03
2.552849650382995605e-01 5.025069713592529297e-01 2.688035056053195149e-05
1.868305653333663940e-01 2.575480341911315918e-01 4.144340753555297852e-03
2.589731812477111816e-01 4.302171170711517334e-01 -2.598297409713268280e-02
2.326397001743316650e-01 2.614464759826660156e-01 -1.788499206304550171e-02
2.298751175403594971e-01 2.474607378244400024e-01 -2.071230299770832062e-02
2.169099748134613037e-01 1.869284063577651978e-01 -1.742628985084593296e-03
1.774367988109588623e-01 2.423721551895141602e-01 2.169670350849628448e-02
2.245486676692962646e-01 2.172736078500747681e-01 -1.211240235716104507e-02
1.748034507036209106e-01 2.750736474990844727e-01 2.025333978235721588e-02
1.655639261007308960e-01 2.676945924758911133e-01 4.369923844933509827e-02
2.833693027496337891e-01 4.921630024909973145e-01 -2.985791862010955811e-02
2.721875011920928955e-01 4.955915212631225586e-01 -2.318752929568290710e-02
2.634800076484680176e-01 4.984558522701263428e-01 -1.545432675629854202e-02
2.709845006465911865e-01 4.347307682037353516e-01 -2.525837533175945282e-02
2.528798580169677734e-01 5.036070346832275391e-01 1.717581762932240963e-03
2.574854195117950439e-01 5.060777664184570312e-01 -5.657472182065248489e-03
2.562566399574279785e-01 5.012131333351135254e-01 -3.132968849968165159e-04
2.730754613876342773e-01 4.257623553276062012e-01 -4.502486437559127808e-02
2.695082724094390869e-01 5.004097819328308105e-01 -1.077666971832513809e-02
2.774727940559387207e-01 5.006403923034667969e-01 -1.582723110914230347e-02
2.865550518035888672e-01 5.009554624557495117e-01 -1.985314488410949707e-02
2.830435633659362793e-01 5.441967248916625977e-01 -9.126951918005943298e-03
2.836969494819641113e-01 5.284744501113891602e-01 -2.144714631140232086e-02
2.840642333030700684e-01 5.187276601791381836e-01 -2.329482324421405792e-02
2.848247587680816650e-01 5.101504325866699219e-01 -2.100037597119808197e-02
2.857199311256408691e-01 5.041412115097045898e-01 -1.927199028432369232e-02
2.673690617084503174e-01 5.030158162117004395e-01 -1.040381751954555511e-02
2.657251060009002686e-01 5.052425265312194824e-01 -1.235192455351352692e-02
2.633217275142669678e-01 5.096694231033325195e-01 -1.408124249428510666e-02
2.610723376274108887e-01 5.153577327728271484e-01 -1.173328142613172531e-02
2.475764751434326172e-01 4.748573899269104004e-01 -1.209888793528079987e-02
1.549234986305236816e-01 4.059403240680694580e-01 1.307660788297653198e-01
2.946526706218719482e-01 4.381549954414367676e-01 -4.106862843036651611e-02
2.621555924415588379e-01 5.027638077735900879e-01 -4.711561836302280426e-03
2.600934207439422607e-01 5.039277672767639160e-01 -5.836694967001676559e-03
2.811775803565979004e-01 4.440649747848510742e-01 -2.927119657397270203e-02
2.633312046527862549e-01 4.405602514743804932e-01 -1.686468161642551422e-02
2.793468236923217773e-01 4.404472112655639648e-01 -2.921415865421295166e-02
2.446420192718505859e-01 3.775775432586669922e-01 -5.688969045877456665e-03
2.247968912124633789e-01 3.901382386684417725e-01 -1.667856005951762199e-03
2.559313774108886719e-01 4.208563864231109619e-01 -2.237465232610702515e-02
1.871871948242187500e-01 2.030813395977020264e-01 2.008894458413124084e-02
1.958081722259521484e-01 2.246963381767272949e-01 3.582702018320560455e-03
2.051962912082672119e-01 2.479864060878753662e-01 -9.345162659883499146e-03
2.545417547225952148e-01 5.291525721549987793e-01 -2.413621870800852776e-03
2.591529786586761475e-01 2.508343458175659180e-01 -2.648352086544036865e-02
2.547509968280792236e-01 2.166946381330490112e-01 -2.109627798199653625e-02
2.494590729475021362e-01 1.792602539062500000e-01 -1.439563930034637451e-02
2.061905562877655029e-01 3.359178304672241211e-01 1.182924024760723114e-02
1.770288944244384766e-01 3.549856543540954590e-01 2.980562858283519745e-02
2.565606534481048584e-01 3.273236155509948730e-01 4.944379441440105438e-03
1.894415318965911865e-01 3.075283765792846680e-01 1.667468994855880737e-02
2.647220492362976074e-01 3.551139533519744873e-01 -1.472556032240390778e-02
2.649894356727600098e-01 4.158775508403778076e-01 -4.498724266886711121e-02
1.640321314334869385e-01 3.666505217552185059e-01 4.384632781147956848e-02
1.860314309597015381e-01 3.679612278938293457e-01 1.895624026656150818e-02
2.024258673191070557e-01 3.745506703853607178e-01 7.683944888412952423e-03
2.261581420898437500e-01 3.704361617565155029e-01 2.636203076690435410e-03
2.432513982057571411e-01 3.621543645858764648e-01 -2.567700284998863935e-04
2.555900514125823975e-01 3.533146977424621582e-01 -3.625713754445314407e-03
2.801464498043060303e-01 3.314808905124664307e-01 -2.752414718270301819e-02
1.675218790769577026e-01 4.037667810916900635e-01 4.144928976893424988e-02
1.786337047815322876e-01 3.042281270027160645e-01 2.250995114445686340e-02
2.887413203716278076e-01 4.343893527984619141e-01 -5.664898827672004700e-02
2.590357065200805664e-01 3.846998214721679688e-01 -1.491572242230176926e-02
1.493409425020217896e-01 3.299033641815185547e-01 1.190240308642387390e-01
2.645861208438873291e-01 3.434396982192993164e-01 -5.488731898367404938e-03
2.547325491905212402e-01 4.217639565467834473e-01 -1.027576997876167297e-02
1.963118463754653931e-01 3.198486864566802979e-01 2.057325281202793121e-02
2.638718485832214355e-01 4.044210612773895264e-01 -4.076037183403968811e-02
1.604285091161727905e-01 4.475578665733337402e-01 1.262158155441284180e-01
2.561230957508087158e-01 3.206413984298706055e-01 7.665490265935659409e-03
2.724249064922332764e-01 3.937245607376098633e-01 -5.274414271116256714e-02
2.000889182090759277e-01 5.336697697639465332e-01 4.934241622686386108e-02
2.007150352001190186e-01 5.503571033477783203e-01 7.266850769519805908e-02
1.551523655652999878e-01 4.057938754558563232e-01 8.600183576345443726e-02
1.834918558597564697e-01 5.107633471488952637e-01 6.443207710981369019e-02
1.586809605360031128e-01 2.976441681385040283e-01 6.401948630809783936e-02
2.520408034324645996e-01 5.857872366905212402e-01 1.364339329302310944e-02
2.902031838893890381e-01 4.376171827316284180e-01 -4.021606966853141785e-02
2.487754225730895996e-01 3.980502188205718994e-01 -1.020515616983175278e-02
1.650023758411407471e-01 3.323986530303955078e-01 4.739524424076080322e-02
2.171022891998291016e-01 3.278720080852508545e-01 7.075890433043241501e-03
2.277645766735076904e-01 3.289408981800079346e-01 4.073287826031446457e-03
2.545403838157653809e-01 5.094552636146545410e-01 -3.554801456630229950e-03
1.716728806495666504e-01 4.378495216369628906e-01 4.622686654329299927e-02
2.746486365795135498e-01 6.070553660392761230e-01 1.812362484633922577e-02
2.374996095895767212e-01 5.854110121726989746e-01 4.134172946214675903e-02
2.207112312316894531e-01 5.713613033294677734e-01 5.482326447963714600e-02
2.888740897178649902e-01 2.168312817811965942e-01 -2.355635352432727814e-02
3.002056479454040527e-01 6.095863580703735352e-01 1.467175595462322235e-02
2.378825396299362183e-01 3.276152014732360840e-01 3.547304775565862656e-03
2.473307251930236816e-01 3.244275450706481934e-01 5.128470715135335922e-03
2.533357143402099609e-01 3.223491311073303223e-01 7.667170371860265732e-03
1.691120713949203491e-01 3.006165027618408203e-01 3.498238697648048401e-02
2.455553859472274780e-01 3.105548322200775146e-01 2.610437106341123581e-03
2.348902523517608643e-01 3.070805668830871582e-01 6.822553114034235477e-04
2.242277115583419800e-01 3.066887855529785156e-01 1.175285782665014267e-03
2.136143147945404053e-01 3.094902634620666504e-01 4.370548296719789505e-03
2.069582492113113403e-01 3.137539327144622803e-01 8.313171565532684326e-03
1.507584005594253540e-01 2.901174426078796387e-01 9.780856221914291382e-02
2.097712457180023193e-01 3.256126940250396729e-01 1.089777331799268723e-02
2.952652275562286377e-01 4.561034440994262695e-01 -2.967126481235027313e-02
2.580366134643554688e-01 4.650653004646301270e-01 -1.801204681396484375e-02
2.674283981323242188e-01 4.291037619113922119e-01 -3.271966427564620972e-02
2.799111604690551758e-01 4.586344659328460693e-01 -2.872691862285137177e-02
2.910674512386322021e-01 3.025427162647247314e-01 -2.392183057963848114e-02
2.176911383867263794e-01 5.543934702873229980e-01 3.811536729335784912e-02
2.342688590288162231e-01 5.700895786285400391e-01 2.664823830127716064e-02
2.736578583717346191e-01 5.972989797592163086e-01 2.321618376299738884e-03
1.848149448633193970e-01 5.253626108169555664e-01 9.529655426740646362e-02
2.528353333473205566e-01 3.164803385734558105e-01 5.603345111012458801e-03
2.729693651199340820e-01 3.602577149868011475e-01 -3.121276944875717163e-02
3.000084161758422852e-01 5.991895198822021484e-01 -5.956142558716237545e-04
2.549413740634918213e-01 5.980567336082458496e-01 2.738751843571662903e-02
1.605578213930130005e-01 4.435846805572509766e-01 8.498595654964447021e-02
2.757056951522827148e-01 5.033460259437561035e-01 -1.531267911195755005e-02
2.740596532821655273e-01 5.075857043266296387e-01 -1.746239885687828064e-02
2.724701166152954102e-01 5.142590403556823730e-01 -1.931644231081008911e-02
2.711649835109710693e-01 5.230312943458557129e-01 -1.741027086973190308e-02
2.673269510269165039e-01 5.379735827445983887e-01 -7.402139250189065933e-03
2.602663636207580566e-01 5.022684931755065918e-01 -5.966735072433948517e-03
2.567138075828552246e-01 5.013437271118164062e-01 -6.134594324976205826e-03
2.530655264854431152e-01 4.991303682327270508e-01 -6.253118161112070084e-03
2.392456531524658203e-01 4.883998632431030273e-01 -3.779361955821514130e-03
1.891174018383026123e-01 4.478790462017059326e-01 2.165378257632255554e-02
2.725035548210144043e-01 3.421781957149505615e-01 -2.027217298746109009e-02
2.651950120925903320e-01 3.073289990425109863e-01 -1.073439372703433037e-03
2.580108940601348877e-01 3.110777437686920166e-01 3.528055502101778984e-03
2.625593245029449463e-01 4.999814629554748535e-01 -4.733032081276178360e-03
1.892686635255813599e-01 4.879482388496398926e-01 4.052526503801345825e-02
2.754837274551391602e-01 3.056973814964294434e-01 -1.596804149448871613e-02
2.602154910564422607e-01 5.540661215782165527e-01 -3.006374026881530881e-05
2.925377190113067627e-01 3.650805354118347168e-01 -5.314153060317039490e-02
2.809237539768218994e-01 3.509216606616973877e-01 -3.952015191316604614e-02
2.920797765254974365e-01 3.467574119567871094e-01 -4.235546663403511047e-02
2.661865353584289551e-01 3.885280489921569824e-01 -3.050557523965835571e-02
2.995909452438354492e-01 5.829993486404418945e-01 -8.070976473391056061e-03
2.991100847721099854e-01 5.624246597290039062e-01 -8.613185957074165344e-03
2.791198790073394775e-01 5.621547102928161621e-01 -6.311813369393348694e-03
2.318909615278244019e-01 5.256617069244384766e-01 1.083311624825000763e-02
2.444868981838226318e-01 4.357332885265350342e-01 -7.149078883230686188e-03
2.448565065860748291e-01 5.421236753463745117e-01 5.827414337545633316e-03
2.154828459024429321e-01 4.330796897411346436e-01 -2.331619849428534508e-03
2.333977222442626953e-01 4.528337121009826660e-01 -5.149677861481904984e-03
2.065339386463165283e-01 4.608322381973266602e-01 7.472093217074871063e-03
2.752161324024200439e-01 5.817662477493286133e-01 -4.847726318985223770e-03
2.600364089012145996e-01 3.987329006195068359e-01 -2.162361517548561096e-02
2.214143574237823486e-01 5.372832417488098145e-01 2.320355735719203949e-02
2.377020120620727539e-01 5.546453595161437988e-01 1.600090041756629944e-02
2.216466963291168213e-01 5.056174397468566895e-01 1.175583619624376297e-02
1.764114648103713989e-01 4.666550159454345703e-01 5.123656988143920898e-02
2.057704925537109375e-01 5.071769952774047852e-01 2.410801500082015991e-02
1.688514649868011475e-01 4.785740077495574951e-01 8.047273010015487671e-02
2.249788641929626465e-01 4.756383001804351807e-01 6.909927469678223133e-04
2.661425769329071045e-01 3.721347153186798096e-01 -2.255698107182979584e-02
2.692000567913055420e-01 4.233016669750213623e-01 -4.752627015113830566e-02
2.626231014728546143e-01 4.281807243824005127e-01 -3.409831598401069641e-02
2.728102803230285645e-01 4.116350114345550537e-01 -5.627859756350517273e-02
2.546962201595306396e-01 2.914839982986450195e-01 -5.328633356839418411e-03
2.349906861782073975e-01 2.826625704765319824e-01 -7.291014306247234344e-03
2.182559072971343994e-01 2.819830775260925293e-01 -6.206878460943698883e-03
2.043546885251998901e-01 2.855947017669677734e-01 -1.091016805730760098e-03
1.946884244680404663e-01 2.936931252479553223e-01 6.608961150050163269e-03
1.875061094760894775e-01 3.242816925048828125e-01 2.581571973860263824e-02
1.521728634834289551e-01 3.688429892063140869e-01 8.231405913829803467e-02
1.973785310983657837e-01 3.494456112384796143e-01 1.667470112442970276e-02
2.101829648017883301e-01 3.543637096881866455e-01 9.451800957322120667e-03
2.266090214252471924e-01 3.533974885940551758e-01 4.539752379059791565e-03
2.419405877590179443e-01 3.485230207443237305e-01 1.838446478359401226e-03
2.535689771175384521e-01 3.420891761779785156e-01 1.764129498042166233e-03
2.614438235759735107e-01 3.359757959842681885e-01 6.811983766965568066e-04
1.520232409238815308e-01 3.674070239067077637e-01 1.290139704942703247e-01
2.633092999458312988e-01 4.325819909572601318e-01 -2.790315076708793640e-02
2.734673023223876953e-01 3.764817714691162109e-01 -4.031686112284660339e-02
2.766324877738952637e-01 4.238297045230865479e-01 -5.688817054033279419e-02
2.833490371704101562e-01 4.315221011638641357e-01 -5.171959102153778076e-02
2.771224677562713623e-01 4.263203144073486328e-01 -5.094230175018310547e-02
2.668786942958831787e-01 4.376387298107147217e-01 -2.371102944016456604e-02
2.852575778961181641e-01 4.332156181335449219e-01 -5.485378950834274292e-02
2.866985201835632324e-01 4.365268349647521973e-01 -4.041264206171035767e-02
2.605407834053039551e-01 3.216710090637207031e-01 6.074119824916124344e-03
2.675788104534149170e-01 3.259648084640502930e-01 -1.005347818136215210e-03
2.712997496128082275e-01 3.291479945182800293e-01 -9.010980837047100067e-03
2.030001282691955566e-01 3.167266249656677246e-01 1.256225816905498505e-02
1.969270408153533936e-01 3.096931576728820801e-01 1.314819604158401489e-02
3.029220104217529297e-01 3.673503398895263672e-01 -4.893526434898376465e-02
3.782030642032623291e-01 3.161550760269165039e-01 1.430550869554281235e-02
3.047510385513305664e-01 4.331739544868469238e-01 -4.056229442358016968e-02
4.233546853065490723e-01 2.473949193954467773e-01 7.129038125276565552e-02
3.435310721397399902e-01 3.328736722469329834e-01 1.833402202464640141e-03
3.558172583580017090e-01 3.337352275848388672e-01 3.012897446751594543e-03
3.676066100597381592e-01 3.325871229171752930e-01 6.451615598052740097e-03
3.829380273818969727e-01 3.224076330661773682e-01 1.651514135301113129e-02
3.331819474697113037e-01 3.288832902908325195e-01 3.354129148647189140e-03
3.584230542182922363e-01 2.886344790458679199e-01 -3.379630623385310173e-03
3.455084860324859619e-01 2.901344299316406250e-01 -3.402311122044920921e-03
3.704258799552917480e-01 2.909566164016723633e-01 9.267170680686831474e-04
3.786898851394653320e-01 2.966728210449218750e-01 5.951722152531147003e-03
3.939374387264251709e-01 3.336896300315856934e-01 2.285383827984333038e-02
3.440649807453155518e-01 5.667933225631713867e-01 5.767337512224912643e-03
3.824750781059265137e-01 3.118436336517333984e-01 1.820277608931064606e-02
4.316213726997375488e-01 3.212188780307769775e-01 7.762806862592697144e-02
4.077406525611877441e-01 3.199045360088348389e-01 3.513294085860252380e-02
3.542613983154296875e-01 4.073649942874908447e-01 -7.550804875791072845e-03
3.097184896469116211e-01 4.811649322509765625e-01 -3.149290010333061218e-02
3.080082833766937256e-01 4.979128241539001465e-01 -2.504357509315013885e-02
3.239092826843261719e-01 4.857906401157379150e-01 -2.430072426795959473e-02
3.331829309463500977e-01 4.916388988494873047e-01 -1.584940589964389801e-02
3.180760741233825684e-01 4.984728097915649414e-01 -2.062462642788887024e-02
3.261707425117492676e-01 4.993334710597991943e-01 -1.282788906246423721e-02
3.504714071750640869e-01 5.149480104446411133e-01 3.206301014870405197e-03
3.038760125637054443e-01 4.252576529979705811e-01 -6.264454126358032227e-02
3.050897419452667236e-01 4.081977605819702148e-01 -6.689926236867904663e-02
3.978294134140014648e-01 2.753431797027587891e-01 1.006380654871463776e-02
3.288502097129821777e-01 3.640270233154296875e-01 -1.007896382361650467e-02
3.298030197620391846e-01 4.198727011680603027e-01 -3.272708132863044739e-02
3.306774795055389404e-01 4.103366434574127197e-01 -2.936993166804313660e-02
3.914058208465576172e-01 4.033533930778503418e-01 7.825301960110664368e-03
3.040169477462768555e-01 3.861158490180969238e-01 -6.012863293290138245e-02
3.692365288734436035e-01 2.565785348415374756e-01 -1.086869742721319199e-02
3.857017457485198975e-01 2.627222537994384766e-01 -1.129041542299091816e-03
4.100526571273803711e-01 2.178309410810470581e-01 4.620119929313659668e-02
3.167535662651062012e-01 2.722155153751373291e-01 -2.128453552722930908e-02
3.344458341598510742e-01 2.962168753147125244e-01 2.400739613221958280e-04
3.588123321533203125e-01 4.990757703781127930e-01 5.709510762244462967e-03
4.221613407135009766e-01 4.808768928050994873e-01 1.154538691043853760e-01
3.213087618350982666e-01 4.296920299530029297e-01 -2.797468192875385284e-02
3.121202290058135986e-01 4.352924823760986328e-01 -2.864960581064224243e-02
3.442627191543579102e-01 5.004852414131164551e-01 3.671483835205435753e-03
3.389009237289428711e-01 4.993638992309570312e-01 4.150221502641215920e-05
3.925793170928955078e-01 2.508727312088012695e-01 4.227242898195981979e-03
3.301090300083160400e-01 4.275276362895965576e-01 -2.583456970751285553e-02
3.470168411731719971e-01 2.576915621757507324e-01 -1.788777112960815430e-02
3.491266071796417236e-01 2.435459941625595093e-01 -2.067690342664718628e-02
3.591245710849761963e-01 1.814770102500915527e-01 -1.732366043142974377e-03
4.015207290649414062e-01 2.341762185096740723e-01 2.176838181912899017e-02
3.530306816101074219e-01 2.126427143812179565e-01 -1.208442635834217072e-02
4.057699441909790039e-01 2.669808268547058105e-01 2.037812769412994385e-02
4.149330258369445801e-01 2.582740187644958496e-01 4.384439811110496521e-02
3.091104328632354736e-01 4.911872744560241699e-01 -2.977353520691394806e-02
3.205987513065338135e-01 4.937245249748229980e-01 -2.314932458102703094e-02
3.297356665134429932e-01 4.957677125930786133e-01 -1.537717599421739578e-02
3.183870613574981689e-01 4.329438805580139160e-01 -2.513648010790348053e-02
3.412684202194213867e-01 5.002236366271972656e-01 1.719931955449283123e-03
3.371365070343017578e-01 5.031102895736694336e-01 -5.687947850674390793e-03
3.377743959426879883e-01 4.982351362705230713e-01 -2.900967083405703306e-04
3.155417442321777344e-01 4.240037798881530762e-01 -4.491457343101501465e-02
3.238807618618011475e-01 4.982619881629943848e-01 -1.085885893553495407e-02
3.157818615436553955e-01 4.992149174213409424e-01 -1.576975546777248383e-02
3.066209256649017334e-01 5.001395344734191895e-01 -1.981345564126968384e-02
3.140268325805664062e-01 5.430761575698852539e-01 -9.055560454726219177e-03
3.124223947525024414e-01 5.275641083717346191e-01 -2.138007059693336487e-02
3.114073872566223145e-01 5.177918076515197754e-01 -2.319185808300971985e-02
3.100491166114807129e-01 5.092836022377014160e-01 -2.097025886178016663e-02
3.087215125560760498e-01 5.034148693084716797e-01 -1.916915923357009888e-02
3.270946443080902100e-01 5.008055567741394043e-01 -1.041042432188987732e-02
3.288820981979370117e-01 5.028954744338989258e-01 -1.235098950564861298e-02
3.315708339214324951e-01 5.071781277656555176e-01 -1.405762601643800735e-02
3.342277407646179199e-01 5.127385854721069336e-01 -1.172102056443691254e-02
3.441943228244781494e-01 4.709818959236145020e-01 -1.205241307616233826e-02
4.333553910255432129e-01 3.948377966880798340e-01 1.311867833137512207e-01
3.321785330772399902e-01 5.001379251480102539e-01 -4.643412772566080093e-03
3.343984782695770264e-01 5.011900067329406738e-01 -5.880451295524835587e-03
3.086746037006378174e-01 4.430639445781707764e-01 -2.919233217835426331e-02
3.264245986938476562e-01 4.381366968154907227e-01 -1.687637157738208771e-02
3.102506101131439209e-01 4.393076300621032715e-01 -2.916156873106956482e-02
3.417834043502807617e-01 3.736486434936523438e-01 -5.646171979606151581e-03
3.624297380447387695e-01 3.845346570014953613e-01 -1.615953049622476101e-03
3.325766324996948242e-01 4.179232418537139893e-01 -2.233205921947956085e-02
3.897051513195037842e-01 1.951860189437866211e-01 2.018276043236255646e-02
3.820526599884033203e-01 2.180711776018142700e-01 3.517454257234930992e-03
3.737082183361053467e-01 2.425433993339538574e-01 -9.367398917675018311e-03
3.414652347564697266e-01 5.258336663246154785e-01 -2.393257105723023415e-03
3.201279640197753906e-01 2.489211559295654297e-01 -2.653079666197299957e-02
3.229217231273651123e-01 2.141478657722473145e-01 -2.094430848956108093e-02
3.263169229030609131e-01 1.762119531631469727e-01 -1.432967931032180786e-02
3.774932920932769775e-01 3.289599716663360596e-01 1.183387544006109238e-02
4.081913530826568604e-01 3.456207811832427979e-01 2.993490919470787048e-02
3.265516459941864014e-01 3.245320618152618408e-01 4.966658074408769608e-03
3.926958143711090088e-01 3.000581264495849609e-01 1.664894632995128632e-02
3.202494680881500244e-01 3.529155850410461426e-01 -1.472392585128545761e-02
3.230193555355072021e-01 4.135524034500122070e-01 -4.489121586084365845e-02
4.219722151756286621e-01 3.561666011810302734e-01 4.394664242863655090e-02
3.998053371906280518e-01 3.591803908348083496e-01 1.906083524227142334e-02
3.838657140731811523e-01 3.669985830783843994e-01 7.709177676588296890e-03
3.599126935005187988e-01 3.648956120014190674e-01 2.647184999659657478e-03
3.422600328922271729e-01 3.581267595291137695e-01 -3.002203302457928658e-04
3.292983770370483398e-01 3.503757715225219727e-01 -3.630236256867647171e-03
3.034288883209228516e-01 3.305650949478149414e-01 -2.755895815789699554e-02
4.205394983291625977e-01 3.934530019760131836e-01 4.154096543788909912e-02
4.036003351211547852e-01 2.957928180694580078e-01 2.273453399538993835e-02
3.002134859561920166e-01 4.339486062526702881e-01 -5.653109773993492126e-02
3.275814354419708252e-01 3.820422291755676270e-01 -1.490173116326332092e-02
4.349879622459411621e-01 3.184192776679992676e-01 1.192348524928092957e-01
3.197106122970581055e-01 3.413927853107452393e-01 -5.602790042757987976e-03
3.339488506317138672e-01 4.186944365501403809e-01 -1.032515894621610641e-02
3.863840997219085693e-01 3.124885559082031250e-01 2.064882591366767883e-02
3.234464824199676514e-01 4.020386636257171631e-01 -4.063401743769645691e-02
4.301578402519226074e-01 4.368976056575775146e-01 1.268198639154434204e-01
3.265400826930999756e-01 3.178258538246154785e-01 7.621294353157281876e-03
3.142230212688446045e-01 3.920559883117675781e-01 -5.266355350613594055e-02
3.956435918807983398e-01 5.260127186775207520e-01 4.957460612058639526e-02
3.958712220191955566e-01 5.429036021232604980e-01 7.293616235256195068e-02
4.331180453300476074e-01 3.946069478988647461e-01 8.632884174585342407e-02
4.107436537742614746e-01 5.018815398216247559e-01 6.482502073049545288e-02
4.237230122089385986e-01 2.871570587158203125e-01 6.426484882831573486e-02
3.472062945365905762e-01 5.823069810867309570e-01 1.388624031096696854e-02
2.990737259387969971e-01 4.372270107269287109e-01 -4.024057462811470032e-02
3.386745154857635498e-01 3.945437669754028320e-01 -1.008413638919591904e-02
4.190850555896759033e-01 3.222157061100006104e-01 4.752882570028305054e-02
3.660244047641754150e-01 3.217909038066864014e-01 7.081545423716306686e-03
3.555524349212646484e-01 3.237174153327941895e-01 4.118830431252717972e-03
3.402599394321441650e-01 5.062441825866699219e-01 -3.476897720247507095e-03
4.182901680469512939e-01 4.279049932956695557e-01 4.648870974779129028e-02
3.255805373191833496e-01 6.052739024162292480e-01 1.819153502583503723e-02
3.614863157272338867e-01 5.809163451194763184e-01 4.155354946851730347e-02
3.773193955421447754e-01 5.655438303947448730e-01 5.512798205018043518e-02
3.452840149402618408e-01 3.232317566871643066e-01 3.573929658159613609e-03
3.356745243072509766e-01 3.207736909389495850e-01 5.130618344992399216e-03
3.295603692531585693e-01 3.192619383335113525e-01 7.644766941666603088e-03
4.131349325180053711e-01 2.912434637546539307e-01 3.513353317975997925e-02
3.366186320781707764e-01 3.069895207881927490e-01 2.619244391098618507e-03
3.470273017883300781e-01 3.027591109275817871e-01 5.986590404063463211e-04
3.575700521469116211e-01 3.017104566097259521e-01 1.400449196808040142e-03
3.683280050754547119e-01 3.037427365779876709e-01 4.416453652083873749e-03
3.751758933067321777e-01 3.072999715805053711e-01 8.316349238157272339e-03
4.313973188400268555e-01 2.789872884750366211e-01 9.801053255796432495e-02
3.731726408004760742e-01 3.189502358436584473e-01 1.095128338783979416e-02
3.330726325511932373e-01 4.620635509490966797e-01 -1.792978495359420776e-02
3.215552866458892822e-01 4.268645048141479492e-01 -3.255810961127281189e-02
3.106963634490966797e-01 4.574315547943115234e-01 -2.864154428243637085e-02
3.793891072273254395e-01 5.482681989669799805e-01 3.829983249306678772e-02
3.639116287231445312e-01 5.653551816940307617e-01 2.683164365589618683e-02
3.261395990848541260e-01 5.954076051712036133e-01 2.380524994805455208e-03
4.101615548133850098e-01 5.166850090026855469e-01 9.566207230091094971e-02
3.296383917331695557e-01 3.134279549121856689e-01 5.595549009740352631e-03
3.121215999126434326e-01 3.588220477104187012e-01 -3.121771849691867828e-02
3.449234962463378906e-01 5.947813987731933594e-01 2.741377428174018860e-02
4.297587871551513672e-01 4.327961802482604980e-01 8.535299450159072876e-02
3.187905251979827881e-01 5.018501281738281250e-01 -1.533594727516174316e-02
3.206960260868072510e-01 5.059137344360351562e-01 -1.742185279726982117e-02
3.227907121181488037e-01 5.124596357345581055e-01 -1.937799155712127686e-02
3.246761858463287354e-01 5.211291313171386719e-01 -1.746390759944915771e-02
3.293773531913757324e-01 5.357291102409362793e-01 -7.428681943565607071e-03
3.335377573966979980e-01 4.994753897190093994e-01 -5.856443662196397781e-03
3.369622826576232910e-01 4.983093738555908203e-01 -5.981841124594211578e-03
3.404338359832763672e-01 4.957661628723144531e-01 -6.154168397188186646e-03
3.534235954284667969e-01 4.838610291481018066e-01 -3.720547538250684738e-03
4.013792276382446289e-01 4.392574429512023926e-01 2.174038253724575043e-02
3.117227852344512939e-01 3.406518697738647461e-01 -2.023953385651111603e-02
3.169562518596649170e-01 3.054720759391784668e-01 -1.022582291625440121e-03
3.241562843322753906e-01 3.085045516490936279e-01 3.466792171820998192e-03
3.310297131538391113e-01 4.973305165767669678e-01 -4.724647384136915207e-03
4.035694003105163574e-01 4.794225692749023438e-01 4.082572832703590393e-02
3.067391812801361084e-01 3.046373724937438965e-01 -1.610997132956981659e-02
3.373026251792907715e-01 5.512107610702514648e-01 2.379529360041487962e-05
3.034988343715667725e-01 3.500742316246032715e-01 -3.954242169857025146e-02
3.203419446945190430e-01 3.864070773124694824e-01 -3.045641072094440460e-02
3.189219832420349121e-01 5.607267618179321289e-01 -6.266944110393524170e-03
3.635263144969940186e-01 5.205862522125244141e-01 1.090790703892707825e-02
3.449823260307312012e-01 4.317138195037841797e-01 -7.107954006642103195e-03
3.518071174621582031e-01 5.381479263305664062e-01 5.859164055436849594e-03
3.741720318794250488e-01 4.266806244850158691e-01 -2.300060354173183441e-03
3.571529388427734375e-01 4.478681087493896484e-01 -5.080395843833684921e-03
3.847879767417907715e-01 4.536690413951873779e-01 7.472124882042407990e-03
3.237925767898559570e-01 5.800241827964782715e-01 -4.668640438467264175e-03
3.272241055965423584e-01 3.961883485317230225e-01 -2.150846645236015320e-02
3.746865093708038330e-01 5.313525199890136719e-01 2.333909831941127777e-02
3.597257137298583984e-01 5.500913858413696289e-01 1.619796641170978546e-02
3.724014461040496826e-01 4.996114373207092285e-01 1.181040331721305847e-02
4.151899218559265137e-01 4.571140408515930176e-01 5.143317580223083496e-02
3.883194029331207275e-01 4.999656677246093750e-01 2.428398095071315765e-02
4.235764145851135254e-01 4.683614373207092285e-01 8.077035099267959595e-02
3.670178949832916260e-01 4.699311256408691406e-01 8.562119328416883945e-04
3.196890950202941895e-01 3.701545000076293945e-01 -2.242788672447204590e-02
3.192493915557861328e-01 4.212661683559417725e-01 -4.742771759629249573e-02
3.262748718261718750e-01 4.255703389644622803e-01 -3.400390595197677612e-02
3.147944211959838867e-01 4.098957777023315430e-01 -5.602990463376045227e-02
3.264599442481994629e-01 2.889340519905090332e-01 -5.315121263265609741e-03
3.457961380481719971e-01 2.787400484085083008e-01 -7.300650235265493393e-03
3.625374436378479004e-01 2.768483161926269531e-01 -6.202870979905128479e-03
3.766240477561950684e-01 2.795824408531188965e-01 -1.098753768019378185e-03
3.866836726665496826e-01 2.868312597274780273e-01 6.585655268281698227e-03
3.957060575485229492e-01 3.161398768424987793e-01 2.578986994922161102e-02
4.341858923435211182e-01 3.574959635734558105e-01 8.251976221799850464e-02
3.872771859169006348e-01 3.416713178157806396e-01 1.650715060532093048e-02
3.749160766601562500e-01 3.475594520568847656e-01 9.482087567448616028e-03
3.583934903144836426e-01 3.479798436164855957e-01 4.457676317542791367e-03
3.426144123077392578e-01 3.443994522094726562e-01 1.759793143719434738e-03
3.305988013744354248e-01 3.390249013900756836e-01 1.716770813800394535e-03
3.223730027675628662e-01 3.335571885108947754e-01 5.730087868869304657e-04
4.342675209045410156e-01 3.561385869979858398e-01 1.293339580297470093e-01
3.258172273635864258e-01 4.302428662776947021e-01 -2.784304693341255188e-02
3.123658895492553711e-01 3.749321401119232178e-01 -4.028187319636344910e-02
3.117788434028625488e-01 4.223526716232299805e-01 -5.685114860534667969e-02
3.055001795291900635e-01 4.306867122650146484e-01 -5.172072723507881165e-02
3.115070164203643799e-01 4.248794913291931152e-01 -5.090323463082313538e-02
3.226427733898162842e-01 4.355938434600830078e-01 -2.369089983403682709e-02
3.037154674530029297e-01 4.325254261493682861e-01 -5.483829230070114136e-02
3.025511503219604492e-01 4.359755814075469971e-01 -4.040781036019325256e-02
3.222634196281433105e-01 3.192979395389556885e-01 6.035795435309410095e-03
3.156477808952331543e-01 3.241322934627532959e-01 -1.090101781301200390e-03
3.121510446071624756e-01 3.276568353176116943e-01 -9.038602933287620544e-03
3.793350160121917725e-01 3.098689317703247070e-01 1.266157999634742737e-02
3.851908743381500244e-01 3.026236593723297119e-01 1.319268811494112015e-02
