4.738244116306304932e-01 4.710678458213806152e-01 -3.949328511953353882e-02
4.736944735050201416e-01 4.096323847770690918e-01 -6.824842840433120728e-02
4.732219576835632324e-01 4.296936988830566406e-01 -3.672458976507186890e-02
4.614681601524353027e-01 3.462086319923400879e-01 -4.966412484645843506e-02
4.735451638698577881e-01 3.895949423313140869e-01 -7.214689999818801880e-02
4.729321897029876709e-01 3.637733459472656250e-01 -6.616153568029403687e-02
4.715020656585693359e-01 3.029977381229400635e-01 -2.866478078067302704e-02
3.762884736061096191e-01 2.992358207702636719e-01 1.657907851040363312e-02
4.707097113132476807e-01 2.523321211338043213e-01 -1.767524331808090210e-02
4.706291854381561279e-01 2.258448749780654907e-01 -1.925297640264034271e-02
4.696738123893737793e-01 1.419474184513092041e-01 -1.629668753594160080e-03
4.738903343677520752e-01 4.800444841384887695e-01 -3.819058090448379517e-02
4.737449884414672852e-01 4.867053329944610596e-01 -3.387121856212615967e-02
4.735514521598815918e-01 4.894407987594604492e-01 -2.827950194478034973e-02
4.739347398281097412e-01 4.936257302761077881e-01 -2.890361659228801727e-02
4.741936922073364258e-01 5.007715225219726562e-01 -3.116665594279766083e-02
4.742972850799560547e-01 5.101447105407714844e-01 -3.409497439861297607e-02
4.742698073387145996e-01 5.201047062873840332e-01 -3.278717026114463806e-02
4.737202823162078857e-01 5.380536317825317383e-01 -2.111033163964748383e-02
4.735266864299774170e-01 4.199762940406799316e-01 -6.192380934953689575e-02
4.620535671710968018e-01 4.191308319568634033e-01 -4.506717249751091003e-02
3.275646567344665527e-01 2.310623228549957275e-01 7.935784012079238892e-02
4.137110114097595215e-01 3.161977231502532959e-01 4.037829581648111343e-03
4.007397890090942383e-01 3.177072405815124512e-01 4.535023123025894165e-03
3.883935213088989258e-01 3.169047236442565918e-01 7.796654012054204941e-03
3.715638518333435059e-01 3.066782355308532715e-01 1.805610209703445435e-02
4.246794581413269043e-01 3.113020956516265869e-01 6.675537675619125366e-03
3.973876535892486572e-01 2.667022347450256348e-01 4.521005612332373857e-04
4.109048247337341309e-01 2.683098912239074707e-01 1.299964613281190395e-03
3.845362365245819092e-01 2.696936130523681641e-01 4.052273929119110107e-03
3.755996227264404297e-01 2.766872048377990723e-01 8.782959543168544769e-03
3.608171939849853516e-01 3.198074102401733398e-01 2.400452643632888794e-02
4.254185259342193604e-01 5.691033601760864258e-01 -9.243212640285491943e-03
3.717128038406372070e-01 2.945144176483154297e-01 2.079903706908226013e-02
3.208082914352416992e-01 3.123685419559478760e-01 8.024528622627258301e-02
3.459584712982177734e-01 3.065355420112609863e-01 3.713373467326164246e-02
4.069680869579315186e-01 3.950491845607757568e-01 -1.144404895603656769e-02
4.587744772434234619e-01 4.686528742313385010e-01 -3.855283930897712708e-02
4.610634446144104004e-01 4.867539405822753906e-01 -3.272737935185432434e-02
4.433533549308776855e-01 4.751584231853485107e-01 -3.222040459513664246e-02
4.333682954311370850e-01 4.828898608684539795e-01 -2.427468262612819672e-02
4.499953091144561768e-01 4.884423017501831055e-01 -2.874777279794216156e-02
4.411249160766601562e-01 4.906758666038513184e-01 -2.122206240892410278e-02
4.167877435684204102e-01 5.108786821365356445e-01 -7.591887842863798141e-03
4.631750881671905518e-01 4.094250202178955078e-01 -6.753462553024291992e-02
4.612493515014648438e-01 3.900518715381622314e-01 -7.104919850826263428e-02
3.549072146415710449e-01 2.545482516288757324e-01 1.396638993173837662e-02
4.322969317436218262e-01 3.471358716487884521e-01 -1.001196261495351791e-02
4.340011477470397949e-01 4.058328270912170410e-01 -3.751359134912490845e-02
4.325438737869262695e-01 3.956478238105773926e-01 -3.351069241762161255e-02
3.665483891963958740e-01 3.939072191715240479e-01 3.552663372829556465e-03
4.613130688667297363e-01 3.660883903503417969e-01 -6.276471912860870361e-02
3.854548335075378418e-01 2.311545312404632568e-01 -5.508332047611474991e-03
3.677022457122802734e-01 2.390528172254562378e-01 3.599429037421941757e-03
3.409594595432281494e-01 1.963428705930709839e-01 5.583747848868370056e-02
4.422930181026458740e-01 2.465440183877944946e-01 -1.479617226868867874e-02
4.228063225746154785e-01 2.749357223510742188e-01 5.251329857856035233e-03
4.066665768623352051e-01 4.942307174205780029e-01 -4.279975313693284988e-03
3.340336084365844727e-01 4.884076714515686035e-01 1.072871759533882141e-01
4.434540271759033203e-01 4.163219332695007324e-01 -3.256164491176605225e-02
4.538359642028808594e-01 4.216905832290649414e-01 -3.311727195978164673e-02
4.223196506500244141e-01 4.941846132278442383e-01 -5.671642720699310303e-03
4.278688728809356689e-01 4.926292896270751953e-01 -8.978449739515781403e-03
3.599958717823028564e-01 2.266303300857543945e-01 9.810647927224636078e-03
4.336808025836944580e-01 4.143757522106170654e-01 -3.064295090734958649e-02
4.095598161220550537e-01 2.317071855068206787e-01 -1.201037596911191940e-02
4.071754813194274902e-01 2.161255031824111938e-01 -1.417879108339548111e-02
3.944159150123596191e-01 1.510065495967864990e-01 1.041771564632654190e-02
3.504658341407775879e-01 2.112641930580139160e-01 2.917844615876674652e-02
4.022367000579833984e-01 1.830867826938629150e-01 -2.759740222245454788e-03
3.464924693107604980e-01 2.465812712907791138e-01 2.505601570010185242e-02
3.369455337524414062e-01 2.400482445955276489e-01 5.023799464106559753e-02
4.597408771514892578e-01 4.792332053184509277e-01 -3.720656409859657288e-02
4.471840560436248779e-01 4.833655357360839844e-01 -3.125320374965667725e-02
4.373808801174163818e-01 4.871241450309753418e-01 -2.386416122317314148e-02
4.467025697231292725e-01 4.196678102016448975e-01 -2.940232865512371063e-02
4.252973198890686035e-01 4.936901628971099854e-01 -7.281797472387552261e-03
4.304980635643005371e-01 4.961048662662506104e-01 -1.533853355795145035e-02
4.288804531097412109e-01 4.914860725402832031e-01 -9.213274344801902771e-03
4.498704373836517334e-01 4.098177850246429443e-01 -4.966207966208457947e-02
4.432917833328247070e-01 4.894516766071319580e-01 -1.910222135484218597e-02
4.522179067134857178e-01 4.891378283500671387e-01 -2.385171689093112946e-02
4.623757898807525635e-01 4.891909062862396240e-01 -2.759036608040332794e-02
4.573198556900024414e-01 5.381056070327758789e-01 -2.119353041052818298e-02
4.591393768787384033e-01 5.190209150314331055e-01 -3.265224397182464600e-02
4.598950743675231934e-01 5.083333253860473633e-01 -3.372276201844215393e-02
4.606986045837402344e-01 4.994058609008789062e-01 -3.042183816432952881e-02
4.616003930568695068e-01 4.933802783489227295e-01 -2.810992859303951263e-02
4.412009418010711670e-01 4.927141070365905762e-01 -1.948926225304603577e-02
4.395195841789245605e-01 4.948021769523620605e-01 -2.187239006161689758e-02
4.370706975460052490e-01 4.994830787181854248e-01 -2.429360896348953247e-02
4.346469640731811523e-01 5.057159662246704102e-01 -2.238567359745502472e-02
4.206176102161407471e-01 4.622455239295959473e-01 -1.964705064892768860e-02
3.192883431911468506e-01 3.958885371685028076e-01 1.298176497220993042e-01
4.733163416385650635e-01 4.238716363906860352e-01 -4.531053081154823303e-02
4.353175461292266846e-01 4.928148388862609863e-01 -1.369424723088741302e-02
4.332078695297241211e-01 4.937384128570556641e-01 -1.518164575099945068e-02
4.580771327018737793e-01 4.298858642578125000e-01 -3.417829796671867371e-02
4.380287826061248779e-01 4.258412122726440430e-01 -2.146769873797893524e-02
4.560570120811462402e-01 4.260021150112152100e-01 -3.372058272361755371e-02
4.185935258865356445e-01 3.586187958717346191e-01 -6.688783410936594009e-03
3.970895409584045410e-01 3.713438808917999268e-01 -3.959875088185071945e-03
4.305393695831298828e-01 4.042806327342987061e-01 -2.653225138783454895e-02
3.619182705879211426e-01 1.689621806144714355e-01 3.110614046454429626e-02
3.708804249763488770e-01 1.913055926561355591e-01 1.189856510609388351e-02
3.804535865783691406e-01 2.161212265491485596e-01 -3.174942918121814728e-03
4.270426630973815918e-01 5.217957496643066406e-01 -1.392055582255125046e-02
4.382566809654235840e-01 2.208013236522674561e-01 -1.921815425157546997e-02
4.343675673007965088e-01 1.831429898738861084e-01 -1.068952679634094238e-02
4.292563796043395996e-01 1.433513164520263672e-01 -8.720909827388823032e-04
3.776711821556091309e-01 3.135290443897247314e-01 1.316340453922748566e-02
3.465061187744140625e-01 3.341375589370727539e-01 2.993796207010746002e-02
4.317568838596343994e-01 3.060538768768310547e-01 8.872414939105510712e-03
3.608555197715759277e-01 2.821109294891357422e-01 1.950674317777156830e-02
4.413169622421264648e-01 3.341491520404815674e-01 -1.373331341892480850e-02
4.413816630840301514e-01 3.982668519020080566e-01 -4.935872182250022888e-02
3.321531414985656738e-01 3.474462926387786865e-01 4.294993728399276733e-02
3.558778166770935059e-01 3.475672602653503418e-01 1.788831129670143127e-02
3.733755648136138916e-01 3.543339073657989502e-01 6.280412897467613220e-03
3.987153470516204834e-01 3.506605923175811768e-01 2.031215000897645950e-03
4.171298146247863770e-01 3.425313234329223633e-01 1.379584718961268663e-04
4.308033585548400879e-01 3.331623077392578125e-01 -2.204075455665588379e-03
4.589834213256835938e-01 3.079542517662048340e-01 -2.454612962901592255e-02
3.345815539360046387e-01 3.875474631786346436e-01 3.771757706999778748e-02
3.496294021606445312e-01 2.788524329662322998e-01 2.554051205515861511e-02
4.673017263412475586e-01 4.191011488437652588e-01 -6.149991229176521301e-02
4.345376491546630859e-01 3.658890128135681152e-01 -1.630182936787605286e-02
3.164116144180297852e-01 3.121542036533355713e-01 1.236357763409614563e-01
4.409740865230560303e-01 3.222390413284301758e-01 -3.023915458470582962e-03
4.288550913333892822e-01 4.057305157184600830e-01 -1.396921649575233459e-02
3.676561713218688965e-01 2.958258390426635742e-01 2.312290295958518982e-02
4.403472542762756348e-01 3.859057724475860596e-01 -4.427974298596382141e-02
3.239032328128814697e-01 4.414118826389312744e-01 1.220357418060302734e-01
4.315982460975646973e-01 2.986393868923187256e-01 1.225190423429012299e-02
4.503986835479736328e-01 3.737018406391143799e-01 -5.588239803910255432e-02
3.659654855728149414e-01 5.314226150512695312e-01 3.726297616958618164e-02
3.655211031436920166e-01 5.519876480102539062e-01 6.008972972631454468e-02
3.206221163272857666e-01 3.925302922725677490e-01 8.345117419958114624e-02
3.480240702629089355e-01 5.071367025375366211e-01 5.388641729950904846e-02
3.285308480262756348e-01 2.737234234809875488e-01 6.898605823516845703e-02
4.223875999450683594e-01 5.871028900146484375e-01 -2.519442234188318253e-03
4.684867560863494873e-01 4.231872558593750000e-01 -4.461426660418510437e-02
4.228972792625427246e-01 3.802816569805145264e-01 -1.265336014330387115e-02
3.341888487339019775e-01 3.106845617294311523e-01 4.936110600829124451e-02
3.892275393009185791e-01 3.051103353500366211e-01 9.161062538623809814e-03
4.003800451755523682e-01 3.067912459373474121e-01 6.404890678822994232e-03
4.273976981639862061e-01 4.998992085456848145e-01 -1.342171803116798401e-02
3.376475572586059570e-01 4.253597855567932129e-01 4.012301936745643616e-02
4.459847509860992432e-01 6.106731295585632324e-01 1.252783229574561119e-03
4.056361913681030273e-01 5.889123678207397461e-01 2.612554654479026794e-02
3.872775137424468994e-01 5.742604136466979980e-01 4.082210361957550049e-02
4.702644646167755127e-01 1.848829239606857300e-01 -1.171624753624200821e-02
4.729621112346649170e-01 6.134961843490600586e-01 -1.464533386752009392e-03
4.113183319568634033e-01 3.059085011482238770e-01 6.520117167383432388e-03
4.216362237930297852e-01 3.029487729072570801e-01 8.822761476039886475e-03
4.283238947391510010e-01 3.008149266242980957e-01 1.201316621154546738e-02
3.396607637405395508e-01 2.755284607410430908e-01 3.860142827033996582e-02
4.205729067325592041e-01 2.861492633819580078e-01 7.044765632599592209e-03
4.094226360321044922e-01 2.811987996101379395e-01 4.900462459772825241e-03
3.981781601905822754e-01 2.798997759819030762e-01 4.904476460069417953e-03
3.867547810077667236e-01 2.827208042144775391e-01 7.621122524142265320e-03
3.795075118541717529e-01 2.876718640327453613e-01 1.122319139540195465e-02
3.198059797286987305e-01 2.675421833992004395e-01 1.046694740653038025e-01
3.816013932228088379e-01 3.022806644439697266e-01 1.308801025152206421e-02
4.733367860317230225e-01 4.424370527267456055e-01 -3.454728424549102783e-02
4.322011768817901611e-01 4.516304731369018555e-01 -2.469397522509098053e-02
4.431661367416381836e-01 4.133778810501098633e-01 -3.687672689557075500e-02
4.565753936767578125e-01 4.446542859077453613e-01 -3.452041372656822205e-02
4.709130227565765381e-01 2.778136730194091797e-01 -1.835352741181850433e-02
3.850470185279846191e-01 5.538656711578369141e-01 2.454686537384986877e-02
4.030464291572570801e-01 5.706812143325805664e-01 1.171428989619016647e-02
4.457795023918151855e-01 5.988699197769165039e-01 -1.432200148701667786e-02
3.484401106834411621e-01 5.255913138389587402e-01 8.484038710594177246e-02
4.282837510108947754e-01 2.935494780540466309e-01 1.027150265872478485e-02
4.508764743804931641e-01 3.385328054428100586e-01 -3.085724636912345886e-02
4.736728668212890625e-01 6.009429693222045898e-01 -1.653010025620460510e-02
4.247532188892364502e-01 6.016008853912353516e-01 1.093671564012765884e-02
3.251045644283294678e-01 4.341935813426971436e-01 7.968295365571975708e-02
4.505048096179962158e-01 4.927037358283996582e-01 -2.432337403297424316e-02
4.488461315631866455e-01 4.969449341297149658e-01 -2.702213451266288757e-02
4.471898078918457031e-01 5.039567947387695312e-01 -2.976966835558414459e-02
4.457023143768310547e-01 5.135130882263183594e-01 -2.849243208765983582e-02
4.406101107597351074e-01 5.313159227371215820e-01 -1.942393742501735687e-02
4.332344233989715576e-01 4.919633567333221436e-01 -1.460839156061410904e-02
4.295696318149566650e-01 4.909292459487915039e-01 -1.485966611653566360e-02
4.257658421993255615e-01 4.885079860687255859e-01 -1.502128411084413528e-02
4.112377762794494629e-01 4.770144224166870117e-01 -1.235053222626447678e-02
3.564672172069549561e-01 4.348541796207427979e-01 1.462080329656600952e-02
4.502912759780883789e-01 3.197655677795410156e-01 -1.817262358963489532e-02
4.421965777873992920e-01 2.836969494819641113e-01 4.435687791556119919e-03
4.340547323226928711e-01 2.880443334579467773e-01 8.760913275182247162e-03
4.356182515621185303e-01 4.895491898059844971e-01 -1.325950957834720612e-02
3.552806973457336426e-01 4.801386296749114990e-01 3.115834668278694153e-02
4.539682269096374512e-01 2.812033891677856445e-01 -1.087476778775453568e-02
4.322478771209716797e-01 5.504612326622009277e-01 -1.336592342704534531e-02
4.724566936492919922e-01 3.430336117744445801e-01 -5.331864580512046814e-02
4.599919617176055908e-01 3.281601667404174805e-01 -3.827648982405662537e-02
4.719833135604858398e-01 3.238500356674194336e-01 -4.058526083827018738e-02
4.428385496139526367e-01 3.691439628601074219e-01 -3.225367143750190735e-02
4.739442467689514160e-01 5.823858380317687988e-01 -2.293991483747959137e-02
4.739439189434051514e-01 5.590559244155883789e-01 -2.178059332072734833e-02
4.526332020759582520e-01 5.589016675949096680e-01 -2.014686539769172668e-02
4.025182723999023438e-01 5.191531181335449219e-01 -5.780251231044530869e-04
4.177793860435485840e-01 4.206274747848510742e-01 -1.195474062114953995e-02
4.160822927951812744e-01 5.374992489814758301e-01 -6.845735479146242142e-03
3.862791955471038818e-01 4.173198640346527100e-01 -8.151378482580184937e-03
4.055200815200805664e-01 4.387926161289215088e-01 -1.165335625410079956e-02
3.755096197128295898e-01 4.479987621307373047e-01 -2.720142074394971132e-04
4.480064809322357178e-01 5.811592340469360352e-01 -2.035444416105747223e-02
4.354972541332244873e-01 3.806786835193634033e-01 -2.408672496676445007e-02
3.902181982994079590e-01 5.332860350608825684e-01 1.063157431781291962e-02
4.076593816280364990e-01 5.523903369903564453e-01 2.151778899133205414e-03
3.916933238506317139e-01 4.969374835491180420e-01 1.327466685324907303e-03
3.416310846805572510e-01 4.574862122535705566e-01 4.327489063143730164e-02
3.735711872577667236e-01 4.999810755252838135e-01 1.353224460035562515e-02
3.329635262489318848e-01 4.725336134433746338e-01 7.227392494678497314e-02
3.957432508468627930e-01 4.634900391101837158e-01 -7.349641527980566025e-03
4.428864717483520508e-01 3.519375920295715332e-01 -2.306089177727699280e-02
4.458319544792175293e-01 4.067804813385009766e-01 -5.218241736292839050e-02
4.380352795124053955e-01 4.120124280452728271e-01 -3.874814882874488831e-02
4.506387412548065186e-01 3.933052420616149902e-01 -6.062019988894462585e-02
4.314877986907958984e-01 2.661680281162261963e-01 3.384594747330993414e-04
4.108200073242187500e-01 2.555320858955383301e-01 -2.014104044064879417e-03
3.929551243782043457e-01 2.538264095783233643e-01 -1.741041662171483040e-03
3.778541684150695801e-01 2.574166059494018555e-01 2.561153611168265343e-03
3.670160174369812012e-01 2.663588821887969971e-01 9.797535836696624756e-03
3.582397997379302979e-01 3.010259568691253662e-01 2.816410548985004425e-02
3.187610507011413574e-01 3.520479798316955566e-01 8.228711038827896118e-02
3.682007789611816406e-01 3.278386592864990234e-01 1.714897714555263519e-02
3.818345665931701660e-01 3.332158029079437256e-01 9.859542362391948700e-03
3.991692364215850830e-01 3.328832387924194336e-01 5.195708945393562317e-03
4.156292378902435303e-01 3.283590078353881836e-01 3.218988887965679169e-03
4.284405112266540527e-01 3.216429650783538818e-01 4.260081332176923752e-03
4.372317194938659668e-01 3.149200975894927979e-01 3.850160399451851845e-03
3.175724148750305176e-01 3.536498546600341797e-01 1.311855763196945190e-01
4.384369850158691406e-01 4.170330762863159180e-01 -3.250255435705184937e-02
4.514902532100677490e-01 3.555417656898498535e-01 -4.163522645831108093e-02
4.544864594936370850e-01 4.070837199687957764e-01 -6.169782578945159912e-02
4.612819552421569824e-01 4.162036478519439697e-01 -5.646123364567756653e-02
4.545897543430328369e-01 4.103016257286071777e-01 -5.555098876357078552e-02
4.420207142829895020e-01 4.226837754249572754e-01 -2.815960161387920380e-02
4.634708166122436523e-01 4.178582727909088135e-01 -5.976541712880134583e-02
4.646672010421752930e-01 4.218959510326385498e-01 -4.486249387264251709e-02
4.363847374916076660e-01 2.997665107250213623e-01 1.082048658281564713e-02
4.442297816276550293e-01 3.039216399192810059e-01 3.255785675719380379e-03
4.486410915851593018e-01 3.067089617252349854e-01 -5.341024603694677353e-03
3.752049803733825684e-01 2.913313210010528564e-01 1.537029910832643509e-02
3.687027394771575928e-01 2.843021750450134277e-01 1.578809693455696106e-02
4.832322299480438232e-01 3.461317420005798340e-01 -4.834468662738800049e-02
5.608280897140502930e-01 2.993988990783691406e-01 2.606787718832492828e-02
4.841120839118957520e-01 4.190165400505065918e-01 -4.398081451654434204e-02
6.038682460784912109e-01 2.315034717321395874e-01 9.406581521034240723e-02
5.252578258514404297e-01 3.161034584045410156e-01 1.001133956015110016e-02
5.379617214202880859e-01 3.174167275428771973e-01 1.178497914224863052e-02
5.498554110527038574e-01 3.164342641830444336e-01 1.613464020192623138e-02
5.652478337287902832e-01 3.066354393959045410e-01 2.818991430103778839e-02
5.144216418266296387e-01 3.113063871860504150e-01 1.130918692797422409e-02
5.407767891883850098e-01 2.680692076683044434e-01 8.045559749007225037e-03
5.273939371109008789e-01 2.692777514457702637e-01 7.289375178515911102e-03
5.531625747680664062e-01 2.712393999099731445e-01 1.300395373255014420e-02
5.615820288658142090e-01 2.780621051788330078e-01 1.834286749362945557e-02
5.758761167526245117e-01 3.193066120147705078e-01 3.457015752792358398e-02
5.203664302825927734e-01 5.675991773605346680e-01 -4.800004418939352036e-03
5.649909973144531250e-01 2.950134873390197754e-01 3.074960224330425262e-02
6.117366552352905273e-01 3.113644719123840332e-01 9.515503793954849243e-02
5.894460082054138184e-01 3.061312437057495117e-01 4.919243976473808289e-02
5.350123643875122070e-01 3.939023613929748535e-01 -5.499321036040782928e-03
4.885537624359130859e-01 4.681154191493988037e-01 -3.689242526888847351e-02
4.861881434917449951e-01 4.862081706523895264e-01 -3.129807487130165100e-02
5.034531354904174805e-01 4.740763902664184570e-01 -2.885383181273937225e-02
5.129094719886779785e-01 4.814334809780120850e-01 -1.983563601970672607e-02
4.967716932296752930e-01 4.875931441783905029e-01 -2.599221654236316681e-02
5.051243901252746582e-01 4.894298911094665527e-01 -1.752086542546749115e-02
5.286802053451538086e-01 5.091165900230407715e-01 -1.961507368832826614e-03
4.839753508567810059e-01 4.092226326465606689e-01 -6.659147888422012329e-02
4.855501949787139893e-01 3.898637294769287109e-01 -7.006914168596267700e-02
5.810047388076782227e-01 2.563566565513610840e-01 2.533442899584770203e-02
5.090506672859191895e-01 3.467945456504821777e-01 -5.958016496151685715e-03
5.106558799743652344e-01 4.052303433418273926e-01 -3.340418264269828796e-02
5.114189386367797852e-01 3.949760496616363525e-01 -2.936000190675258636e-02
5.732356905937194824e-01 3.920511007308959961e-01 1.322580315172672272e-02
4.844626486301422119e-01 3.660149276256561279e-01 -6.147832795977592468e-02
5.526599287986755371e-01 2.335856556892395020e-01 2.173779997974634171e-03
5.692585706710815430e-01 2.414146959781646729e-01 1.331033743917942047e-02
5.920130014419555664e-01 1.973151415586471558e-01 6.900872290134429932e-02
4.982448518276214600e-01 2.472695410251617432e-01 -1.240859553217887878e-02
5.157755613327026367e-01 2.755936980247497559e-01 1.020195242017507553e-02
5.380914807319641113e-01 4.922364056110382080e-01 2.495628083124756813e-03
5.988671183586120605e-01 4.860611557960510254e-01 1.211652979254722595e-01
5.015077590942382812e-01 4.159466326236724854e-01 -2.952065318822860718e-02
4.916114211082458496e-01 4.214766323566436768e-01 -3.154874965548515320e-02
5.235115885734558105e-01 4.924536347389221191e-01 2.189370716223493218e-04
5.176991224288940430e-01 4.909903705120086670e-01 -3.881458425894379616e-03
5.761306285858154297e-01 2.293397933244705200e-01 2.027620188891887665e-02
5.106847286224365234e-01 4.136898815631866455e-01 -2.677321620285511017e-02
5.298091173171997070e-01 2.334160804748535156e-01 -6.708368193358182907e-03
5.322116017341613770e-01 2.179477810859680176e-01 -8.595867082476615906e-03
5.425727367401123047e-01 1.520995199680328369e-01 1.782651804387569427e-02
5.843572616577148438e-01 2.128116190433502197e-01 4.083631187677383423e-02
5.363807678222656250e-01 1.844285428524017334e-01 3.701715031638741493e-03
5.885387063026428223e-01 2.484062016010284424e-01 3.729721531271934509e-02
5.966202020645141602e-01 2.409554719924926758e-01 6.360544264316558838e-02
4.877056479454040527e-01 4.788190126419067383e-01 -3.558252751827239990e-02
4.997642636299133301e-01 4.824397563934326172e-01 -2.820888720452785492e-02
5.091056227684020996e-01 4.857265055179595947e-01 -1.984309591352939606e-02
4.982969760894775391e-01 4.192464053630828857e-01 -2.700286731123924255e-02
5.203596949577331543e-01 4.919262528419494629e-01 -1.938674598932266235e-03
5.158281326293945312e-01 4.946214556694030762e-01 -1.082454808056354523e-02
5.162914395332336426e-01 4.900040924549102783e-01 -4.300571046769618988e-03
4.959561824798583984e-01 4.095061123371124268e-01 -4.689455777406692505e-02
5.024674534797668457e-01 4.882562160491943359e-01 -1.571181416511535645e-02
4.940259754657745361e-01 4.883651733398437500e-01 -2.125918120145797729e-02
4.843566119670867920e-01 4.887881278991699219e-01 -2.613698132336139679e-02
4.898808896541595459e-01 5.376489162445068359e-01 -1.997119374573230743e-02
4.890540242195129395e-01 5.187792181968688965e-01 -3.122125379741191864e-02
4.884707033634185791e-01 5.080382823944091797e-01 -3.210230916738510132e-02
4.873557388782501221e-01 4.991322755813598633e-01 -2.889918349683284760e-02
4.861149787902832031e-01 4.931821823120117188e-01 -2.655512094497680664e-02
5.053195953369140625e-01 4.915896058082580566e-01 -1.596928201615810394e-02
5.071354508399963379e-01 4.937045872211456299e-01 -1.840872876346111298e-02
5.097771286964416504e-01 4.983429312705993652e-01 -2.075791172683238983e-02
5.122907757759094238e-01 5.046710968017578125e-01 -1.849089376628398895e-02
5.243381261825561523e-01 4.607443213462829590e-01 -1.449186448007822037e-02
6.110237240791320801e-01 3.940864503383636475e-01 1.451648920774459839e-01
5.105332136154174805e-01 4.915050864219665527e-01 -9.280821308493614197e-03
5.129787921905517578e-01 4.923968017101287842e-01 -1.084388792514801025e-02
4.878506362438201904e-01 4.295923709869384766e-01 -3.276598080992698669e-02
5.063780546188354492e-01 4.250847101211547852e-01 -1.846919767558574677e-02
4.895322918891906738e-01 4.257017374038696289e-01 -3.233214840292930603e-02
5.225060582160949707e-01 3.579012155532836914e-01 -1.499603618867695332e-03
5.436987280845642090e-01 3.702211976051330566e-01 2.983846701681613922e-03
5.131708383560180664e-01 4.034885764122009277e-01 -2.241099439561367035e-02
5.727933645248413086e-01 1.700880378484725952e-01 4.179492965340614319e-02
5.655332803726196289e-01 1.931481957435607910e-01 2.126296423375606537e-02
5.572719573974609375e-01 2.185776084661483765e-01 5.050166044384241104e-03
5.190297365188598633e-01 5.203303694725036621e-01 -9.438073262572288513e-03
5.023678541183471680e-01 2.218530923128128052e-01 -1.647163555026054382e-02
5.055722594261169434e-01 1.838506758213043213e-01 -7.230085320770740509e-03
5.093667507171630859e-01 1.438871324062347412e-01 2.969893626868724823e-03
5.597798824310302734e-01 3.131385743618011475e-01 2.247851528227329254e-02
5.898903608322143555e-01 3.330092728137969971e-01 4.193747416138648987e-02
5.073810219764709473e-01 3.061260282993316650e-01 1.309684477746486664e-02
5.752893686294555664e-01 2.831550836563110352e-01 3.044662810862064362e-02
5.003065466880798340e-01 3.340493142604827881e-01 -1.053988095372915268e-02
5.038934350013732910e-01 3.979031145572662354e-01 -4.613208398222923279e-02
6.031743884086608887e-01 3.460204601287841797e-01 5.648976936936378479e-02
5.816578269004821777e-01 3.461547195911407471e-01 2.907304279506206512e-02
5.656196475028991699e-01 3.529586195945739746e-01 1.560811419039964676e-02
5.412542223930358887e-01 3.497530221939086914e-01 9.034723974764347076e-03
5.231717228889465332e-01 3.419783711433410645e-01 5.503695923835039139e-03
5.096252560615539551e-01 3.328823745250701904e-01 1.828975044190883636e-03
4.836716055870056152e-01 3.079835176467895508e-01 -2.328854426741600037e-02
6.017546057701110840e-01 3.855486810207366943e-01 5.108883976936340332e-02
5.859672427177429199e-01 2.795095145702362061e-01 3.779388591647148132e-02
4.796249270439147949e-01 4.190525710582733154e-01 -6.074528768658638000e-02
5.077126622200012207e-01 3.655101954936981201e-01 -1.241834554821252823e-02
6.134022474288940430e-01 3.112002015113830566e-01 1.393141001462936401e-01
4.997812807559967041e-01 3.223300278186798096e-01 9.116634464589878917e-05
5.141974091529846191e-01 4.048672616481781006e-01 -9.922339580953121185e-03
5.687629580497741699e-01 2.964072525501251221e-01 3.353947773575782776e-02
5.041502714157104492e-01 3.854935765266418457e-01 -4.094564914703369141e-02
6.073302626609802246e-01 4.393851459026336670e-01 1.370130628347396851e-01
5.071099996566772461e-01 2.988211810588836670e-01 1.671236567199230194e-02
4.948276579380035400e-01 3.734610080718994141e-01 -5.350747704505920410e-02
5.736702084541320801e-01 5.287544727325439453e-01 4.737450554966926575e-02
5.722213983535766602e-01 5.494744777679443359e-01 7.051734626293182373e-02
6.128228902816772461e-01 3.905754089355468750e-01 9.838747233152389526e-02
5.892882347106933594e-01 5.045617222785949707e-01 6.599803268909454346e-02
6.044578552246093750e-01 2.735363245010375977e-01 8.333170413970947266e-02
5.228573083877563477e-01 5.855296850204467773e-01 2.478243317455053329e-03
4.780743122100830078e-01 4.231035411357879639e-01 -4.422862455248832703e-02
5.191223621368408203e-01 3.795446455478668213e-01 -7.855771109461784363e-03
6.003218293190002441e-01 3.099613785743713379e-01 6.278213858604431152e-02
5.488209128379821777e-01 3.049427270889282227e-01 1.738996058702468872e-02
5.380961298942565918e-01 3.066866099834442139e-01 1.366159040480852127e-02
5.188785791397094727e-01 4.984157681465148926e-01 -8.497875183820724487e-03
5.991388559341430664e-01 4.231097698211669922e-01 5.303512513637542725e-02
4.993037581443786621e-01 6.099133491516113281e-01 3.864510450512170792e-03
5.366621017456054688e-01 5.870254039764404297e-01 3.298960253596305847e-02
5.530578494071960449e-01 5.720277428627014160e-01 4.944017529487609863e-02
5.273354053497314453e-01 3.058978617191314697e-01 1.270090416073799133e-02
5.171952247619628906e-01 3.029275536537170410e-01 1.414852682501077652e-02
5.105513334274291992e-01 3.009063005447387695e-01 1.674044504761695862e-02
5.949869155883789062e-01 2.758863568305969238e-01 5.163609609007835388e-02
5.177820324897766113e-01 2.866002321243286133e-01 1.255004573613405228e-02
5.285933613777160645e-01 2.819344699382781982e-01 1.125253830105066299e-02
5.395455360412597656e-01 2.808613777160644531e-01 1.251827459782361984e-02
5.506595969200134277e-01 2.836660742759704590e-01 1.608909294009208679e-02
5.576243400573730469e-01 2.883687019348144531e-01 2.035749144852161407e-02
6.107116937637329102e-01 2.672373950481414795e-01 1.200366839766502380e-01
5.559930801391601562e-01 3.021847605705261230e-01 2.208562754094600677e-02
5.129787325859069824e-01 4.504357576370239258e-01 -2.066490426659584045e-02
5.020055770874023438e-01 4.128837883472442627e-01 -3.395825624465942383e-02
4.897723495960235596e-01 4.442135095596313477e-01 -3.282868117094039917e-02
5.564509034156799316e-01 5.515149831771850586e-01 3.275632485747337341e-02
5.402494072914123535e-01 5.687035322189331055e-01 1.824619434773921967e-02
5.007890462875366211e-01 5.980583429336547852e-01 -1.186153478920459747e-02
5.866469740867614746e-01 5.230869650840759277e-01 9.723579883575439453e-02
5.103767514228820801e-01 2.937540411949157715e-01 1.509293820708990097e-02
4.923149645328521729e-01 3.384959697723388672e-01 -2.864733897149562836e-02
5.194995403289794922e-01 6.001938581466674805e-01 1.585857197642326355e-02
6.089528799057006836e-01 4.319047927856445312e-01 9.406827390193939209e-02
4.966818392276763916e-01 4.920580387115478516e-01 -2.173586003482341766e-02
4.986073672771453857e-01 4.962625503540039062e-01 -2.429160475730895996e-02
5.004758834838867188e-01 5.032304525375366211e-01 -2.702724933624267578e-02
5.020468831062316895e-01 5.128066539764404297e-01 -2.558504603803157806e-02
5.061272382736206055e-01 5.304052829742431641e-01 -1.628436148166656494e-02
5.125593543052673340e-01 4.904828667640686035e-01 -1.001397520303726196e-02
5.163657665252685547e-01 4.893874228000640869e-01 -9.796583093702793121e-03
5.200911760330200195e-01 4.868714213371276855e-01 -9.619245305657386780e-03
5.335422754287719727e-01 4.751256704330444336e-01 -5.979220382869243622e-03
5.828297734260559082e-01 4.325746595859527588e-01 2.529843337833881378e-02
4.917791187763214111e-01 3.197813034057617188e-01 -1.591922715306282043e-02
4.975441992282867432e-01 2.840433716773986816e-01 7.404190953820943832e-03
5.048932433128356934e-01 2.883914709091186523e-01 1.280984748154878616e-02
5.097588896751403809e-01 4.881885349750518799e-01 -8.991797454655170441e-03
5.836408138275146484e-01 4.775874614715576172e-01 4.226315766572952271e-02
4.871256053447723389e-01 2.814986705780029297e-01 -9.274228475987911224e-03
5.138837099075317383e-01 5.492442250251770020e-01 -9.728772565722465515e-03
4.837346673011779785e-01 3.281880915164947510e-01 -3.710234165191650391e-02
5.005794167518615723e-01 3.688159584999084473e-01 -2.930953912436962128e-02
4.946287870407104492e-01 5.583232641220092773e-01 -1.844174787402153015e-02
5.415252447128295898e-01 5.171021819114685059e-01 5.911191925406455994e-03
5.252212285995483398e-01 4.194008409976959229e-01 -7.009947206825017929e-03
5.289735198020935059e-01 5.358444452285766602e-01 -1.728165894746780396e-03
5.554408431053161621e-01 4.156447052955627441e-01 -7.096169865690171719e-04
5.376496911048889160e-01 4.372512400150299072e-01 -5.505850072950124741e-03
5.658841729164123535e-01 4.459073245525360107e-01 8.304405026137828827e-03
4.991343617439270020e-01 5.804306864738464355e-01 -1.792475581169128418e-02
5.074305534362792969e-01 3.802216649055480957e-01 -2.030467614531517029e-02
5.524370670318603516e-01 5.309467911720275879e-01 1.822248473763465881e-02
5.366988778114318848e-01 5.504930615425109863e-01 8.020292036235332489e-03
5.516577959060668945e-01 4.946248531341552734e-01 9.078387171030044556e-03
5.954266786575317383e-01 4.550594091415405273e-01 5.566877871751785278e-02
5.676882863044738770e-01 4.975300431251525879e-01 2.268573641777038574e-02
6.022732257843017578e-01 4.700433313846588135e-01 8.598969876766204834e-02
5.475005507469177246e-01 4.614179730415344238e-01 -1.738864957587793469e-04
4.997679293155670166e-01 3.517539203166961670e-01 -1.984703168272972107e-02
4.999648928642272949e-01 4.064361155033111572e-01 -4.923942685127258301e-02
5.069819092750549316e-01 4.114070534706115723e-01 -3.541551157832145691e-02
4.955107867717742920e-01 3.930087685585021973e-01 -5.815690010786056519e-02
5.078017115592956543e-01 2.668319046497344971e-01 4.334575030952692032e-03
5.280328989028930664e-01 2.567970752716064453e-01 3.674005856737494469e-03
5.454354882240295410e-01 2.555173039436340332e-01 5.655338056385517120e-03
5.598465204238891602e-01 2.592421770095825195e-01 1.168831903487443924e-02
5.698429346084594727e-01 2.679403424263000488e-01 2.009164914488792419e-02
5.777705907821655273e-01 3.010882139205932617e-01 3.919166699051856995e-02
6.141325831413269043e-01 3.505711257457733154e-01 9.757909178733825684e-02
5.692474842071533203e-01 3.270249366760253906e-01 2.704751305282115936e-02
5.567264556884765625e-01 3.323100209236145020e-01 1.850647851824760437e-02
5.400273799896240234e-01 3.322585821151733398e-01 1.222423464059829712e-02
5.238388180732727051e-01 3.279561400413513184e-01 8.755666203796863556e-03
5.112868547439575195e-01 3.215823173522949219e-01 8.450760506093502045e-03
5.026759505271911621e-01 3.149562776088714600e-01 7.258089724928140640e-03
6.121991872787475586e-01 3.522919714450836182e-01 1.467636674642562866e-01
5.062606930732727051e-01 4.164953231811523438e-01 -2.921139635145664215e-02
4.926536977291107178e-01 3.553220033645629883e-01 -3.931336477398872375e-02
4.921814501285552979e-01 4.068889319896697998e-01 -5.983760580420494080e-02
4.851420223712921143e-01 4.161164462566375732e-01 -5.538564920425415039e-02
4.916899502277374268e-01 4.100902676582336426e-01 -5.365257710218429565e-02
5.026910305023193359e-01 4.221517741680145264e-01 -2.541881240904331207e-02
4.833342134952545166e-01 4.178214967250823975e-01 -5.890599265694618225e-02
4.817442893981933594e-01 4.219017326831817627e-01 -4.408515989780426025e-02
5.027838945388793945e-01 3.000094294548034668e-01 1.440853811800479889e-02
4.958057999610900879e-01 3.041523694992065430e-01 5.987545941025018692e-03
4.922220110893249512e-01 3.068499565124511719e-01 -3.118945518508553505e-03
5.617645978927612305e-01 2.919707298278808594e-01 2.497144602239131927e-02
5.679108500480651855e-01 2.853014469146728516e-01 2.599880658090114594e-02
