5.571314692497253418e-01 5.811777114868164062e-01 -3.649578243494033813e-02
5.554029941558837891e-01 5.174646377563476562e-01 -7.128815352916717529e-02
5.566051006317138672e-01 5.363267660140991211e-01 -3.580104932188987732e-02
5.427646040916442871e-01 4.523020982742309570e-01 -5.456777662038803101e-02
5.547218918800354004e-01 4.976136982440948486e-01 -7.654380053281784058e-02
5.541684627532958984e-01 4.709399938583374023e-01 -7.171185314655303955e-02
5.536578297615051270e-01 4.056721329689025879e-01 -3.644629940390586853e-02
4.561243951320648193e-01 4.017622172832489014e-01 1.818616129457950592e-02
5.522260069847106934e-01 3.499803245067596436e-01 -2.823055163025856018e-02
5.512991547584533691e-01 3.223418891429901123e-01 -3.206729143857955933e-02
5.492609143257141113e-01 2.370317578315734863e-01 -2.144888974726200104e-02
5.573111772537231445e-01 5.904381871223449707e-01 -3.453336656093597412e-02
5.576260685920715332e-01 5.968269705772399902e-01 -2.946935594081878662e-02
5.579575300216674805e-01 5.991756916046142578e-01 -2.316015399992465973e-02
5.579444169998168945e-01 6.024936437606811523e-01 -2.253152430057525635e-02
5.581328868865966797e-01 6.105029582977294922e-01 -2.428085729479789734e-02
5.583868622779846191e-01 6.204227209091186523e-01 -2.649323269724845886e-02
5.588098168373107910e-01 6.303506493568420410e-01 -2.373730763792991638e-02
5.598619580268859863e-01 6.458417177200317383e-01 -9.228960610926151276e-03
5.557948350906372070e-01 5.271674990653991699e-01 -6.392306834459304810e-02
5.451467633247375488e-01 5.256416797637939453e-01 -4.497560113668441772e-02
4.064918756484985352e-01 3.290640413761138916e-01 8.276303112506866455e-02
4.962721467018127441e-01 4.195175170898437500e-01 2.754100365564227104e-03
4.824976325035095215e-01 4.214492142200469971e-01 4.449433647096157074e-03
4.695201516151428223e-01 4.205882847309112549e-01 8.844927884638309479e-03
4.523850679397583008e-01 4.090498685836791992e-01 2.091151848435401917e-02
5.077477693557739258e-01 4.139811396598815918e-01 4.381518345326185226e-03
4.763724803924560547e-01 3.665324449539184570e-01 -2.050211885944008827e-03
4.912785887718200684e-01 3.678061366081237793e-01 -2.921256935223937035e-03
4.628834128379821777e-01 3.702382743358612061e-01 3.177465870976448059e-03
4.540104866027832031e-01 3.779613375663757324e-01 8.978062309324741364e-03
4.421921670436859131e-01 4.224597811698913574e-01 2.883791737258434296e-02
5.128428936004638672e-01 6.731054186820983887e-01 9.056038223206996918e-03
4.513065814971923828e-01 3.961415290832519531e-01 2.283542230725288391e-02
4.038450121879577637e-01 4.112587869167327881e-01 9.107527136802673340e-02
4.269420504570007324e-01 4.075291156768798828e-01 4.294602200388908386e-02
4.900483489036560059e-01 5.010178089141845703e-01 -7.227479480206966400e-03
5.419703722000122070e-01 5.787364840507507324e-01 -3.423354774713516235e-02
5.450150370597839355e-01 5.966967940330505371e-01 -2.719762735068798065e-02
5.270521640777587891e-01 5.844513177871704102e-01 -2.585901133716106415e-02
5.176267027854919434e-01 5.912190675735473633e-01 -1.616356521844863892e-02
5.343989729881286621e-01 5.977152585983276367e-01 -2.199503965675830841e-02
5.259094834327697754e-01 5.990038514137268066e-01 -1.309441309422254562e-02
5.017879009246826172e-01 6.170538663864135742e-01 5.690659862011671066e-03
5.447106361389160156e-01 5.172823071479797363e-01 -6.987933814525604248e-02
5.421416163444519043e-01 4.984632134437561035e-01 -7.455607503652572632e-02
4.318257570266723633e-01 3.544090986251831055e-01 1.474512461572885513e-02
5.152904987335205078e-01 4.510150849819183350e-01 -1.078692171722650528e-02
5.171105861663818359e-01 5.130470395088195801e-01 -3.581621870398521423e-02
5.157408714294433594e-01 5.024656653404235840e-01 -3.214681148529052734e-02
4.497750103473663330e-01 4.996358454227447510e-01 1.191298570483922958e-02
5.422611236572265625e-01 4.735870957374572754e-01 -6.701795756816864014e-02
4.607691168785095215e-01 3.303639292716979980e-01 -9.906616993248462677e-03
4.434267580509185791e-01 3.385640382766723633e-01 1.825746265240013599e-03
4.174439907073974609e-01 2.949033379554748535e-01 5.394499376416206360e-02
5.210688710212707520e-01 3.449954092502593994e-01 -2.343877404928207397e-02
5.045177936553955078e-01 3.748050034046173096e-01 6.058935541659593582e-04
4.915474653244018555e-01 6.003463864326477051e-01 8.656477555632591248e-03
4.286397099494934082e-01 5.827067494392395020e-01 1.342197209596633911e-01
5.271823406219482422e-01 5.230929255485534668e-01 -3.089700825512409210e-02
5.375325083732604980e-01 5.284494757652282715e-01 -3.164636343717575073e-02
5.070049762725830078e-01 6.007875204086303711e-01 6.050492171198129654e-03
5.128220319747924805e-01 5.991911292076110840e-01 1.756033045239746571e-03
4.351390898227691650e-01 3.256164491176605225e-01 7.541360333561897278e-03
5.175635814666748047e-01 5.213826298713684082e-01 -2.804620936512947083e-02
4.855570197105407715e-01 3.304717540740966797e-01 -1.892966590821743011e-02
4.823147356510162354e-01 3.146747350692749023e-01 -2.236665971577167511e-02
4.696230888366699219e-01 2.493473589420318604e-01 -1.944495597854256630e-03
4.259213805198669434e-01 3.104603290557861328e-01 2.680156193673610687e-02
4.771774709224700928e-01 2.824807763099670410e-01 -1.363445166498422623e-02
4.232642948627471924e-01 3.458429276943206787e-01 2.628716081380844116e-02
4.146014153957366943e-01 3.390108346939086914e-01 5.213541537523269653e-02
5.432100892066955566e-01 5.894258022308349609e-01 -3.236430138349533081e-02
5.311259627342224121e-01 5.927647352218627930e-01 -2.462758868932723999e-02
5.217833518981933594e-01 5.955176949501037598e-01 -1.584454067051410675e-02
5.306605100631713867e-01 5.264173150062561035e-01 -2.746783383190631866e-02
5.101080536842346191e-01 6.003324985504150391e-01 3.902413882315158844e-03
5.148537158966064453e-01 6.035365462303161621e-01 -4.582427442073822021e-03
5.139970779418945312e-01 5.977665185928344727e-01 1.428514951840043068e-03
5.326043367385864258e-01 5.165491700172424316e-01 -4.961858317255973816e-02
5.285764932632446289e-01 5.975016355514526367e-01 -1.085697580128908157e-02
5.372269153594970703e-01 5.980694293975830078e-01 -1.662804000079631805e-02
5.469460487365722656e-01 5.987135171890258789e-01 -2.137413993477821350e-02
5.429428219795227051e-01 6.458113193511962891e-01 -8.512048050761222839e-03
5.430987477302551270e-01 6.291254758834838867e-01 -2.266797609627246857e-02
5.433766841888427734e-01 6.185024976730346680e-01 -2.495734766125679016e-02
5.442414879798889160e-01 6.090268492698669434e-01 -2.254601009190082550e-02
5.453621745109558105e-01 6.023123264312744141e-01 -2.062689699232578278e-02
5.256364345550537109e-01 6.005890369415283203e-01 -1.027521956712007523e-02
5.236855745315551758e-01 6.030613780021667480e-01 -1.240968424826860428e-02
5.210415720939636230e-01 6.078941226005554199e-01 -1.419108919799327850e-02
5.186644196510314941e-01 6.140498518943786621e-01 -1.144321169704198837e-02
5.049344897270202637e-01 5.697266459465026855e-01 -1.171696837991476059e-02
4.099462628364562988e-01 4.909774065017700195e-01 1.513932347297668457e-01
5.562095046043395996e-01 5.305445790290832520e-01 -4.562421515583992004e-02
5.200964808464050293e-01 5.999916195869445801e-01 -3.592215478420257568e-03
5.176909565925598145e-01 6.011907458305358887e-01 -4.923695698380470276e-03
5.416998267173767090e-01 5.369632244110107422e-01 -3.194291889667510986e-02
5.224164724349975586e-01 5.327612757682800293e-01 -1.796695590019226074e-02
5.397578477859497070e-01 5.329126715660095215e-01 -3.201202675700187683e-02
5.016750693321228027e-01 4.629769623279571533e-01 -5.235275719314813614e-03
4.797550439834594727e-01 4.767569899559020996e-01 6.425583706004545093e-05
5.142544507980346680e-01 5.108489394187927246e-01 -2.406607195734977722e-02
4.370152950286865234e-01 2.676085829734802246e-01 2.380846627056598663e-02
4.452602565288543701e-01 2.905324399471282959e-01 5.261624231934547424e-03
4.548790454864501953e-01 3.149548172950744629e-01 -8.671374060213565826e-03
5.123080015182495117e-01 6.285760402679443359e-01 -4.786734061781316996e-04
5.156354904174804688e-01 3.189374208450317383e-01 -2.969571016728878021e-02
5.113356709480285645e-01 2.820922732353210449e-01 -2.477358840405941010e-02
5.060580372810363770e-01 2.405906319618225098e-01 -1.747881248593330383e-02
4.585258960723876953e-01 4.167251586914062500e-01 1.534517947584390640e-02
4.283829033374786377e-01 4.370637536048889160e-01 3.689493238925933838e-02
5.150955915451049805e-01 4.083665013313293457e-01 5.888713523745536804e-03
4.399753212928771973e-01 3.831872344017028809e-01 2.177461981773376465e-02
5.239907503128051758e-01 4.377654492855072021e-01 -1.601520366966724396e-02
5.236770510673522949e-01 5.055624842643737793e-01 -4.954756796360015869e-02
4.152516126632690430e-01 4.495862722396850586e-01 5.335257202386856079e-02
4.377672076225280762e-01 4.518502950668334961e-01 2.439619973301887512e-02
4.552648365497589111e-01 4.593102037906646729e-01 1.114902738481760025e-02
4.812204241752624512e-01 4.550599455833435059e-01 4.807602614164352417e-03
5.000921487808227539e-01 4.460956454277038574e-01 8.485396974720060825e-04
5.139061212539672852e-01 4.362563192844390869e-01 -3.487838199362158775e-03
5.409304499626159668e-01 4.110899865627288818e-01 -3.086646087467670441e-02
4.195085763931274414e-01 4.904474914073944092e-01 5.069183558225631714e-02
4.285973608493804932e-01 3.791311383247375488e-01 2.868154831230640411e-02
5.495803952217102051e-01 5.263964533805847168e-01 -6.298226118087768555e-02
5.178722143173217773e-01 4.706892669200897217e-01 -1.615247130393981934e-02
4.016185402870178223e-01 4.081949591636657715e-01 1.376810669898986816e-01
5.240175127983093262e-01 4.250594377517700195e-01 -5.869327113032341003e-03
5.131141543388366699e-01 5.117664337158203125e-01 -1.074313465505838394e-02
4.478434324264526367e-01 3.974493741989135742e-01 2.599630691111087799e-02
5.227966308593750000e-01 4.927928149700164795e-01 -4.484101757407188416e-02
4.167661070823669434e-01 5.360798835754394531e-01 1.466409713029861450e-01
5.150348544120788574e-01 4.003326892852783203e-01 8.929659612476825714e-03
5.318025350570678711e-01 4.809349179267883301e-01 -5.851658433675765991e-02
4.571144580841064453e-01 6.307984590530395508e-01 5.942307412624359131e-02
4.593989253044128418e-01 6.479327082633972168e-01 8.622992038726806641e-02
4.084390997886657715e-01 4.915405511856079102e-01 1.009842008352279663e-01
4.401302039623260498e-01 6.055634021759033203e-01 7.674030959606170654e-02
4.088093638420104980e-01 3.727040290832519531e-01 7.542885094881057739e-02
5.110986828804016113e-01 6.895288825035095215e-01 1.851120218634605408e-02
5.514248013496398926e-01 5.299364328384399414e-01 -4.459866881370544434e-02
5.064314007759094238e-01 4.853897392749786377e-01 -1.061348337680101395e-02
4.158094823360443115e-01 4.111106991767883301e-01 5.704528838396072388e-02
4.696803390979766846e-01 4.089888334274291992e-01 9.507484734058380127e-03
4.815535545349121094e-01 4.107988774776458740e-01 5.770089104771614075e-03
5.117768049240112305e-01 6.071287989616394043e-01 -2.047925256192684174e-03
4.249091744422912598e-01 5.273508429527282715e-01 5.596028640866279602e-02
5.356550812721252441e-01 7.126787304878234863e-01 2.325190603733062744e-02
4.968719482421875000e-01 6.875036358833312988e-01 5.031295120716094971e-02
4.798144102096557617e-01 6.714524626731872559e-01 6.582118570804595947e-02
5.502683520317077637e-01 2.818123698234558105e-01 -2.858541347086429596e-02
5.630978941917419434e-01 7.160209417343139648e-01 1.861782930791378021e-02
4.933504164218902588e-01 4.094129800796508789e-01 4.928077571094036102e-03
5.044257640838623047e-01 4.055682420730590820e-01 6.472715642303228378e-03
5.115923285484313965e-01 4.028777480125427246e-01 9.094612672924995422e-03
4.188300669193267822e-01 3.750921487808227539e-01 4.302794113755226135e-02
5.024562478065490723e-01 3.852226138114929199e-01 3.509051166474819183e-03
4.901590943336486816e-01 3.791271448135375977e-01 1.907417317852377892e-03
4.774738848209381104e-01 3.781216442584991455e-01 2.853378187865018845e-03
4.652550220489501953e-01 3.818513751029968262e-01 6.827766075730323792e-03
4.580886960029602051e-01 3.878928124904632568e-01 1.150215882807970047e-02
4.014599919319152832e-01 3.648304343223571777e-01 1.134405136108398438e-01
4.616235196590423584e-01 4.056060314178466797e-01 1.422235183417797089e-02
5.567818284034729004e-01 5.501421093940734863e-01 -3.265016525983810425e-02
5.163185596466064453e-01 5.593755245208740234e-01 -1.861371472477912903e-02
5.265889763832092285e-01 5.201510787010192871e-01 -3.590577468276023865e-02
5.399362444877624512e-01 5.528565645217895508e-01 -3.111883439123630524e-02
5.531835556030273438e-01 3.777308762073516846e-01 -2.737730555236339569e-02
4.753110408782958984e-01 6.538343429565429688e-01 4.660876467823982239e-02
4.927178025245666504e-01 6.713683605194091797e-01 3.341152146458625793e-02
5.339623093605041504e-01 7.028927803039550781e-01 5.334548186510801315e-03
4.432870447635650635e-01 6.203672885894775391e-01 1.120349764823913574e-01
5.111364126205444336e-01 3.943134546279907227e-01 6.785403005778789520e-03
5.327606797218322754e-01 4.433828890323638916e-01 -3.474795445799827576e-02
5.623894333839416504e-01 7.055110931396484375e-01 1.297055161558091640e-03
5.148765444755554199e-01 7.021609544754028320e-01 3.414434194564819336e-02
4.153532087802886963e-01 5.324638485908508301e-01 9.995983541011810303e-02
5.344961881637573242e-01 6.013160347938537598e-01 -1.596972532570362091e-02
5.325791239738464355e-01 6.059468984603881836e-01 -1.828387938439846039e-02
5.307757854461669922e-01 6.133741140365600586e-01 -2.028154581785202026e-02
5.294661521911621094e-01 6.228905916213989258e-01 -1.791221462190151215e-02
5.259847044944763184e-01 6.386132836341857910e-01 -6.223663222044706345e-03
5.182447433471679688e-01 5.992488861083984375e-01 -5.140929482877254486e-03
5.143008828163146973e-01 5.982295870780944824e-01 -5.124687682837247849e-03
5.104030966758728027e-01 5.957964658737182617e-01 -5.144693423062562943e-03
4.958531856536865234e-01 5.840377211570739746e-01 -2.105011604726314545e-03
4.425116181373596191e-01 5.390866994857788086e-01 2.747157216072082520e-02
5.325400233268737793e-01 4.231444597244262695e-01 -2.256400883197784424e-02
5.245656967163085938e-01 3.844915032386779785e-01 -1.507589826360344887e-03
5.167819857597351074e-01 3.890121579170227051e-01 4.132176283746957779e-03
5.209950208663940430e-01 5.966868996620178223e-01 -3.762422595173120499e-03
4.441867172718048096e-01 5.818870663642883301e-01 4.913337528705596924e-02
5.357737541198730469e-01 3.818004131317138672e-01 -1.825641281902790070e-02
5.188781023025512695e-01 6.557601690292358398e-01 2.436339156702160835e-03
5.540980100631713867e-01 4.488322436809539795e-01 -5.957987532019615173e-02
5.415050983428955078e-01 4.329496622085571289e-01 -4.419920220971107483e-02
5.538709163665771484e-01 4.282872378826141357e-01 -4.774634912610054016e-02
5.254454016685485840e-01 4.749331176280975342e-01 -3.363944217562675476e-02
5.615979433059692383e-01 6.883528828620910645e-01 -7.090379949659109116e-03
5.607602596282958984e-01 6.658290624618530273e-01 -7.872410118579864502e-03
5.390677452087402344e-01 6.652463674545288086e-01 -4.846739582717418671e-03
4.885204434394836426e-01 6.238619089126586914e-01 1.487974356859922409e-02
5.017696022987365723e-01 5.270812511444091797e-01 -6.897381506860256195e-03
5.024445056915283203e-01 6.422079205513000488e-01 9.074786677956581116e-03
4.698133468627929688e-01 5.237439870834350586e-01 -6.564306677319109440e-04
4.894433319568634033e-01 5.456106066703796387e-01 -4.102381877601146698e-03
4.606174826622009277e-01 5.535975098609924316e-01 1.080042868852615356e-02
5.350939631462097168e-01 6.865370273590087891e-01 -2.843643072992563248e-03
5.189738869667053223e-01 4.862850904464721680e-01 -2.354916557669639587e-02
4.779412150382995605e-01 6.360542178153991699e-01 2.933379821479320526e-02
4.954274296760559082e-01 6.553094983100891113e-01 2.095742337405681610e-02
4.773075580596923828e-01 6.020051240921020508e-01 1.585317216813564301e-02
4.307414591312408447e-01 5.584058165550231934e-01 6.152322143316268921e-02
4.611106514930725098e-01 6.032021045684814453e-01 3.016229718923568726e-02
4.247834086418151855e-01 5.703573226928710938e-01 9.498611092567443848e-02
4.804432392120361328e-01 5.699568986892700195e-01 2.937827259302139282e-03
5.254990458488464355e-01 4.567325413227081299e-01 -2.479163371026515961e-02
5.282995700836181641e-01 5.138153433799743652e-01 -5.240179598331451416e-02
5.213053226470947266e-01 5.191713571548461914e-01 -3.720400854945182800e-02
5.320267677307128906e-01 5.009469985961914062e-01 -6.237161532044410706e-02
5.121921300888061523e-01 3.659104108810424805e-01 -6.122304592281579971e-03
4.895288944244384766e-01 3.552175760269165039e-01 -7.296230178326368332e-03
4.705555438995361328e-01 3.542117476463317871e-01 -5.050521343946456909e-03
4.551639556884765625e-01 3.581528663635253906e-01 1.274241018109023571e-03
4.448454976081848145e-01 3.673227727413177490e-01 1.020437292754650116e-02
4.388397336006164551e-01 4.023534059524536133e-01 3.217892348766326904e-02
4.041841626167297363e-01 4.511979520320892334e-01 9.676545858383178711e-02
4.496554434299468994e-01 4.312497079372406006e-01 2.133048884570598602e-02
4.634832143783569336e-01 4.371761977672576904e-01 1.276433560997247696e-02
4.813820123672485352e-01 4.366637468338012695e-01 6.632637232542037964e-03
4.984985589981079102e-01 4.315785169601440430e-01 2.866622526198625565e-03
5.116272568702697754e-01 4.243058264255523682e-01 2.453042427077889442e-03
5.205276608467102051e-01 4.172648787498474121e-01 9.317251387983560562e-04
4.057067036628723145e-01 4.490208625793457031e-01 1.491440832614898682e-01
5.221959352493286133e-01 5.240360498428344727e-01 -3.031609766185283661e-02
5.331519842147827148e-01 4.615470170974731445e-01 -4.475545883178710938e-02
5.362796783447265625e-01 5.145455002784729004e-01 -6.310850381851196289e-02
5.438571572303771973e-01 5.230844616889953613e-01 -5.747187882661819458e-02
5.369982719421386719e-01 5.171844363212585449e-01 -5.640694126486778259e-02
5.262303352355957031e-01 5.295972228050231934e-01 -2.565552107989788055e-02
5.458627939224243164e-01 5.250315666198730469e-01 -6.101334467530250549e-02
5.476945042610168457e-01 5.286106467247009277e-01 -4.474117606878280640e-02
5.197955965995788574e-01 4.016593694686889648e-01 6.891778670251369476e-03
5.274646878242492676e-01 4.058573246002197266e-01 -1.191819901578128338e-03
5.314766168594360352e-01 4.088436961174011230e-01 -9.996077977120876312e-03
4.542600810527801514e-01 3.923331499099731445e-01 1.647257618606090546e-02
4.478909671306610107e-01 3.856966495513916016e-01 1.724051684141159058e-02
5.656937956809997559e-01 4.513821005821228027e-01 -5.533814802765846252e-02
6.523808836936950684e-01 3.921940922737121582e-01 1.250231266021728516e-02
5.672565102577209473e-01 5.249155163764953613e-01 -4.541501402854919434e-02
7.030206918716430664e-01 3.150340318679809570e-01 7.455124706029891968e-02
6.134085655212402344e-01 4.136925935745239258e-01 -8.551044156774878502e-04
6.273167133331298828e-01 4.141624569892883301e-01 1.576217764522880316e-04
6.404036283493041992e-01 4.121840000152587891e-01 3.912286832928657532e-03
6.570317745208740234e-01 3.991961479187011719e-01 1.507297810167074203e-02
6.015169620513916016e-01 4.092946052551269531e-01 1.411673612892627716e-03
6.298550963401794434e-01 3.595656156539916992e-01 -6.564410869032144547e-03
6.149488091468811035e-01 3.619890511035919189e-01 -6.442829500883817673e-03
6.435578465461730957e-01 3.621931076049804688e-01 -1.954521751031279564e-03
6.530973911285400391e-01 3.689514100551605225e-01 3.376320470124483109e-03
6.687892079353332520e-01 4.120447039604187012e-01 2.231472730636596680e-02
6.108800172805786133e-01 6.702541708946228027e-01 6.760620977729558945e-03
6.570302248001098633e-01 3.862508833408355713e-01 1.697925105690956116e-02
7.110168933868408203e-01 3.972280323505401611e-01 8.219835162162780762e-02
6.841810345649719238e-01 3.958813250064849854e-01 3.564915806055068970e-02
6.233437061309814453e-01 4.953493773937225342e-01 -1.063246373087167740e-02
5.723324418067932129e-01 5.777018666267395020e-01 -3.511134535074234009e-02
5.704603791236877441e-01 5.958779454231262207e-01 -2.786272577941417694e-02
5.881277322769165039e-01 5.827803611755371094e-01 -2.752717398107051849e-02
5.984029173851013184e-01 5.889406800270080566e-01 -1.857430860400199890e-02
5.816313624382019043e-01 5.965037941932678223e-01 -2.342307753860950470e-02
5.906320214271545410e-01 5.972309112548828125e-01 -1.506710890680551529e-02
6.176884174346923828e-01 6.137205958366394043e-01 2.642916981130838394e-03
5.661917328834533691e-01 5.163516998291015625e-01 -7.028093189001083374e-02
5.674893856048583984e-01 4.972602725028991699e-01 -7.513877004384994507e-02
6.742131710052490234e-01 3.445441126823425293e-01 7.954414002597332001e-03
5.954509377479553223e-01 4.474027156829833984e-01 -1.294420100748538971e-02
5.955144762992858887e-01 5.100594162940979004e-01 -3.776827082037925720e-02
5.966107845306396484e-01 4.993027448654174805e-01 -3.413726761937141418e-02
6.650575399398803711e-01 4.902914166450500488e-01 5.802703555673360825e-03
5.665853619575500488e-01 4.725217223167419434e-01 -6.772144883871078491e-02
6.423300504684448242e-01 3.232687711715698242e-01 -1.464011706411838531e-02
6.607951521873474121e-01 3.299687504768371582e-01 -4.142619203776121140e-03
6.882393360137939453e-01 2.818447947502136230e-01 4.650307074189186096e-02
5.827397108078002930e-01 3.425940871238708496e-01 -2.506435289978981018e-02
6.023123264312744141e-01 3.700528442859649658e-01 -2.217531902715563774e-03
6.270200610160827637e-01 5.961403250694274902e-01 4.870513454079627991e-03
6.989035606384277344e-01 5.728735923767089844e-01 1.264307051897048950e-01
5.860682725906372070e-01 5.210290551185607910e-01 -3.200412914156913757e-02
5.756871700286865234e-01 5.272091031074523926e-01 -3.213323652744293213e-02
6.109008789062500000e-01 5.980985164642333984e-01 2.863233676180243492e-03
6.049221158027648926e-01 5.967724919319152832e-01 -1.085114898160099983e-03
6.685914397239685059e-01 3.165917396545410156e-01 1.375739928334951401e-03
5.959699153900146484e-01 5.186108350753784180e-01 -2.988710440695285797e-02
6.171803474426269531e-01 3.253152370452880859e-01 -2.205104380846023560e-02
6.194010376930236816e-01 3.093573749065399170e-01 -2.554817870259284973e-02
6.301530599594116211e-01 2.414779365062713623e-01 -6.350077688694000244e-03
6.787083148956298828e-01 2.991975545883178711e-01 1.994863897562026978e-02
6.234710812568664551e-01 2.757968604564666748e-01 -1.731541939079761505e-02
6.830136775970458984e-01 3.351600766181945801e-01 1.918756589293479919e-02
6.933405399322509766e-01 3.264198899269104004e-01 4.435317963361740112e-02
5.716483592987060547e-01 5.886440277099609375e-01 -3.307672217488288879e-02
5.843577384948730469e-01 5.914270281791687012e-01 -2.627723477780818939e-02
5.945212244987487793e-01 5.934520959854125977e-01 -1.799033768475055695e-02
5.827675461769104004e-01 5.246043801307678223e-01 -2.861347049474716187e-02
6.076455116271972656e-01 5.977818369865417480e-01 7.794222328811883926e-04
6.027630567550659180e-01 6.011272072792053223e-01 -7.195044308900833130e-03
6.036577224731445312e-01 5.954333543777465820e-01 -1.341299619525671005e-03
5.794638395309448242e-01 5.147036910057067871e-01 -5.098912492394447327e-02
5.882145166397094727e-01 5.958517789840698242e-01 -1.281219441443681717e-02
5.791989564895629883e-01 5.969547629356384277e-01 -1.796106435358524323e-02
5.690477490425109863e-01 5.980380773544311523e-01 -2.207600325345993042e-02
5.769594907760620117e-01 6.447957754135131836e-01 -9.203063324093818665e-03
5.746591091156005859e-01 6.282909512519836426e-01 -2.339871786534786224e-02
5.734436511993408203e-01 6.176652312278747559e-01 -2.555625326931476593e-02
5.720777511596679688e-01 6.082319617271423340e-01 -2.333059720695018768e-02
5.707163810729980469e-01 6.016446352005004883e-01 -2.134721539914608002e-02
5.914487838745117188e-01 5.986102819442749023e-01 -1.222199294716119766e-02
5.933926105499267578e-01 6.009907126426696777e-01 -1.426833774894475937e-02
5.963106155395507812e-01 6.057568192481994629e-01 -1.623210497200489044e-02
5.991975665092468262e-01 6.118662357330322266e-01 -1.360781770199537277e-02
6.108476519584655762e-01 5.659939646720886230e-01 -1.455539558082818985e-02
7.126757502555847168e-01 4.783100783824920654e-01 1.426327675580978394e-01
5.973651409149169922e-01 5.977641344070434570e-01 -5.970156751573085785e-03
5.997409224510192871e-01 5.989311337471008301e-01 -7.357867900282144547e-03
5.718258023262023926e-01 5.359163284301757812e-01 -3.258780762553215027e-02
5.918028354644775391e-01 5.303668975830078125e-01 -1.956827938556671143e-02
5.735978484153747559e-01 5.317313075065612793e-01 -3.264704719185829163e-02
6.100232601165771484e-01 4.581172168254852295e-01 -8.356343023478984833e-03
6.328703165054321289e-01 4.699271917343139648e-01 -4.188640043139457703e-03
5.988201498985290527e-01 5.077098608016967773e-01 -2.631142362952232361e-02
6.652523875236511230e-01 2.564169466495513916e-01 1.773161068558692932e-02
6.567960977554321289e-01 2.811828553676605225e-01 -1.750291121425107121e-04
6.473129987716674805e-01 3.073408603668212891e-01 -1.365300081670284271e-02
6.076300740242004395e-01 6.257541179656982422e-01 -3.117181360721588135e-03
5.863475799560546875e-01 3.162900209426879883e-01 -3.141257539391517639e-02
5.889989733695983887e-01 2.784776091575622559e-01 -2.666125819087028503e-02
5.927417874336242676e-01 2.362086772918701172e-01 -1.964093558490276337e-02
6.511705517768859863e-01 4.073265790939331055e-01 9.750901721417903900e-03
6.842606067657470703e-01 4.254534244537353516e-01 2.981994114816188812e-02
5.937693715095520020e-01 4.043558835983276367e-01 3.367057302966713905e-03
6.681489944458007812e-01 3.732036352157592773e-01 1.519005186855792999e-02
5.857332944869995117e-01 4.350122511386871338e-01 -1.782660372555255890e-02
5.878689289093017578e-01 5.029971599578857422e-01 -5.113951861858367920e-02
6.993063688278198242e-01 4.369300007820129395e-01 4.518346488475799561e-02
6.748789548873901367e-01 4.409595429897308350e-01 1.778476685285568237e-02
6.570786833763122559e-01 4.500240683555603027e-01 5.408655386418104172e-03
6.304866075515747070e-01 4.481455683708190918e-01 4.299962311051785946e-04
6.109514832496643066e-01 4.409309327602386475e-01 -2.486559329554438591e-03
5.963588953018188477e-01 4.323693215847015381e-01 -5.882887169718742371e-03
5.668406486511230469e-01 4.099500179290771484e-01 -3.165437281131744385e-02
6.972694993019104004e-01 4.785219430923461914e-01 4.252183064818382263e-02
6.800879836082458496e-01 3.680933713912963867e-01 2.177916467189788818e-02
5.620993971824645996e-01 5.259539484977722168e-01 -6.330250203609466553e-02
5.936340093612670898e-01 4.674161672592163086e-01 -1.840828545391559601e-02
7.156238555908203125e-01 3.938740491867065430e-01 1.284303516149520874e-01
5.854772925376892090e-01 4.222600162029266357e-01 -7.869658060371875763e-03
6.004910469055175781e-01 5.084183812141418457e-01 -1.311175152659416199e-02
6.610108017921447754e-01 3.874894380569458008e-01 1.980693265795707703e-02
5.884374976158142090e-01 4.900518953800201416e-01 -4.650005698204040527e-02
7.084966897964477539e-01 5.246582627296447754e-01 1.383488774299621582e-01
5.935088396072387695e-01 3.964052796363830566e-01 6.263326853513717651e-03
5.780667066574096680e-01 4.789772629737854004e-01 -5.969070643186569214e-02
6.681975126266479492e-01 6.236954927444458008e-01 5.371956154704093933e-02
6.687027812004089355e-01 6.413965225219726562e-01 8.035474270582199097e-02
7.113429307937622070e-01 4.788029789924621582e-01 9.227009117603302002e-02
6.851474642753601074e-01 5.968869924545288086e-01 7.003458589315414429e-02
7.026916742324829102e-01 3.591581583023071289e-01 6.714400649070739746e-02
6.143336296081542969e-01 6.866877079010009766e-01 1.590266637504100800e-02
5.610188841819763184e-01 5.295490026473999023e-01 -4.480945318937301636e-02
6.061487793922424316e-01 4.812326729297637939e-01 -1.330418884754180908e-02
6.967262029647827148e-01 3.984000384807586670e-01 4.912012815475463867e-02
6.390581130981445312e-01 4.004190564155578613e-01 4.566757474094629288e-03
6.273699998855590820e-01 4.033327698707580566e-01 1.446374226361513138e-03
6.061936616897583008e-01 6.045506596565246582e-01 -4.728886764496564865e-03
6.943316459655761719e-01 5.164382457733154297e-01 4.833123460412025452e-02
5.906675457954406738e-01 7.114162445068359375e-01 2.174231410026550293e-02
6.305640339851379395e-01 6.841702461242675781e-01 4.663155600428581238e-02
6.481419801712036133e-01 6.668046116828918457e-01 6.109267473220825195e-02
6.155732274055480957e-01 4.030503630638122559e-01 1.166932866908609867e-03
6.043899655342102051e-01 4.003861546516418457e-01 3.312987275421619415e-03
5.971507430076599121e-01 3.985772132873535156e-01 6.253485567867755890e-03
6.906614899635314941e-01 3.630433678627014160e-01 3.539700433611869812e-02
6.051342487335205078e-01 3.801289796829223633e-01 4.167927254457026720e-04
6.169155240058898926e-01 3.728578388690948486e-01 -1.786819426342844963e-03
6.292284727096557617e-01 3.707750141620635986e-01 -1.253964379429817200e-03
6.416654586791992188e-01 3.734252452850341797e-01 1.912024221383035183e-03
6.492641568183898926e-01 3.787281811237335205e-01 6.194986402988433838e-03
7.117761373519897461e-01 3.501830697059631348e-01 1.045242175459861755e-01
6.469839811325073242e-01 3.962733745574951172e-01 8.915126323699951172e-03
5.987382531166076660e-01 5.564840435981750488e-01 -2.069526351988315582e-02
5.863384604454040527e-01 5.178948044776916504e-01 -3.715315088629722595e-02
5.738768577575683594e-01 5.516774654388427734e-01 -3.186393901705741882e-02
6.502782106399536133e-01 6.486554741859436035e-01 4.197758808732032776e-02
6.329506635665893555e-01 6.676687002182006836e-01 2.987281605601310730e-02
5.909445285797119141e-01 7.013785839080810547e-01 3.915399312973022461e-03
6.849411129951477051e-01 6.121718883514404297e-01 1.050702854990959167e-01
5.970178842544555664e-01 3.900721073150634766e-01 3.866418031975626945e-03
5.762688517570495605e-01 4.414967000484466553e-01 -3.599083051085472107e-02
6.120843887329101562e-01 6.997255086898803711e-01 3.135847300291061401e-02
7.070008516311645508e-01 5.208731889724731445e-01 9.175688028335571289e-02
5.820171833038330078e-01 5.999355912208557129e-01 -1.744398847222328186e-02
5.840803980827331543e-01 6.043826937675476074e-01 -1.966012082993984222e-02
5.862507224082946777e-01 6.117027401924133301e-01 -2.183124609291553497e-02
5.883649587631225586e-01 6.212260127067565918e-01 -1.965822651982307434e-02
5.940576791763305664e-01 6.367049813270568848e-01 -8.088400587439537048e-03
5.988965034484863281e-01 5.970737934112548828e-01 -7.479755673557519913e-03
6.027631759643554688e-01 5.958460569381713867e-01 -7.732678670436143875e-03
6.065871119499206543e-01 5.930807590484619141e-01 -8.084672503173351288e-03
6.210168004035949707e-01 5.797544717788696289e-01 -5.647413898259401321e-03
6.754550337791442871e-01 5.294685363769531250e-01 2.118683420121669769e-02
5.761166214942932129e-01 4.211720526218414307e-01 -2.374414913356304169e-02
5.828114748001098633e-01 3.818498253822326660e-01 -3.071178914979100227e-03
5.909556746482849121e-01 3.853450715541839600e-01 1.606867299415171146e-03
5.962459444999694824e-01 5.946360826492309570e-01 -6.232995539903640747e-03
6.774907708168029785e-01 5.731314420700073242e-01 4.289277270436286926e-02
5.710105895996093750e-01 3.802676498889923096e-01 -1.932169310748577118e-02
6.032084822654724121e-01 6.533712148666381836e-01 4.537970526143908501e-04
5.665974617004394531e-01 4.319251179695129395e-01 -4.488161578774452209e-02
5.852705836296081543e-01 4.724056124687194824e-01 -3.521929681301116943e-02
5.826964378356933594e-01 6.641492843627929688e-01 -5.834304727613925934e-03
6.324095129966735840e-01 6.192834973335266113e-01 1.121238153427839279e-02
6.126496791839599609e-01 5.226504802703857422e-01 -9.612546302378177643e-03
6.193637847900390625e-01 6.388650536537170410e-01 6.145563907921314240e-03
6.452731490135192871e-01 5.163913369178771973e-01 -5.174514371901750565e-03
6.258391737937927246e-01 5.401369333267211914e-01 -7.573217619210481644e-03
6.568613052368164062e-01 5.457466244697570801e-01 5.620437674224376678e-03
5.882554054260253906e-01 6.850134730339050293e-01 -4.059651400893926620e-03
5.930401682853698730e-01 4.832470715045928955e-01 -2.547835558652877808e-02
6.450685262680053711e-01 6.306728124618530273e-01 2.498836256563663483e-02
6.282595992088317871e-01 6.515052914619445801e-01 1.773309707641601562e-02
6.423621773719787598e-01 5.962326526641845703e-01 1.144897285848855972e-02
6.905897855758666992e-01 5.482944250106811523e-01 5.436450615525245667e-02
6.602957844734191895e-01 5.960563421249389648e-01 2.500264532864093781e-02
6.996964216232299805e-01 5.600023269653320312e-01 8.725739270448684692e-02
6.365767717361450195e-01 5.640021562576293945e-01 -9.857586119323968887e-04
5.847490429878234863e-01 4.541345536708831787e-01 -2.650925330817699432e-02
5.836006402969360352e-01 5.116955041885375977e-01 -5.384491756558418274e-02
5.915574431419372559e-01 5.164489746093750000e-01 -3.891504928469657898e-02
5.784758329391479492e-01 4.990436136722564697e-01 -6.317572295665740967e-02
5.936084985733032227e-01 3.623408079147338867e-01 -8.306328207254409790e-03
6.154286861419677734e-01 3.497251272201538086e-01 -1.073800306767225266e-02
6.345490217208862305e-01 3.470109403133392334e-01 -9.692037478089332581e-03
6.503844857215881348e-01 3.498108983039855957e-01 -4.253201652318239212e-03
6.616786718368530273e-01 3.579523563385009766e-01 4.075223580002784729e-03
6.710269451141357422e-01 3.917666971683502197e-01 2.556369267404079437e-02
7.132556438446044922e-01 4.375930726528167725e-01 8.772858977317810059e-02
6.613649129867553711e-01 4.212862849235534668e-01 1.518165972083806992e-02
6.476604938507080078e-01 4.284662604331970215e-01 7.542833220213651657e-03
6.293538808822631836e-01 4.295932650566101074e-01 2.238368149846792221e-03
6.117857694625854492e-01 4.260034561157226562e-01 -6.331591284833848476e-04
5.982921719551086426e-01 4.200998246669769287e-01 -2.166599733754992485e-04
5.888325572013854980e-01 4.139726758003234863e-01 -1.259205164387822151e-03
7.144535183906555176e-01 4.355698525905609131e-01 1.400106251239776611e-01
5.911195278167724609e-01 5.216534137725830078e-01 -3.191245719790458679e-02
5.762696862220764160e-01 4.597399234771728516e-01 -4.598177969455718994e-02
5.749757289886474609e-01 5.129860639572143555e-01 -6.411665678024291992e-02
5.680058598518371582e-01 5.222569108009338379e-01 -5.802117660641670227e-02
5.747581124305725098e-01 5.157328844070434570e-01 -5.739538744091987610e-02
5.875706076622009277e-01 5.275836586952209473e-01 -2.706016413867473602e-02
5.659613609313964844e-01 5.243029594421386719e-01 -6.148105487227439880e-02
5.648655295372009277e-01 5.280988812446594238e-01 -4.509483650326728821e-02
5.887892246246337891e-01 3.982844948768615723e-01 4.597398452460765839e-03
5.812094807624816895e-01 4.032727479934692383e-01 -2.969662658870220184e-03
5.770169496536254883e-01 4.067559242248535156e-01 -1.135365944355726242e-02
6.536519527435302734e-01 3.827301263809204102e-01 1.099757198244333267e-02
6.600400805473327637e-01 3.760614693164825439e-01 1.135762222111225128e-02
