2.357152998447418213e-01 8.040921688079833984e-01 -3.742478042840957642e-02
2.331677675247192383e-01 7.497196793556213379e-01 -6.598609685897827148e-02
2.351271510124206543e-01 7.670722603797912598e-01 -3.491206467151641846e-02
2.225783467292785645e-01 6.894692778587341309e-01 -4.750213027000427246e-02
2.326610237360000610e-01 7.312095761299133301e-01 -7.007728517055511475e-02
2.327884882688522339e-01 7.067614197731018066e-01 -6.466508656740188599e-02
2.341794669628143311e-01 6.476194858551025391e-01 -2.984431385993957520e-02
1.445350348949432373e-01 6.409039497375488281e-01 2.583141252398490906e-02
2.343732416629791260e-01 5.976608991622924805e-01 -2.043283917009830475e-02
2.339566797018051147e-01 5.721436738967895508e-01 -2.262789756059646606e-02
2.338019758462905884e-01 4.860115647315979004e-01 -7.777387276291847229e-03
2.359045445919036865e-01 8.127524256706237793e-01 -3.587508946657180786e-02
2.361544221639633179e-01 8.199895024299621582e-01 -3.147362172603607178e-02
2.366254776716232300e-01 8.234947919845581055e-01 -2.582274749875068665e-02
2.368308156728744507e-01 8.280825614929199219e-01 -2.376658655703067780e-02
2.368187010288238525e-01 8.357896208763122559e-01 -2.572565898299217224e-02
2.369264662265777588e-01 8.455885648727416992e-01 -2.816283330321311951e-02
2.372636049985885620e-01 8.552265763282775879e-01 -2.611870877444744110e-02
2.382481545209884644e-01 8.700200915336608887e-01 -1.405680179595947266e-02
2.337866723537445068e-01 7.589347362518310547e-01 -5.970289558172225952e-02
2.238638699054718018e-01 7.579028010368347168e-01 -4.204031825065612793e-02
1.045806854963302612e-01 5.681737065315246582e-01 9.162723273038864136e-02
1.813313066959381104e-01 6.578680276870727539e-01 9.504629299044609070e-03
1.688138842582702637e-01 6.591627597808837891e-01 1.155553292483091354e-02
1.568508744239807129e-01 6.580618619918823242e-01 1.620614528656005859e-02
1.409153789281845093e-01 6.467796564102172852e-01 2.817632630467414856e-02
1.917139589786529541e-01 6.532915830612182617e-01 1.035937480628490448e-02
1.635637432336807251e-01 6.087316274642944336e-01 7.104988209903240204e-03
1.772770583629608154e-01 6.108651161193847656e-01 5.773523356765508652e-03
1.509002596139907837e-01 6.108397841453552246e-01 1.232584752142429352e-02
1.426336467266082764e-01 6.171168088912963867e-01 1.795446872711181641e-02
1.319249719381332397e-01 6.583049893379211426e-01 3.517549112439155579e-02
1.943223029375076294e-01 8.943309783935546875e-01 2.606821712106466293e-03
1.402366459369659424e-01 6.357500553131103516e-01 3.056884929537773132e-02
9.976880252361297607e-02 6.459245681762695312e-01 9.474665671586990356e-02
1.188808679580688477e-01 6.436539292335510254e-01 4.933676868677139282e-02
1.742438822984695435e-01 7.325740456581115723e-01 -3.405040130019187927e-03
2.214659154415130615e-01 8.022101521492004395e-01 -3.437313064932823181e-02
2.246345728635787964e-01 8.204638957977294922e-01 -2.872953005135059357e-02
2.073277384042739868e-01 8.096438050270080566e-01 -2.623070590198040009e-02
1.990993022918701172e-01 8.180571198463439941e-01 -1.749960891902446747e-02
2.148268818855285645e-01 8.227972388267517090e-01 -2.349966391921043396e-02
2.074666917324066162e-01 8.257430195808410645e-01 -1.528175827115774155e-02
1.851456165313720703e-01 8.444123864173889160e-01 1.389844925142824650e-03
2.232482582330703735e-01 7.494075298309326172e-01 -6.429427862167358398e-02
2.208700776100158691e-01 7.317114472389221191e-01 -6.780213862657546997e-02
1.240086555480957031e-01 5.940616130828857422e-01 2.512237615883350372e-02
1.979971379041671753e-01 6.874498128890991211e-01 -5.811656359583139420e-03
1.973952203989028931e-01 7.455201745033264160e-01 -3.141202032566070557e-02
1.964015960693359375e-01 7.355473041534423828e-01 -2.750663645565509796e-02
1.376833319664001465e-01 7.300896644592285156e-01 1.590289175510406494e-02
2.215113788843154907e-01 7.089270353317260742e-01 -5.976238846778869629e-02
1.505966484546661377e-01 5.750717520713806152e-01 1.031153020448982716e-03
1.345480978488922119e-01 5.807669162750244141e-01 1.280505396425724030e-02
1.142154484987258911e-01 5.367391109466552734e-01 6.594242155551910400e-02
2.053369283676147461e-01 5.927978754043579102e-01 -1.446317788213491440e-02
1.892782300710678101e-01 6.177881360054016113e-01 8.284063078463077545e-03
1.757698506116867065e-01 8.289953470230102539e-01 5.499944556504487991e-03
1.205103546380996704e-01 8.083523511886596680e-01 1.242894157767295837e-01
2.070804685354232788e-01 7.554881572723388672e-01 -2.775990962982177734e-02
2.169907093048095703e-01 7.602924704551696777e-01 -2.978558652102947235e-02
1.908384263515472412e-01 8.305678963661193848e-01 2.361759077757596970e-03
1.968713998794555664e-01 8.287966251373291016e-01 -1.886397134512662888e-03
1.278428137302398682e-01 5.679029226303100586e-01 1.940058171749114990e-02
1.980113685131072998e-01 7.533792257308959961e-01 -2.474084123969078064e-02
1.731029152870178223e-01 5.775395035743713379e-01 -8.561874739825725555e-03
1.705465018749237061e-01 5.623648166656494141e-01 -1.066747400909662247e-02
1.603215783834457397e-01 4.958124756813049316e-01 1.357573922723531723e-02
1.207176744937896729e-01 5.522019863128662109e-01 3.896597400307655334e-02
1.666051745414733887e-01 5.289198160171508789e-01 2.928273461293429136e-04
1.168884783983230591e-01 5.854390859603881836e-01 3.678063303232192993e-02
1.104277074337005615e-01 5.779968500137329102e-01 6.200833991169929504e-02
2.226780205965042114e-01 8.125798106193542480e-01 -3.309812024235725403e-02
2.113045006990432739e-01 8.176195621490478516e-01 -2.564473636448383331e-02
2.031142562627792358e-01 8.222742676734924316e-01 -1.757854409515857697e-02
2.104363739490509033e-01 7.585599422454833984e-01 -2.519046328961849213e-02
1.940257549285888672e-01 8.301088213920593262e-01 1.694604579824954271e-04
1.981169879436492920e-01 8.321418762207031250e-01 -8.004920557141304016e-03
1.981085538864135742e-01 8.271580338478088379e-01 -2.243550727143883705e-03
2.117948830127716064e-01 7.494754195213317871e-01 -4.475656151771545410e-02
2.104248106479644775e-01 8.248322606086730957e-01 -1.349292043596506119e-02
2.178509533405303955e-01 8.239029049873352051e-01 -1.886459067463874817e-02
2.266702055931091309e-01 8.234919309616088867e-01 -2.350476011633872986e-02
2.229893356561660767e-01 8.695930838584899902e-01 -1.283607166260480881e-02
2.230017781257629395e-01 8.541569709777832031e-01 -2.456410229206085205e-02
2.234534025192260742e-01 8.438009023666381836e-01 -2.605642378330230713e-02
2.244049608707427979e-01 8.344286680221557617e-01 -2.343117259442806244e-02
2.255968898534774780e-01 8.281258940696716309e-01 -2.151533588767051697e-02
2.083303779363632202e-01 8.281260728836059570e-01 -1.242076046764850616e-02
2.063454538583755493e-01 8.304987549781799316e-01 -1.453275419771671295e-02
2.034356445074081421e-01 8.353309631347656250e-01 -1.654122397303581238e-02
2.008399963378906250e-01 8.413158059120178223e-01 -1.438382547348737717e-02
1.872380971908569336e-01 7.977361083030700684e-01 -1.250281836837530136e-02
1.053579896688461304e-01 7.211611270904541016e-01 1.458003818988800049e-01
2.344561219215393066e-01 7.620739340782165527e-01 -4.343641921877861023e-02
2.036302238702774048e-01 8.282096982002258301e-01 -6.857841275632381439e-03
2.011627256870269775e-01 8.295698165893554688e-01 -8.087113499641418457e-03
2.208057940006256104e-01 7.675424218177795410e-01 -3.062252514064311981e-02
2.026981860399246216e-01 7.639312148094177246e-01 -1.648121140897274017e-02
2.189896404743194580e-01 7.641765475273132324e-01 -3.045622259378433228e-02
1.854960322380065918e-01 6.978676319122314453e-01 -6.594479200430214405e-04
1.652507781982421875e-01 7.096460461616516113e-01 4.696598742157220840e-03
1.952237188816070557e-01 7.433357238769531250e-01 -2.048709802329540253e-02
1.314351409673690796e-01 5.121189355850219727e-01 3.832092136144638062e-02
1.381595134735107422e-01 5.347424745559692383e-01 1.882262527942657471e-02
1.458408832550048828e-01 5.600377917289733887e-01 3.540373872965574265e-03
1.947834640741348267e-01 8.541018366813659668e-01 -5.007955245673656464e-03
2.007412463426589966e-01 5.682657361030578613e-01 -1.901147142052650452e-02
1.975387930870056152e-01 5.294724702835083008e-01 -1.145656127482652664e-02
1.934842169284820557e-01 4.883755743503570557e-01 -2.297379076480865479e-03
1.466875374317169189e-01 6.541622281074523926e-01 2.258020639419555664e-02
1.194520592689514160e-01 6.710482835769653320e-01 4.266354069113731384e-02
1.983005702495574951e-01 6.484661102294921875e-01 1.177487242966890335e-02
1.303284168243408203e-01 6.212916374206542969e-01 3.034629113972187042e-02
2.061899602413177490e-01 6.756694316864013672e-01 -1.061163470149040222e-02
2.033953219652175903e-01 7.386738657951354980e-01 -4.402958601713180542e-02
1.076314747333526611e-01 6.822214126586914062e-01 5.775385722517967224e-02
1.273614466190338135e-01 6.851553916931152344e-01 3.015840612351894379e-02
1.430909633636474609e-01 6.928460001945495605e-01 1.689166761934757233e-02
1.669462025165557861e-01 6.898466944694519043e-01 9.882135316729545593e-03
1.843344867229461670e-01 6.823211312294006348e-01 5.707240197807550430e-03
1.970632821321487427e-01 6.738328337669372559e-01 1.560714212246239185e-03
2.221608757972717285e-01 6.522059440612792969e-01 -2.408605627715587616e-02
1.106884330511093140e-01 7.207429409027099609e-01 5.329932272434234619e-02
1.207379698753356934e-01 6.170848608016967773e-01 3.742785751819610596e-02
2.278917282819747925e-01 7.581943869590759277e-01 -5.850005894899368286e-02
1.997290849685668945e-01 7.058610320091247559e-01 -1.167372986674308777e-02
9.965188801288604736e-02 6.429431438446044922e-01 1.381354629993438721e-01
2.064393609762191772e-01 6.641254425048828125e-01 -6.104271160438656807e-04
1.946636140346527100e-01 7.441882491111755371e-01 -8.328618481755256653e-03
1.366331577301025391e-01 6.356776952743530273e-01 3.339654952287673950e-02
2.028335481882095337e-01 7.266345024108886719e-01 -3.918151557445526123e-02
1.106555461883544922e-01 7.636927962303161621e-01 1.388288587331771851e-01
1.983183622360229492e-01 6.415684223175048828e-01 1.515203528106212616e-02
2.115431278944015503e-01 7.155560851097106934e-01 -5.168681964278221130e-02
1.439144313335418701e-01 8.547997474670410156e-01 5.248431488871574402e-02
1.461821496486663818e-01 8.714511394500732422e-01 7.589142024517059326e-02
1.019385904073715210e-01 7.214319705963134766e-01 9.968240559101104736e-02
1.289848387241363525e-01 8.303693532943725586e-01 7.040473073720932007e-02
1.047952324151992798e-01 6.096857786178588867e-01 8.213707059621810913e-02
1.923253983259201050e-01 9.101169109344482422e-01 1.040452532470226288e-02
2.298831492662429810e-01 7.615042328834533691e-01 -4.227856919169425964e-02
1.893343329429626465e-01 7.190458774566650391e-01 -6.670132745057344437e-03
1.092160344123840332e-01 6.464760303497314453e-01 6.285323202610015869e-02
1.569883823394775391e-01 6.475034356117248535e-01 1.710916124284267426e-02
1.680528223514556885e-01 6.493938565254211426e-01 1.323707960546016693e-02
1.948728263378143311e-01 8.356699943542480469e-01 -5.728787276893854141e-03
1.153763234615325928e-01 7.559457421302795410e-01 5.595789104700088501e-02
2.149384170770645142e-01 9.333279132843017578e-01 1.259455364197492599e-02
1.793191283941268921e-01 9.092550277709960938e-01 3.990993648767471313e-02
1.640139818191528320e-01 8.941396474838256836e-01 5.539638921618461609e-02
2.337075471878051758e-01 5.300060510635375977e-01 -1.664371602237224579e-02
2.405442893505096436e-01 9.374777078628540039e-01 7.043090183287858963e-03
1.787441968917846680e-01 6.484313011169433594e-01 1.196162309497594833e-02
1.886551380157470703e-01 6.454460024833679199e-01 1.304900087416172028e-02
1.951358914375305176e-01 6.434181332588195801e-01 1.539606228470802307e-02
1.125401258468627930e-01 6.127130985260009766e-01 5.116054788231849670e-02
1.874115020036697388e-01 6.303662657737731934e-01 1.093812286853790283e-02
1.764405071735382080e-01 6.257895827293395996e-01 9.943703189492225647e-03
1.651391088962554932e-01 6.243795752525329590e-01 1.135149598121643066e-02
1.540350317955017090e-01 6.264590024948120117e-01 1.539341732859611511e-02
1.470634639263153076e-01 6.303415894508361816e-01 1.994612067937850952e-02
9.987236559391021729e-02 6.017125248908996582e-01 1.180870458483695984e-01
1.495880782604217529e-01 6.443727016448974609e-01 2.188261412084102631e-02
2.354578375816345215e-01 7.781544923782348633e-01 -3.270918130874633789e-02
1.971843540668487549e-01 7.877452969551086426e-01 -1.853805221617221832e-02
2.063936591148376465e-01 7.527247667312622070e-01 -3.213511407375335693e-02
2.193579673767089844e-01 7.807312011718750000e-01 -3.055606782436370850e-02
2.347194403409957886e-01 6.224765181541442871e-01 -2.050699479877948761e-02
1.600310206413269043e-01 8.768467307090759277e-01 3.853091970086097717e-02
1.755486875772476196e-01 8.934018611907958984e-01 2.505817823112010956e-02
2.132348120212554932e-01 9.230222105979919434e-01 -2.955472096800804138e-03
1.324853003025054932e-01 8.448100090026855469e-01 1.015047058463096619e-01
1.949387490749359131e-01 6.370222568511962891e-01 1.348144374787807465e-02
2.139039337635040283e-01 6.811010837554931641e-01 -2.843831479549407959e-02
2.395426183938980103e-01 9.265937805175781250e-01 -7.938591763377189636e-03
1.957185566425323486e-01 9.229767918586730957e-01 2.400370314717292786e-02
1.076803356409072876e-01 7.603253126144409180e-01 9.646411985158920288e-02
2.160481363534927368e-01 8.276987671852111816e-01 -1.722299307584762573e-02
2.140932232141494751e-01 8.322520852088928223e-01 -1.955904625356197357e-02
2.120486944913864136e-01 8.395485877990722656e-01 -2.182584814727306366e-02
2.105478644371032715e-01 8.487838506698608398e-01 -2.024064399302005768e-02
2.073910683393478394e-01 8.631193637847900391e-01 -1.056348625570535660e-02
2.012417614459991455e-01 8.279247879981994629e-01 -8.183592930436134338e-03
1.971118301153182983e-01 8.269906640052795410e-01 -7.878107950091362000e-03
1.931704580783843994e-01 8.245975375175476074e-01 -7.647503167390823364e-03
1.795614659786224365e-01 8.124618530273437500e-01 -3.764041000977158546e-03
1.310503035783767700e-01 7.672025561332702637e-01 2.865063026547431946e-02
2.142365276813507080e-01 6.626949310302734375e-01 -1.651669107377529144e-02
2.075238972902297974e-01 6.274572014808654785e-01 5.006618332117795944e-03
2.002632468938827515e-01 6.310456991195678711e-01 1.086427178233861923e-02
2.041146010160446167e-01 8.253015875816345215e-01 -7.098477799445390701e-03
1.326644569635391235e-01 8.080314397811889648e-01 4.630395770072937012e-02
2.181051522493362427e-01 6.257461309432983398e-01 -1.119496207684278488e-02
2.002535462379455566e-01 8.786345720291137695e-01 -3.238768782466650009e-03
2.332310825586318970e-01 6.866532564163208008e-01 -5.267156660556793213e-02
2.220540940761566162e-01 6.719390749931335449e-01 -3.716564178466796875e-02
2.336682826280593872e-01 6.680319905281066895e-01 -4.094834625720977783e-02
2.061237245798110962e-01 7.100416421890258789e-01 -2.833180874586105347e-02
2.388767451047897339e-01 9.099049568176269531e-01 -1.446338742971420288e-02
2.384847700595855713e-01 8.888659477233886719e-01 -1.390218641608953476e-02
2.188130021095275879e-01 8.875838518142700195e-01 -1.042533200234174728e-02
1.725394427776336670e-01 8.495704531669616699e-01 1.010494679212570190e-02
1.844182014465332031e-01 7.575312256813049316e-01 -5.124081857502460480e-03
1.851391941308975220e-01 8.663114309310913086e-01 3.582295728847384453e-03
1.558084040880203247e-01 7.531652450561523438e-01 2.346978057175874710e-03
1.734282523393630981e-01 7.743753194808959961e-01 -3.333558561280369759e-03
1.474186331033706665e-01 7.813899517059326172e-01 1.184630487114191055e-02
2.147146016359329224e-01 9.071871042251586914e-01 -9.397637099027633667e-03
2.001198530197143555e-01 7.205279469490051270e-01 -1.921304501593112946e-02
1.626587212085723877e-01 8.602164983749389648e-01 2.339875511825084686e-02
1.783077567815780640e-01 8.781790137290954590e-01 1.433256920427083969e-02
1.624300926923751831e-01 8.290209770202636719e-01 1.290378812700510025e-02
1.206938922405242920e-01 7.855399250984191895e-01 5.913499370217323303e-02
1.476892530918121338e-01 8.289652466773986816e-01 2.708252705633640289e-02
1.157514452934265137e-01 7.965627312660217285e-01 8.947259932756423950e-02
1.655767261981964111e-01 7.979825735092163086e-01 2.495771972462534904e-03
2.069251090288162231e-01 6.931721568107604980e-01 -1.947157829999923706e-02
2.077209800481796265e-01 7.467105984687805176e-01 -4.698971286416053772e-02
2.013465315103530884e-01 7.514512538909912109e-01 -3.326918184757232666e-02
2.113452255725860596e-01 7.342556118965148926e-01 -5.605408921837806702e-02
1.965533494949340820e-01 6.101337671279907227e-01 1.933036721311509609e-03
1.759632378816604614e-01 5.989162921905517578e-01 1.877744100056588650e-03
1.584366112947463989e-01 5.964649915695190430e-01 4.588033538311719894e-03
1.441227644681930542e-01 5.988845825195312500e-01 1.118645258247852325e-02
1.346327513456344604e-01 6.066306233406066895e-01 1.983894221484661102e-02
1.291341483592987061e-01 6.394321322441101074e-01 3.922595083713531494e-02
9.894397854804992676e-02 6.834428906440734863e-01 9.802749007940292358e-02
1.382804214954376221e-01 6.668897271156311035e-01 2.770709991455078125e-02
1.509575545787811279e-01 6.729119420051574707e-01 1.892113499343395233e-02
1.674571037292480469e-01 6.731395721435546875e-01 1.244358811527490616e-02
1.831301152706146240e-01 6.689742207527160645e-01 8.557255379855632782e-03
1.951285749673843384e-01 6.629022359848022461e-01 7.673064246773719788e-03
2.033849358558654785e-01 6.568807363510131836e-01 6.270390003919601440e-03
1.025576293468475342e-01 6.816348433494567871e-01 1.462817490100860596e-01
2.023916989564895630e-01 7.560859322547912598e-01 -2.723171934485435486e-02
2.134946435689926147e-01 6.977807283401489258e-01 -3.840043768286705017e-02
2.152443379163742065e-01 7.471973299980163574e-01 -5.746370181441307068e-02
2.225530445575714111e-01 7.553724050521850586e-01 -5.322861298918724060e-02
2.159615010023117065e-01 7.499400973320007324e-01 -5.145896598696708679e-02
2.061798572540283203e-01 7.612236142158508301e-01 -2.347818017005920410e-02
2.243844866752624512e-01 7.570881843566894531e-01 -5.661222711205482483e-02
2.262828201055526733e-01 7.604259848594665527e-01 -4.215156286954879761e-02
2.027639150619506836e-01 6.425896883010864258e-01 1.281063724309206009e-02
2.098424732685089111e-01 6.467818617820739746e-01 4.524710588157176971e-03
2.135322988033294678e-01 6.497936844825744629e-01 -4.330222960561513901e-03
1.431377381086349487e-01 6.332974433898925781e-01 2.458316832780838013e-02
1.368682086467742920e-01 6.242389678955078125e-01 2.572956681251525879e-02
2.443647831678390503e-01 6.892688274383544922e-01 -4.950843006372451782e-02
3.309727311134338379e-01 6.384995579719543457e-01 1.132762245833873749e-02
2.454401403665542603e-01 7.576158642768859863e-01 -4.352760687470436096e-02
3.811771571636199951e-01 5.641108155250549316e-01 6.966239213943481445e-02
2.930981814861297607e-01 6.562234163284301758e-01 9.748023876454681158e-05
3.060532212257385254e-01 6.571854948997497559e-01 3.649537102319300175e-04
3.186407089233398438e-01 6.559646129608154297e-01 3.267492167651653290e-03
3.358048498630523682e-01 6.445022821426391602e-01 1.294345781207084656e-02
2.821652889251708984e-01 6.520721912384033203e-01 2.905233995988965034e-03
3.099284470081329346e-01 6.065717935562133789e-01 -4.784719087183475494e-03
2.957489192485809326e-01 6.089246869087219238e-01 -3.720863023772835732e-03
3.232707381248474121e-01 6.085454821586608887e-01 -1.336498418822884560e-03
3.324051499366760254e-01 6.148030757904052734e-01 3.173181321471929550e-03
3.464408218860626221e-01 6.561641693115234375e-01 1.848532259464263916e-02
2.852445542812347412e-01 8.954752683639526367e-01 -3.879807889461517334e-03
3.357220292091369629e-01 6.333531737327575684e-01 1.533333584666252136e-02
3.873938322067260742e-01 6.433052420616149902e-01 7.218149304389953613e-02
3.615492582321166992e-01 6.414085626602172852e-01 3.073700331151485443e-02
3.002446889877319336e-01 7.312374114990234375e-01 -1.269297767430543900e-02
2.501941621303558350e-01 8.014141321182250977e-01 -3.678374737501144409e-02
2.481283247470855713e-01 8.198451995849609375e-01 -3.087580762803554535e-02
2.654713988304138184e-01 8.081983327865600586e-01 -3.126274049282073975e-02
2.749277353286743164e-01 8.161005973815917969e-01 -2.415923587977886200e-02
2.588981986045837402e-01 8.216907382011413574e-01 -2.779317088425159454e-02
2.672037780284881592e-01 8.240930438041687012e-01 -2.104867435991764069e-02
2.921802401542663574e-01 8.432564735412597656e-01 -7.222433574497699738e-03
2.435003668069839478e-01 7.491400837898254395e-01 -6.550484150648117065e-02
2.448143362998962402e-01 7.312239408493041992e-01 -6.930018961429595947e-02
3.528425991535186768e-01 5.919119119644165039e-01 7.598193828016519547e-03
2.748555839061737061e-01 6.865382790565490723e-01 -1.196661684662103653e-02
2.732647061347961426e-01 7.441883683204650879e-01 -3.702529519796371460e-02
2.746294736862182617e-01 7.343288660049438477e-01 -3.332431614398956299e-02
3.400998115539550781e-01 7.283644080162048340e-01 2.795452310238033533e-04
2.446037977933883667e-01 7.085717916488647461e-01 -6.172114983201026917e-02
3.215132653713226318e-01 5.733540058135986328e-01 -1.130981091409921646e-02
3.398244380950927734e-01 5.788581371307373047e-01 -2.517639193683862686e-03
3.670805692672729492e-01 5.323307514190673828e-01 4.623617604374885559e-02
2.638764083385467529e-01 5.924510359764099121e-01 -1.857976987957954407e-02
2.837232053279876709e-01 6.161465644836425781e-01 6.426735199056565762e-04
3.011425435543060303e-01 8.273369669914245605e-01 -4.836711566895246506e-03
3.734731376171112061e-01 8.089039325714111328e-01 1.037940308451652527e-01
2.640162110328674316e-01 7.543089985847473145e-01 -3.171999007463455200e-02
2.538981437683105469e-01 7.595846056938171387e-01 -3.176682814955711365e-02
2.853202819824218750e-01 8.282335400581359863e-01 -6.510636769235134125e-03
2.795536518096923828e-01 8.264889121055603027e-01 -9.706089273095130920e-03
3.474354147911071777e-01 5.658352375030517578e-01 3.199163591489195824e-03
2.737481594085693359e-01 7.520831227302551270e-01 -3.019868209958076477e-02
2.969095110893249512e-01 5.763565897941589355e-01 -1.683006808161735535e-02
2.989678680896759033e-01 5.610129833221435547e-01 -1.928351446986198425e-02
3.111413717269897461e-01 4.925031065940856934e-01 2.062610117718577385e-03
3.571415245532989502e-01 5.490398406982421875e-01 2.124963514506816864e-02
3.034560978412628174e-01 5.265876650810241699e-01 -9.571287781000137329e-03
3.614803254604339600e-01 5.829449892044067383e-01 1.806365698575973511e-02
3.714175224304199219e-01 5.748700499534606934e-01 4.177846387028694153e-02
2.493238896131515503e-01 8.118721246719360352e-01 -3.549336642026901245e-02
2.617964744567871094e-01 8.164177536964416504e-01 -3.030925989151000977e-02
2.710131406784057617e-01 8.204178810119628906e-01 -2.380094118416309357e-02
2.608547210693359375e-01 7.574277520179748535e-01 -2.856738492846488953e-02
2.821168005466461182e-01 8.277341723442077637e-01 -8.127607405185699463e-03
2.777405679225921631e-01 8.302699327468872070e-01 -1.504793856292963028e-02
2.785769104957580566e-01 8.251325488090515137e-01 -9.924220852553844452e-03
2.574167251586914062e-01 7.485532164573669434e-01 -4.861455410718917847e-02
2.648107111454010010e-01 8.230371475219726562e-01 -1.889013126492500305e-02
2.565547823905944824e-01 8.228050470352172852e-01 -2.280160412192344666e-02
2.468621432781219482e-01 8.229157924652099609e-01 -2.573532424867153168e-02
2.537849843502044678e-01 8.695147037506103516e-01 -1.501276437193155289e-02
2.517472505569458008e-01 8.540034294128417969e-01 -2.687486074864864349e-02
2.506360411643981934e-01 8.435571193695068359e-01 -2.848096750676631927e-02
2.494197636842727661e-01 8.341308832168579102e-01 -2.584869228303432465e-02
2.483357638120651245e-01 8.277333974838256836e-01 -2.374777011573314667e-02
2.671962082386016846e-01 8.266777992248535156e-01 -1.778156496584415436e-02
2.690865397453308105e-01 8.291175961494445801e-01 -1.985190622508525848e-02
2.719574868679046631e-01 8.341240286827087402e-01 -2.213360555469989777e-02
2.748086154460906982e-01 8.402578830718994141e-01 -2.030442096292972565e-02
2.869877517223358154e-01 7.962517142295837402e-01 -2.009642124176025391e-02
3.890154361724853516e-01 7.199853062629699707e-01 1.231577247381210327e-01
2.725900113582611084e-01 8.265306353569030762e-01 -1.340300962328910828e-02
2.747648060321807861e-01 8.278080224990844727e-01 -1.477492786943912506e-02
2.499931156635284424e-01 7.670543193817138672e-01 -3.264883160591125488e-02
2.697213590145111084e-01 7.626662850379943848e-01 -2.092734910547733307e-02
2.518373727798461914e-01 7.634966969490051270e-01 -3.240782022476196289e-02
2.885344624519348145e-01 6.966750025749206543e-01 -8.938750252127647400e-03
3.098801374435424805e-01 7.082520723342895508e-01 -6.426304113119840622e-03
2.767731547355651855e-01 7.420848608016967773e-01 -2.659300342202186584e-02
3.448456823825836182e-01 5.077732801437377930e-01 2.198274992406368256e-02
3.358402550220489502e-01 5.317752361297607422e-01 4.387330729514360428e-03
3.262897133827209473e-01 5.580585002899169922e-01 -9.376655332744121552e-03
2.824729681015014648e-01 8.536643385887145996e-01 -1.202384568750858307e-02
2.673937082290649414e-01 5.678458809852600098e-01 -2.338725142180919647e-02
2.704740762710571289e-01 5.281688570976257324e-01 -1.661104522645473480e-02
2.752905786037445068e-01 4.864181280136108398e-01 -8.029845543205738068e-03
3.295998871326446533e-01 6.519036889076232910e-01 8.196508511900901794e-03
3.607093989849090576e-01 6.688778400421142578e-01 2.436454966664314270e-02
2.751361727714538574e-01 6.474897861480712891e-01 5.259885918349027634e-03
3.469472527503967285e-01 6.190518736839294434e-01 1.337753701955080032e-02
2.656481564044952393e-01 6.749877929687500000e-01 -1.558620482683181763e-02
2.655827701091766357e-01 7.376401424407958984e-01 -4.862010106444358826e-02
3.751221299171447754e-01 6.801631450653076172e-01 3.701249510049819946e-02
3.511621952056884766e-01 6.830488443374633789e-01 1.303398795425891876e-02
3.336751461029052734e-01 6.909025907516479492e-01 2.060783095657825470e-03
3.083105087280273438e-01 6.883699893951416016e-01 -1.451043295674026012e-03
2.900244593620300293e-01 6.811150312423706055e-01 -2.948848297819495201e-03
2.764330804347991943e-01 6.728893518447875977e-01 -4.932175856083631516e-03
2.470349371433258057e-01 6.519232988357543945e-01 -2.621539868414402008e-02
3.721062541007995605e-01 7.190204858779907227e-01 3.271469473838806152e-02
3.581667840480804443e-01 6.147308945655822754e-01 1.905897632241249084e-02
2.398852854967117310e-01 7.580330967903137207e-01 -5.947546660900115967e-02
2.726107537746429443e-01 7.048985362052917480e-01 -1.761317439377307892e-02
3.925095200538635254e-01 6.400961875915527344e-01 1.144944950938224792e-01
2.661568522453308105e-01 6.633425951004028320e-01 -5.711618810892105103e-03
2.785565555095672607e-01 7.428856492042541504e-01 -1.455321814864873886e-02
3.401955366134643555e-01 6.333498358726501465e-01 1.748002506792545319e-02
2.666708230972290039e-01 7.255757451057434082e-01 -4.391613230109214783e-02
3.838192224502563477e-01 7.634807825088500977e-01 1.170491054654121399e-01
2.753489017486572266e-01 6.405544877052307129e-01 8.301853202283382416e-03
2.560170888900756836e-01 7.149100899696350098e-01 -5.512998253107070923e-02
3.415131866931915283e-01 8.556402325630187988e-01 3.725313395261764526e-02
3.429818451404571533e-01 8.731113076210021973e-01 6.014213711023330688e-02
3.864927291870117188e-01 7.201953530311584473e-01 7.748729735612869263e-02
3.583520948886871338e-01 8.306437730789184570e-01 5.254412814974784851e-02
3.798894584178924561e-01 6.066068410873413086e-01 6.058141589164733887e-02
2.887837588787078857e-01 9.117434024810791016e-01 3.167690010741353035e-03
2.391649931669235229e-01 7.613734602928161621e-01 -4.295122623443603516e-02
2.842704653739929199e-01 7.178814411163330078e-01 -1.389836147427558899e-02
3.734163045883178711e-01 6.439975500106811523e-01 4.239614680409431458e-02
3.175661861896514893e-01 6.452134251594543457e-01 4.462703596800565720e-03
3.062360584735870361e-01 6.471939086914062500e-01 2.017050748690962791e-03
2.811584472656250000e-01 8.339478969573974609e-01 -1.319592166692018509e-02
3.685232996940612793e-01 7.546285986900329590e-01 3.624217584729194641e-02
2.666491866111755371e-01 9.344340562820434570e-01 8.552763611078262329e-03
3.054609000682830811e-01 9.116028547286987305e-01 2.982776425778865814e-02
3.227179646492004395e-01 8.963526487350463867e-01 4.273241758346557617e-02
2.952978014945983887e-01 6.465083360671997070e-01 2.345779677852988243e-03
2.850975990295410156e-01 6.439404487609863281e-01 4.814027342945337296e-03
2.785996496677398682e-01 6.423074007034301758e-01 8.037260733544826508e-03
3.683301806449890137e-01 6.100212931632995605e-01 3.140567988157272339e-02
2.860884070396423340e-01 6.290182471275329590e-01 2.524979645386338234e-03
2.971731722354888916e-01 6.240945458412170410e-01 6.626511549256974831e-06
3.083913922309875488e-01 6.226036548614501953e-01 -8.109221198537852615e-06
3.199528157711029053e-01 6.244883537292480469e-01 2.337089274078607559e-03
3.274742662906646729e-01 6.281281709671020508e-01 5.904870107769966125e-03
3.892143964767456055e-01 5.981136560440063477e-01 9.496656805276870728e-02
3.254098296165466309e-01 6.419788002967834473e-01 8.073897100985050201e-03
2.758565843105316162e-01 7.863885760307312012e-01 -2.437880076467990875e-02
2.642624676227569580e-01 7.515129446983337402e-01 -3.610300272703170776e-02
2.518572807312011719e-01 7.800926566123962402e-01 -3.297344967722892761e-02
3.239386081695556641e-01 8.784443140029907227e-01 2.619962394237518311e-02
3.070251047611236572e-01 8.952386975288391113e-01 1.537122484296560287e-02
2.662963867187500000e-01 9.239860773086547852e-01 -6.892341189086437225e-03
3.592346906661987305e-01 8.458530306816101074e-01 8.310573548078536987e-02
2.785646021366119385e-01 6.359747648239135742e-01 5.910606123507022858e-03
2.554318904876708984e-01 6.807141900062561035e-01 -3.178064525127410889e-02
2.872468829154968262e-01 9.248414039611816406e-01 1.651745289564132690e-02
3.812635838985443115e-01 7.596842646598815918e-01 7.513213157653808594e-02
2.586411833763122559e-01 8.269108533859252930e-01 -2.131646126508712769e-02
2.605006396770477295e-01 8.314144611358642578e-01 -2.365321479737758636e-02
2.626108825206756592e-01 8.388888835906982422e-01 -2.622396871447563171e-02
2.645924687385559082e-01 8.483051061630249023e-01 -2.483472041785717010e-02
2.696760296821594238e-01 8.630310297012329102e-01 -1.556026749312877655e-02
2.744637131690979004e-01 8.257073163986206055e-01 -1.507025025784969330e-02
2.781838178634643555e-01 8.247567415237426758e-01 -1.549176778644323349e-02
2.820142805576324463e-01 8.222497105598449707e-01 -1.570728980004787445e-02
2.958339154720306396e-01 8.106936812400817871e-01 -1.338787935674190521e-02
3.495069742202758789e-01 7.657512426376342773e-01 1.203441433608531952e-02
2.562918663024902344e-01 6.622630357742309570e-01 -1.995439454913139343e-02
2.646711468696594238e-01 6.268267035484313965e-01 6.584315560758113861e-04
2.726649940013885498e-01 6.300004720687866211e-01 4.409713670611381531e-03
2.719664573669433594e-01 8.232810497283935547e-01 -1.376616209745407104e-02
3.507656753063201904e-01 8.073603510856628418e-01 2.959200739860534668e-02
2.524242699146270752e-01 6.254881620407104492e-01 -1.396438386291265488e-02
2.781623303890228271e-01 8.791480064392089844e-01 -8.815383538603782654e-03
2.458238750696182251e-01 6.716951727867126465e-01 -3.897007554769515991e-02
2.640940248966217041e-01 7.092339396476745605e-01 -3.266691789031028748e-02
2.586723268032073975e-01 8.880035877227783203e-01 -1.312915980815887451e-02
3.063858449459075928e-01 8.493582010269165039e-01 1.937563938554376364e-04
2.898130416870117188e-01 7.562112808227539062e-01 -1.268951967358589172e-02
2.938085198402404785e-01 8.667769432067871094e-01 -4.383559804409742355e-03
3.203981816768646240e-01 7.517245411872863770e-01 -9.628799743950366974e-03
3.017400205135345459e-01 7.730993628501892090e-01 -1.274916250258684158e-02
3.310571908950805664e-01 7.802318930625915527e-01 -1.744307694025337696e-03
2.635326981544494629e-01 9.077820181846618652e-01 -1.293860469013452530e-02
2.718072235584259033e-01 7.194579839706420898e-01 -2.460070699453353882e-02
3.187187910079956055e-01 8.609185218811035156e-01 1.180993113666772842e-02
3.022636175155639648e-01 8.793439865112304688e-01 5.423612892627716064e-03
3.160854578018188477e-01 8.280822038650512695e-01 9.474047110415995121e-04
3.642609119415283203e-01 7.846481204032897949e-01 4.041121155023574829e-02
3.336794972419738770e-01 8.285807967185974121e-01 1.302283816039562225e-02
3.733452260494232178e-01 7.962601780891418457e-01 6.915886700153350830e-02
3.110336065292358398e-01 7.966353893280029297e-01 -8.468399755656719208e-03
2.639864683151245117e-01 6.925032138824462891e-01 -2.411609701812267303e-02
2.612762451171875000e-01 7.456925511360168457e-01 -5.119352787733078003e-02
2.693014740943908691e-01 7.501532435417175293e-01 -3.805757313966751099e-02
2.558538317680358887e-01 7.335862517356872559e-01 -5.916357040405273438e-02
2.751199007034301758e-01 6.092224121093750000e-01 -4.109106957912445068e-03
2.959671318531036377e-01 5.974369645118713379e-01 -7.019332610070705414e-03
3.143511116504669189e-01 5.943869352340698242e-01 -7.218886166810989380e-03
3.298125565052032471e-01 5.968607664108276367e-01 -3.090381389483809471e-03
3.409354388713836670e-01 6.044331192970275879e-01 3.951950464397668839e-03
3.493797779083251953e-01 6.371709108352661133e-01 2.213072590529918671e-02
3.890299797058105469e-01 6.815656423568725586e-01 7.503238320350646973e-02
3.391834199428558350e-01 6.647417545318603516e-01 1.204806007444858551e-02
3.254277706146240234e-01 6.710327863693237305e-01 5.348213016986846924e-03
3.078593015670776367e-01 6.714985966682434082e-01 1.185958622954785824e-03
2.913650870323181152e-01 6.675839424133300781e-01 -4.230986523907631636e-04
2.788099050521850586e-01 6.618409156799316406e-01 9.478928404860198498e-04
2.699610888957977295e-01 6.560118198394775391e-01 6.339635001495480537e-04
3.911942243576049805e-01 6.796217560768127441e-01 1.229442507028579712e-01
2.689219117164611816e-01 7.548908591270446777e-01 -3.187634423375129700e-02
2.548101544380187988e-01 6.972814798355102539e-01 -4.182314872741699219e-02
2.523084282875061035e-01 7.466301321983337402e-01 -6.018934026360511780e-02
2.459881454706192017e-01 7.550201416015625000e-01 -5.470653623342514038e-02
2.525383532047271729e-01 7.493735551834106445e-01 -5.415877699851989746e-02
2.655811607837677002e-01 7.601120471954345703e-01 -2.747963927686214447e-02
2.437539994716644287e-01 7.567592263221740723e-01 -5.789201706647872925e-02
2.429733127355575562e-01 7.602148652076721191e-01 -4.318002983927726746e-02
2.704881727695465088e-01 6.417570710182189941e-01 6.989209912717342377e-03
2.628427743911743164e-01 6.461111903190612793e-01 2.214237792941275984e-05
2.582584023475646973e-01 6.491946578025817871e-01 -7.935782894492149353e-03
3.320571184158325195e-01 6.310585737228393555e-01 1.001511607319116592e-02
3.392512500286102295e-01 6.219266057014465332e-01 1.015951577574014664e-02
