4.987916052341461182e-01 6.840217113494873047e-01 -5.208392813801765442e-02
5.023505687713623047e-01 6.081208586692810059e-01 -9.443241357803344727e-02
4.975108206272125244e-01 6.323382854461669922e-01 -4.917131364345550537e-02
4.812856316566467285e-01 5.160131454467773438e-01 -7.242973893880844116e-02
5.025559067726135254e-01 5.800741910934448242e-01 -1.005868911743164062e-01
5.002665519714355469e-01 5.422902107238769531e-01 -9.325511008501052856e-02
4.920865595340728760e-01 4.517797231674194336e-01 -4.354238882660865784e-02
3.452836573123931885e-01 4.461219012737274170e-01 8.290058001875877380e-03
4.888122677803039551e-01 3.754058480262756348e-01 -3.029978461563587189e-02
4.884577989578247070e-01 3.372594714164733887e-01 -3.392755985260009766e-02
4.829867184162139893e-01 2.187847495079040527e-01 -1.506595499813556671e-02
4.987818002700805664e-01 6.961406469345092773e-01 -4.977878555655479431e-02
4.978929460048675537e-01 7.056320309638977051e-01 -4.359527677297592163e-02
4.966111779212951660e-01 7.094716429710388184e-01 -3.562511876225471497e-02
4.976400434970855713e-01 7.133770585060119629e-01 -3.538838773965835571e-02
4.983383417129516602e-01 7.241257429122924805e-01 -3.818128257989883423e-02
4.985801577568054199e-01 7.378374338150024414e-01 -4.144067689776420593e-02
4.981176555156707764e-01 7.516281604766845703e-01 -3.844758868217468262e-02
4.953935444355010986e-01 7.744472622871398926e-01 -2.055298164486885071e-02
5.008873343467712402e-01 6.218730211257934570e-01 -8.521748334169387817e-02
4.822445213794708252e-01 6.199356913566589355e-01 -6.262309104204177856e-02
2.655617594718933105e-01 3.419328927993774414e-01 8.665030449628829956e-02
4.024413228034973145e-01 4.700379371643066406e-01 -5.648307036608457565e-03
3.834884762763977051e-01 4.726732671260833740e-01 -5.969393532723188400e-03
3.649474382400512695e-01 4.716136455535888672e-01 -2.475676825270056725e-03
3.384261131286621094e-01 4.553856253623962402e-01 1.027766335755586624e-02
4.182843267917633057e-01 4.624649286270141602e-01 -3.560603654477745295e-04
3.766211271286010742e-01 3.946285247802734375e-01 -1.348110754042863846e-02
3.971380293369293213e-01 3.973942399024963379e-01 -1.083613280206918716e-02
3.569892644882202148e-01 3.990433812141418457e-01 -9.204454720020294189e-03
3.432514667510986328e-01 4.099546074867248535e-01 -3.251580754294991493e-03
3.239438533782958984e-01 4.736994504928588867e-01 1.839537359774112701e-02
4.256373643875122070e-01 8.176910281181335449e-01 -7.704454008489847183e-03
3.376869857311248779e-01 4.379780888557434082e-01 1.382933277636766434e-02
2.606138586997985840e-01 4.579170942306518555e-01 9.178883582353591919e-02
3.009889721870422363e-01 4.530892372131347656e-01 3.479956090450286865e-02
3.972820043563842773e-01 5.818289518356323242e-01 -2.233386039733886719e-02
4.770270884037017822e-01 6.814736127853393555e-01 -5.233672633767127991e-02
4.792756736278533936e-01 7.062804698944091797e-01 -4.365067556500434875e-02
4.535388946533203125e-01 6.914901733398437500e-01 -4.527213424444198608e-02
4.381878376007080078e-01 7.020496726036071777e-01 -3.570228815078735352e-02
4.624009132385253906e-01 7.092018723487854004e-01 -3.979723528027534485e-02
4.490345716476440430e-01 7.124946713447570801e-01 -3.036191873252391815e-02
4.126153886318206787e-01 7.396636009216308594e-01 -1.171049103140830994e-02
4.868773221969604492e-01 6.080518960952758789e-01 -9.435709565877914429e-02
4.845347404479980469e-01 5.807340145111083984e-01 -1.001000627875328064e-01
3.134902715682983398e-01 3.779134154319763184e-01 1.693136873655021191e-03
4.324824810028076172e-01 5.139772891998291016e-01 -2.044185809791088104e-02
4.406791627407073975e-01 6.006373763084411621e-01 -5.585270375013351440e-02
4.377493560314178467e-01 5.854155421257019043e-01 -5.086339265108108521e-02
3.371366262435913086e-01 5.792053937911987305e-01 -5.835925694555044174e-03
4.832657575607299805e-01 5.457271933555603027e-01 -8.972844481468200684e-02
3.603885471820831299e-01 3.445608317852020264e-01 -2.252042107284069061e-02
3.332647681236267090e-01 3.557345867156982422e-01 -1.127186231315135956e-02
2.867549061775207520e-01 2.938229143619537354e-01 5.388291925191879272e-02
4.458647966384887695e-01 3.674191832542419434e-01 -2.951320260763168335e-02
4.147669970989227295e-01 4.078922271728515625e-01 -4.060884006321430206e-03
3.980387151241302490e-01 7.174137830734252930e-01 -9.633352980017662048e-03
2.845317125320434570e-01 6.985343694686889648e-01 1.406757086515426636e-01
4.540175199508666992e-01 6.151209473609924316e-01 -4.745866730809211731e-02
4.690824151039123535e-01 6.221690773963928223e-01 -4.587375372648239136e-02
4.206203818321228027e-01 7.166117429733276367e-01 -1.074083242565393448e-02
4.287306666374206543e-01 7.145071029663085938e-01 -1.477592438459396362e-02
3.210764527320861816e-01 3.376833498477935791e-01 -4.243922885507345200e-03
4.393891394138336182e-01 6.115669012069702148e-01 -4.585271328687667847e-02
3.967196941375732422e-01 3.458727002143859863e-01 -2.908765897154808044e-02
3.933371305465698242e-01 3.238789141178131104e-01 -3.314118459820747375e-02
3.704033792018890381e-01 2.313356995582580566e-01 -6.129872985184192657e-03
3.040534257888793945e-01 3.161590099334716797e-01 1.985640451312065125e-02
3.842833340167999268e-01 2.779704928398132324e-01 -2.101691998541355133e-02
3.001280426979064941e-01 3.660467565059661865e-01 1.590361446142196655e-02
2.828473150730133057e-01 3.560667634010314941e-01 4.827555641531944275e-02
4.781206846237182617e-01 6.957862973213195801e-01 -5.032509937882423401e-02
4.588559567928314209e-01 7.025446295738220215e-01 -4.360783100128173828e-02
4.439395070075988770e-01 7.077996134757995605e-01 -3.451035544276237488e-02
4.583960473537445068e-01 6.192308664321899414e-01 -4.214235022664070129e-02
4.251090586185455322e-01 7.158522605895996094e-01 -1.258097309619188309e-02
4.332782626152038574e-01 7.194751501083374023e-01 -2.229160070419311523e-02
4.298905134201049805e-01 7.127688527107238770e-01 -1.491341553628444672e-02
4.648739695549011230e-01 6.077237129211425781e-01 -7.150741666555404663e-02
4.514189660549163818e-01 7.104977965354919434e-01 -2.723587863147258759e-02
4.648441970348358154e-01 7.099796533584594727e-01 -3.246271982789039612e-02
4.801394939422607422e-01 7.096543312072753906e-01 -3.624667599797248840e-02
4.722972214221954346e-01 7.755779027938842773e-01 -2.226231992244720459e-02
4.765669107437133789e-01 7.513769268989562988e-01 -4.011606052517890930e-02
4.778888821601867676e-01 7.362542748451232910e-01 -4.250250011682510376e-02
4.789739251136779785e-01 7.230868339538574219e-01 -3.890972211956977844e-02
4.799081385135650635e-01 7.141355872154235840e-01 -3.596711531281471252e-02
4.492238759994506836e-01 7.140616774559020996e-01 -2.693285979330539703e-02
4.469845294952392578e-01 7.174431681632995605e-01 -2.987184002995491028e-02
4.434897005558013916e-01 7.244723439216613770e-01 -3.307480365037918091e-02
4.399052560329437256e-01 7.335729002952575684e-01 -3.050951473414897919e-02
4.195321798324584961e-01 6.750818490982055664e-01 -3.052929975092411041e-02
2.582695484161376953e-01 5.704016089439392090e-01 1.650299429893493652e-01
4.991536736488342285e-01 6.263847351074218750e-01 -6.156685575842857361e-02
4.399745762348175049e-01 7.143639922142028809e-01 -2.004141733050346375e-02
4.372491836547851562e-01 7.160155177116394043e-01 -2.214815095067024231e-02
4.754547178745269775e-01 6.329556703567504883e-01 -4.697934910655021667e-02
4.449158310890197754e-01 6.264867782592773438e-01 -3.151236847043037415e-02
4.724608063697814941e-01 6.279044747352600098e-01 -4.654357209801673889e-02
4.125681221485137939e-01 5.299824476242065430e-01 -1.668158173561096191e-02
3.814642429351806641e-01 5.480944514274597168e-01 -1.410229131579399109e-02
4.342776238918304443e-01 5.967794060707092285e-01 -4.096567630767822266e-02
3.199521303176879883e-01 2.558735013008117676e-01 2.066443860530853271e-02
3.359982967376708984e-01 2.885170578956604004e-01 -2.858423860743641853e-03
3.526234924793243408e-01 3.232364952564239502e-01 -2.084060758352279663e-02
4.281279742717742920e-01 7.549312710762023926e-01 -1.836129464209079742e-02
4.400758445262908936e-01 3.309383392333984375e-01 -3.712408617138862610e-02
4.328707158565521240e-01 2.788022458553314209e-01 -2.901307307183742523e-02
4.232156574726104736e-01 2.209505736827850342e-01 -1.812661811709403992e-02
3.482946157455444336e-01 4.662714898586273193e-01 4.115699324756860733e-03
3.037836551666259766e-01 4.933642446994781494e-01 2.593149989843368530e-02
4.284716248512268066e-01 4.547047615051269531e-01 3.098678775131702423e-03
3.221637308597564697e-01 4.185411334037780762e-01 1.049638539552688599e-02
4.458802342414855957e-01 4.959161877632141113e-01 -2.507621049880981445e-02
4.525715708732604980e-01 5.911855101585388184e-01 -7.203399389982223511e-02
2.825498580932617188e-01 5.109472274780273438e-01 4.306971654295921326e-02
3.188616037368774414e-01 5.132236480712890625e-01 1.043664477765560150e-02
3.453882932662963867e-01 5.235800147056579590e-01 -3.765574423596262932e-03
3.823934197425842285e-01 5.185167789459228516e-01 -7.210931740701198578e-03
4.090054333209991455e-01 5.068262815475463867e-01 -8.574107661843299866e-03
4.288442730903625488e-01 4.935842752456665039e-01 -1.043140050023794174e-02
4.734542071819305420e-01 4.590324461460113525e-01 -3.920199349522590637e-02
2.884700894355773926e-01 5.674570798873901367e-01 3.775571659207344055e-02
3.057488799095153809e-01 4.130824804306030273e-01 1.774623431265354156e-02
4.917074143886566162e-01 6.208774447441101074e-01 -8.534133434295654297e-02
4.374198019504547119e-01 5.413122177124023438e-01 -2.827898785471916199e-02
2.496160119771957397e-01 4.536312222480773926e-01 1.512333303689956665e-01
4.437945485115051270e-01 4.783717989921569824e-01 -1.115422695875167847e-02
4.307033419609069824e-01 5.976573228836059570e-01 -2.357378974556922913e-02
3.317892253398895264e-01 4.390032291412353516e-01 1.659758016467094421e-02
4.500222802162170410e-01 5.726376771926879883e-01 -6.540806591510772705e-02
2.674830555915832520e-01 6.334549188613891602e-01 1.576889157295227051e-01
4.275579154491424561e-01 4.441479444503784180e-01 7.040009833872318268e-03
4.659899175167083740e-01 5.560704469680786133e-01 -8.108133822679519653e-02
3.377132415771484375e-01 7.637027502059936523e-01 4.806378483772277832e-02
3.350949883460998535e-01 7.886648178100585938e-01 8.162907510995864868e-02
2.650636434555053711e-01 5.704360008239746094e-01 1.003179326653480530e-01
3.103722929954528809e-01 7.289906740188598633e-01 6.850161403417587280e-02
2.707802653312683105e-01 4.036024212837219238e-01 7.493687421083450317e-02
4.211674928665161133e-01 8.408770561218261719e-01 2.498755929991602898e-03
4.921837151050567627e-01 6.255592107772827148e-01 -6.108824908733367920e-02
4.202566444873809814e-01 5.611138939857482910e-01 -2.351805940270423889e-02
2.832248210906982422e-01 4.578290581703186035e-01 5.045292899012565613e-02
3.658682405948638916e-01 4.556953907012939453e-01 -1.125760725699365139e-03
3.827087283134460449e-01 4.578060507774353027e-01 -3.908811602741479874e-03
4.285648763179779053e-01 7.248674631118774414e-01 -1.974627003073692322e-02
2.942914962768554688e-01 6.196554303169250488e-01 4.360026493668556213e-02
4.538573324680328369e-01 8.705034255981445312e-01 1.176988799124956131e-02
3.951538503170013428e-01 8.411769270896911621e-01 4.013172909617424011e-02
3.678569197654724121e-01 8.206443190574645996e-01 5.776410549879074097e-02
4.859987199306488037e-01 2.808098793029785156e-01 -2.674824185669422150e-02
4.909087419509887695e-01 8.723323941230773926e-01 1.117516774684190750e-02
3.987012505531311035e-01 4.558324217796325684e-01 -2.596712205559015274e-03
4.135096669197082520e-01 4.507731199264526367e-01 1.606912002898752689e-03
4.229567348957061768e-01 4.472937583923339844e-01 6.505878642201423645e-03
2.900629043579101562e-01 4.073437154293060303e-01 3.459133207798004150e-02
4.108257889747619629e-01 4.256792962551116943e-01 -1.626989804208278656e-03
3.941371440887451172e-01 4.179616272449493408e-01 -5.693689454346895218e-03
3.774438798427581787e-01 4.162131547927856445e-01 -6.696151103824377060e-03
3.604051470756530762e-01 4.205183386802673340e-01 -3.874096088111400604e-03
3.494705855846405029e-01 4.279382228851318359e-01 7.631448679603636265e-04
2.538391351699829102e-01 3.922071158885955811e-01 1.230272203683853149e-01
3.539107739925384521e-01 4.513434767723083496e-01 3.885741345584392548e-03
4.974623322486877441e-01 6.480186581611633301e-01 -4.567629098892211914e-02
4.366275072097778320e-01 6.612125635147094727e-01 -3.597258403897285461e-02
4.541587233543395996e-01 6.114673614501953125e-01 -5.369788780808448792e-02
4.732689261436462402e-01 6.516833901405334473e-01 -4.729548469185829163e-02
4.892250001430511475e-01 4.137251973152160645e-01 -3.040484338998794556e-02
3.659693300724029541e-01 7.952181696891784668e-01 3.388199210166931152e-02
3.924986720085144043e-01 8.184083700180053711e-01 1.916783489286899567e-02
4.547711610794067383e-01 8.567103743553161621e-01 -1.058081816881895065e-02
3.079893290996551514e-01 7.506652474403381348e-01 1.130457222461700439e-01
4.225969612598419189e-01 4.368791580200195312e-01 3.542310325428843498e-03
4.628488123416900635e-01 5.037472248077392578e-01 -4.778285324573516846e-02
4.936569631099700928e-01 8.577541112899780273e-01 -1.053858269006013870e-02
4.233023822307586670e-01 8.587785363197326660e-01 2.183897048234939575e-02
2.735887765884399414e-01 6.279659271240234375e-01 9.831600636243820190e-02
4.635609686374664307e-01 7.136939764022827148e-01 -3.225429728627204895e-02
4.613028466701507568e-01 7.201338410377502441e-01 -3.576751798391342163e-02
4.589516818523406982e-01 7.307044267654418945e-01 -3.933281451463699341e-02
4.567080736160278320e-01 7.442759871482849121e-01 -3.716989606618881226e-02
4.481950104236602783e-01 7.675539255142211914e-01 -2.320475690066814423e-02
4.369927048683166504e-01 7.141613960266113281e-01 -2.198203839361667633e-02
4.318779408931732178e-01 7.128670811653137207e-01 -2.285723946988582611e-02
4.263474643230438232e-01 7.096231579780578613e-01 -2.374514378607273102e-02
4.056163728237152100e-01 6.947568655014038086e-01 -2.140943706035614014e-02
3.233813047409057617e-01 6.347489356994628906e-01 1.091016270220279694e-02
4.597467482089996338e-01 4.756796360015869141e-01 -3.084691055119037628e-02
4.440583288669586182e-01 4.220956265926361084e-01 -2.685090992599725723e-03
4.313189983367919922e-01 4.280888438224792480e-01 1.977063249796628952e-03
4.399239122867584229e-01 7.107242345809936523e-01 -2.004865370690822601e-02
3.217423558235168457e-01 6.952171325683593750e-01 3.588498756289482117e-02
4.633879363536834717e-01 4.186893403530120850e-01 -2.226601168513298035e-02
4.355635046958923340e-01 7.930383086204528809e-01 -1.404847484081983566e-02
4.974973797798156738e-01 5.114446878433227539e-01 -7.609850913286209106e-02
4.771119058132171631e-01 4.891662597656250000e-01 -5.747571215033531189e-02
4.948584139347076416e-01 4.829441606998443604e-01 -5.936003476381301880e-02
4.518105089664459229e-01 5.475187897682189941e-01 -4.931836575269699097e-02
4.950700402259826660e-01 8.340644836425781250e-01 -2.033942192792892456e-02
4.952584207057952881e-01 8.028923273086547852e-01 -2.017514035105705261e-02
4.651746153831481934e-01 8.039535284042358398e-01 -1.985409110784530640e-02
3.919624984264373779e-01 7.509208321571350098e-01 -2.347676316276192665e-03
4.142931699752807617e-01 6.178516745567321777e-01 -2.102974615991115570e-02
4.117134809494018555e-01 7.757211923599243164e-01 -7.898928597569465637e-03
3.675361275672912598e-01 6.127874255180358887e-01 -1.862747222185134888e-02
3.965334892272949219e-01 6.428378224372863770e-01 -2.124108746647834778e-02
3.520489335060119629e-01 6.544672250747680664e-01 -7.887250743806362152e-03
4.585867822170257568e-01 8.339205980300903320e-01 -1.968044601380825043e-02
4.403168857097625732e-01 5.630895495414733887e-01 -3.817425295710563660e-02
3.738537430763244629e-01 7.692764401435852051e-01 1.344915851950645447e-02
3.995406925678253174e-01 7.949978709220886230e-01 5.283562466502189636e-03
3.762782812118530273e-01 7.208360433578491211e-01 -2.282248344272375107e-03
3.007652759552001953e-01 6.631975769996643066e-01 5.037603154778480530e-02
3.493533134460449219e-01 7.238026261329650879e-01 1.374869793653488159e-02
2.865438461303710938e-01 6.806716918945312500e-01 9.095703065395355225e-02
3.823511600494384766e-01 6.761017441749572754e-01 -1.567271724343299866e-02
4.501799046993255615e-01 5.222135782241821289e-01 -3.729291260242462158e-02
4.592536091804504395e-01 6.035685539245605469e-01 -7.537187635898590088e-02
4.467119574546813965e-01 6.096022129058837891e-01 -5.680099129676818848e-02
4.676099121570587158e-01 5.849528312683105469e-01 -8.652194589376449585e-02
4.283248186111450195e-01 3.958491683006286621e-01 -1.019689626991748810e-02
3.977779150009155273e-01 3.795580267906188965e-01 -1.547269430011510849e-02
3.709861040115356445e-01 3.766878843307495117e-01 -1.665532402694225311e-02
3.480157852172851562e-01 3.822413086891174316e-01 -1.177574228495359421e-02
3.313437700271606445e-01 3.953402936458587646e-01 -2.640501596033573151e-03
3.186929821968078613e-01 4.457861781120300293e-01 2.329006046056747437e-02
2.599631249904632568e-01 5.139492750167846680e-01 9.613514691591262817e-02
3.354426324367523193e-01 4.856592118740081787e-01 9.490839205682277679e-03
3.563267588615417480e-01 4.939113557338714600e-01 1.008874503895640373e-03
3.820284605026245117e-01 4.935097694396972656e-01 -3.752049058675765991e-03
4.059188365936279297e-01 4.867895841598510742e-01 -5.553336348384618759e-03
4.243398010730743408e-01 4.770087003707885742e-01 -2.485933015123009682e-03
4.371597170829772949e-01 4.674514532089233398e-01 -2.531215315684676170e-03
2.529612183570861816e-01 5.112728476524353027e-01 1.639453619718551636e-01
4.467149972915649414e-01 6.158456206321716309e-01 -4.777791723608970642e-02
4.657852947711944580e-01 5.290107727050781250e-01 -6.197531521320343018e-02
4.732029438018798828e-01 6.047351956367492676e-01 -8.754572272300720215e-02
4.819510281085968018e-01 6.166710853576660156e-01 -7.889888435602188110e-02
4.723345935344696045e-01 6.087486147880554199e-01 -7.890397310256958008e-02
4.513130486011505127e-01 6.229488849639892578e-01 -4.076157510280609131e-02
4.857976138591766357e-01 6.191916465759277344e-01 -8.326587080955505371e-02
4.863049089908599854e-01 6.238961219787597656e-01 -6.184528023004531860e-02
4.350458383560180664e-01 4.455276727676391602e-01 5.957495421171188354e-03
4.473071694374084473e-01 4.516251385211944580e-01 -3.089816775172948837e-03
4.552063643932342529e-01 4.559533596038818359e-01 -1.372724585235118866e-02
3.428916633129119873e-01 4.334477782249450684e-01 6.409541238099336624e-03
3.332098722457885742e-01 4.218152165412902832e-01 6.273179780691862106e-03
5.120484828948974609e-01 5.150533914566040039e-01 -6.774888932704925537e-02
6.120726466178894043e-01 4.417238235473632812e-01 4.286015033721923828e-02
5.136073231697082520e-01 6.187533736228942871e-01 -5.894972756505012512e-02
6.582907438278198242e-01 3.379532694816589355e-01 1.393892168998718262e-01
5.611711144447326660e-01 4.678317904472351074e-01 1.660743169486522675e-02
5.789980292320251465e-01 4.693664908409118652e-01 2.072939462959766388e-02
5.955336093902587891e-01 4.670053124427795410e-01 2.832328900694847107e-02
6.163505911827087402e-01 4.501300454139709473e-01 4.701709747314453125e-02
5.464349389076232910e-01 4.609896540641784668e-01 1.696985773742198944e-02
5.847947001457214355e-01 3.929256796836853027e-01 1.439097989350557327e-02
5.653851032257080078e-01 3.962000906467437744e-01 1.104580052196979523e-02
6.026878952980041504e-01 3.966696262359619141e-01 2.313738316297531128e-02
6.142028570175170898e-01 4.068459570407867432e-01 3.172694146633148193e-02
6.280452013015747070e-01 4.666831493377685547e-01 5.785554647445678711e-02
5.541775822639465332e-01 8.080565333366394043e-01 7.699969690293073654e-03
6.174929141998291016e-01 4.336913824081420898e-01 5.004541575908660889e-02
6.653739213943481445e-01 4.493767619132995605e-01 1.458867490291595459e-01
6.439879536628723145e-01 4.455586671829223633e-01 7.920004427433013916e-02
5.761150717735290527e-01 5.748833417892456055e-01 -5.186145426705479622e-04
5.186111330986022949e-01 6.787110567092895508e-01 -4.667165875434875488e-02
5.143934488296508789e-01 7.038294076919555664e-01 -3.887164965271949768e-02
5.375471711158752441e-01 6.854152083396911621e-01 -3.370698168873786926e-02
5.482659339904785156e-01 6.941796541213989258e-01 -1.993401348590850830e-02
5.276146531105041504e-01 7.044502496719360352e-01 -3.007058985531330109e-02
5.373078584671020508e-01 7.060664892196655273e-01 -1.747872121632099152e-02
5.654878616333007812e-01 7.294559478759765625e-01 8.268082514405250549e-03
5.163214206695556641e-01 6.069368720054626465e-01 -9.124709665775299072e-02
5.187621712684631348e-01 5.795627236366271973e-01 -9.659984707832336426e-02
6.388438344001770020e-01 3.736152648925781250e-01 4.328119382262229919e-02
5.406992435455322266e-01 5.107990503311157227e-01 -5.808738060295581818e-03
5.471452474594116211e-01 5.953183770179748535e-01 -4.196830466389656067e-02
5.470474958419799805e-01 5.801234245300292969e-01 -3.656372055411338806e-02
6.245669126510620117e-01 5.685445070266723633e-01 3.050951473414897919e-02
5.157598853111267090e-01 5.446623563766479492e-01 -8.512029796838760376e-02
6.038324832916259766e-01 3.434892892837524414e-01 5.880563519895076752e-03
6.251157522201538086e-01 3.530478477478027344e-01 2.432741597294807434e-02
6.465010046958923340e-01 2.913176119327545166e-01 1.012113392353057861e-01
5.285348892211914062e-01 3.671289086341857910e-01 -2.020598575472831726e-02
5.486865639686584473e-01 4.070289433002471924e-01 1.387573219835758209e-02
5.779413580894470215e-01 7.061268091201782227e-01 1.485459879040718079e-02
6.358926892280578613e-01 6.819674968719482422e-01 1.898228377103805542e-01
5.347314476966857910e-01 6.109706163406372070e-01 -3.752228245139122009e-02
5.219227671623229980e-01 6.195338368415832520e-01 -4.087230563163757324e-02
5.589519739151000977e-01 7.070301771163940430e-01 1.038290467113256454e-02
5.510300993919372559e-01 7.058897018432617188e-01 3.577241441234946251e-03
6.334986686706542969e-01 3.352915942668914795e-01 3.386180102825164795e-02
5.460094213485717773e-01 6.058909296989440918e-01 -3.240658715367317200e-02
5.730168819427490234e-01 3.452626764774322510e-01 -9.558380581438541412e-03
5.764310359954833984e-01 3.235744833946228027e-01 -1.294098421931266785e-02
5.849218368530273438e-01 2.309647798538208008e-01 2.110148407518863678e-02
6.407567262649536133e-01 3.135027289390563965e-01 6.211869418621063232e-02
5.794627666473388672e-01 2.777187228202819824e-01 2.562792971730232239e-03
6.470444202423095703e-01 3.616976141929626465e-01 6.026863679289817810e-02
6.534007787704467773e-01 3.518143296241760254e-01 9.658560156822204590e-02
5.171769261360168457e-01 6.932356357574462891e-01 -4.475553706288337708e-02
5.324309468269348145e-01 6.971061229705810547e-01 -3.286244720220565796e-02
5.431106686592102051e-01 7.005044221878051758e-01 -2.042539790272712708e-02
5.301735401153564453e-01 6.154775619506835938e-01 -3.393209725618362427e-02
5.548231005668640137e-01 7.067610025405883789e-01 6.558779161423444748e-03
5.497923493385314941e-01 7.113547921180725098e-01 -6.055178120732307434e-03
5.491084456443786621e-01 7.045423984527587891e-01 2.976988442242145538e-03
5.296047329902648926e-01 6.047988533973693848e-01 -6.202936172485351562e-02
5.328752994537353516e-01 7.046455740928649902e-01 -1.492843031883239746e-02
5.228995680809020996e-01 7.059273719787597656e-01 -2.366067096590995789e-02
5.108650326728820801e-01 7.076410651206970215e-01 -3.137215226888656616e-02
5.166152119636535645e-01 7.724562883377075195e-01 -1.758320443332195282e-02
5.177045464515686035e-01 7.484545707702636719e-01 -3.502419963479042053e-02
5.174535512924194336e-01 7.336311936378479004e-01 -3.727812319993972778e-02
5.157525539398193359e-01 7.207041978836059570e-01 -3.359302505850791931e-02
5.135926008224487305e-01 7.119080424308776855e-01 -3.086260706186294556e-02
5.367512702941894531e-01 7.082021236419677734e-01 -1.458961796015501022e-02
5.394552350044250488e-01 7.111723423004150391e-01 -1.770989783108234406e-02
5.431922674179077148e-01 7.176520228385925293e-01 -2.032170630991458893e-02
5.463125109672546387e-01 7.260646820068359375e-01 -1.648701541125774384e-02
5.631098151206970215e-01 6.668170690536499023e-01 -1.200895197689533234e-02
6.538433432579040527e-01 5.582832694053649902e-01 2.201111465692520142e-01
5.423420667648315430e-01 7.075408101081848145e-01 -4.474417772144079208e-03
5.459008216857910156e-01 7.085764408111572266e-01 -6.342782173305749893e-03
5.171041488647460938e-01 6.306263804435729980e-01 -4.210536181926727295e-02
5.397900342941284180e-01 6.210390925407409668e-01 -2.096715755760669708e-02
5.194472074508666992e-01 6.255102753639221191e-01 -4.178263619542121887e-02
5.582892894744873047e-01 5.254228115081787109e-01 2.720144577324390411e-03
5.868838429450988770e-01 5.412996411323547363e-01 1.200136169791221619e-02
5.484749674797058105e-01 5.909543037414550781e-01 -2.629209123551845551e-02
6.239637136459350586e-01 2.547717094421386719e-01 5.921697616577148438e-02
6.179391741752624512e-01 2.873819470405578613e-01 3.113844990730285645e-02
6.097968220710754395e-01 3.222047090530395508e-01 9.302373975515365601e-03
5.535113811492919922e-01 7.460668087005615234e-01 -2.111953217536211014e-03
5.344793200492858887e-01 3.311111032962799072e-01 -2.693624421954154968e-02
5.366095304489135742e-01 2.786296904087066650e-01 -1.670122519135475159e-02
5.393504500389099121e-01 2.207334935665130615e-01 -4.384776577353477478e-03
6.090959906578063965e-01 4.609842300415039062e-01 3.849354386329650879e-02
6.443542838096618652e-01 4.845207929611206055e-01 6.990092992782592773e-02
5.370692014694213867e-01 4.536711871623992920e-01 1.867847517132759094e-02
6.301146149635314941e-01 4.136531949043273926e-01 5.069575458765029907e-02
5.295976400375366211e-01 4.937551021575927734e-01 -1.332482788711786270e-02
5.399739146232604980e-01 5.873959064483642578e-01 -6.075450405478477478e-02
6.587975025177001953e-01 5.003888010978698730e-01 9.289524704217910767e-02
6.352425813674926758e-01 5.043093562126159668e-01 5.152539908885955811e-02
6.151762008666992188e-01 5.155225992202758789e-01 3.106910176575183868e-02
5.829808115959167480e-01 5.128597617149353027e-01 1.919599995017051697e-02
5.585739612579345703e-01 5.030219554901123047e-01 1.175076328217983246e-02
5.407395958900451660e-01 4.910888075828552246e-01 4.637219943106174469e-03
5.086247324943542480e-01 4.583822488784790039e-01 -3.438115492463111877e-02
6.563336849212646484e-01 5.547763109207153320e-01 8.685739338397979736e-02
6.423317193984985352e-01 4.072502851486206055e-01 6.181044504046440125e-02
5.092826485633850098e-01 6.203146576881408691e-01 -8.295509219169616699e-02
5.397112965583801270e-01 5.376001000404357910e-01 -1.420782972127199173e-02
6.622047424316406250e-01 4.459856152534484863e-01 2.080335170030593872e-01
5.278604030609130859e-01 4.767279326915740967e-01 6.714604678563773632e-04
5.484095215797424316e-01 5.916693210601806641e-01 -9.079594165086746216e-03
6.215824484825134277e-01 4.343605637550354004e-01 5.477718636393547058e-02
5.388722419738769531e-01 5.687506794929504395e-01 -5.405532568693161011e-02
6.471381187438964844e-01 6.190826296806335449e-01 2.104064226150512695e-01
5.364218950271606445e-01 4.432333111763000488e-01 2.347339317202568054e-02
5.284023880958557129e-01 5.536196231842041016e-01 -7.279440015554428101e-02
6.134904026985168457e-01 7.462859153747558594e-01 8.431213349103927612e-02
6.069101095199584961e-01 7.708567976951599121e-01 1.185750812292098999e-01
6.631690859794616699e-01 5.570647120475769043e-01 1.542278528213500977e-01
6.312591433525085449e-01 7.114983201026916504e-01 1.113284677267074585e-01
6.597601175308227539e-01 3.974676132202148438e-01 1.267554908990859985e-01
5.557988882064819336e-01 8.301929235458374023e-01 1.959525980055332184e-02
5.057333111763000488e-01 6.250883340835571289e-01 -5.967502295970916748e-02
5.543010830879211426e-01 5.559209585189819336e-01 -6.251433398574590683e-03
6.555042266845703125e-01 4.495359063148498535e-01 9.940711408853530884e-02
5.953555107116699219e-01 4.520982205867767334e-01 2.931203320622444153e-02
5.797824859619140625e-01 4.552396237850189209e-01 2.296646311879158020e-02
5.536916255950927734e-01 7.162041664123535156e-01 -2.238471992313861847e-03
6.505690217018127441e-01 6.050560474395751953e-01 9.064979851245880127e-02
5.251637697219848633e-01 8.645836710929870605e-01 2.111517451703548431e-02
5.682161450386047363e-01 8.272241353988647461e-01 6.397274136543273926e-02
5.858764052391052246e-01 8.040562868118286133e-01 8.791482448577880859e-02
5.643740296363830566e-01 4.540903568267822266e-01 2.023857086896896362e-02
5.501096844673156738e-01 4.495469927787780762e-01 2.113515883684158325e-02
5.409857034683227539e-01 4.463365972042083740e-01 2.403289638459682465e-02
6.519187688827514648e-01 4.011863172054290771e-01 8.198018372058868408e-02
5.512301921844482422e-01 4.243097901344299316e-01 1.814446225762367249e-02
5.662195086479187012e-01 4.162009358406066895e-01 1.750676333904266357e-02
5.824248790740966797e-01 4.137461185455322266e-01 2.061324380338191986e-02
5.985873937606811523e-01 4.172638654708862305e-01 2.704984135925769806e-02
6.083691120147705078e-01 4.240873456001281738e-01 3.411759808659553528e-02
6.633694171905517578e-01 3.866057693958282471e-01 1.783011853694915771e-01
6.054191589355468750e-01 4.470680952072143555e-01 3.678916767239570618e-02
5.490276217460632324e-01 6.543395519256591797e-01 -2.186645194888114929e-02
5.360445976257324219e-01 6.075288653373718262e-01 -4.382719844579696655e-02
5.196784138679504395e-01 6.488677263259887695e-01 -4.153347387909889221e-02
5.939415097236633301e-01 7.792220711708068848e-01 6.304568052291870117e-02
5.752032995223999023e-01 8.042151927947998047e-01 4.231673479080200195e-02
5.293540954589843750e-01 8.509398102760314941e-01 -1.718682586215436459e-03
6.221956610679626465e-01 7.331896424293518066e-01 1.566286385059356689e-01
5.410877466201782227e-01 4.355206191539764404e-01 2.135292999446392059e-02
5.214403271675109863e-01 5.020772218704223633e-01 -3.982952982187271118e-02
5.493470430374145508e-01 8.481103181838989258e-01 3.925369679927825928e-02
6.559814214706420898e-01 6.123934984207153320e-01 1.495444029569625854e-01
5.267213582992553711e-01 7.095900177955627441e-01 -2.319641225039958954e-02
5.296769142150878906e-01 7.155843973159790039e-01 -2.628879807889461517e-02
5.323435068130493164e-01 7.255704998970031738e-01 -2.938531525433063507e-02
5.342217683792114258e-01 7.387796640396118164e-01 -2.655870839953422546e-02
5.372816324234008789e-01 7.611474990844726562e-01 -1.180511433631181717e-02
5.454118251800537109e-01 7.065234780311584473e-01 -5.907700397074222565e-03
5.508306026458740234e-01 7.044885158538818359e-01 -5.239105317741632462e-03
5.558267235755920410e-01 7.006205320358276367e-01 -4.631116520613431931e-03
5.737179517745971680e-01 6.846428513526916504e-01 1.321563264355063438e-03
6.331965923309326172e-01 6.213521957397460938e-01 4.971772804856300354e-02
5.189455151557922363e-01 4.743798971176147461e-01 -2.272719144821166992e-02
5.244760513305664062e-01 4.214022457599639893e-01 7.902403362095355988e-03
5.338543057441711426e-01 4.273225069046020508e-01 1.720861531794071198e-02
5.412411689758300781e-01 7.036080956459045410e-01 -4.557054955512285233e-03
6.299058198928833008e-01 6.794492602348327637e-01 7.552158087491989136e-02
5.115463733673095703e-01 4.182176887989044189e-01 -1.610596664249897003e-02
5.461373925209045410e-01 7.847815752029418945e-01 -9.318004013039171696e-04
5.108065009117126465e-01 4.883569777011871338e-01 -5.313649773597717285e-02
5.326433777809143066e-01 5.443918108940124512e-01 -3.885212913155555725e-02
5.222563147544860840e-01 7.996791005134582520e-01 -1.378228608518838882e-02
5.808406472206115723e-01 7.386042475700378418e-01 2.105620689690113068e-02
5.633324384689331055e-01 6.105909347534179688e-01 -3.237305441871285439e-03
5.648443698883056641e-01 7.648254632949829102e-01 1.044399291276931763e-02
6.024538278579711914e-01 6.029840707778930664e-01 9.165314026176929474e-03
5.798268914222717285e-01 6.341341137886047363e-01 1.029603066854178905e-03
6.140546202659606934e-01 6.421928405761718750e-01 2.392888814210891724e-02
5.283360481262207031e-01 8.287482857704162598e-01 -1.144677866250276566e-02
5.401557683944702148e-01 5.588021278381347656e-01 -2.499680593609809875e-02
5.926743745803833008e-01 7.547358274459838867e-01 4.072446748614311218e-02
5.732916593551635742e-01 7.822058796882629395e-01 2.609337121248245239e-02
5.944281220436096191e-01 7.079018950462341309e-01 2.566932886838912964e-02
6.437193751335144043e-01 6.474580764770507812e-01 9.513764828443527222e-02
6.121374368667602539e-01 7.086064815521240234e-01 4.684387892484664917e-02
6.464597582817077637e-01 6.637833118438720703e-01 1.395991295576095581e-01
5.914765596389770508e-01 6.653070449829101562e-01 1.024812646210193634e-02
5.302038192749023438e-01 5.196048617362976074e-01 -2.599538490176200867e-02
5.351700782775878906e-01 6.003012061119079590e-01 -6.514555960893630981e-02
5.426821708679199219e-01 6.048426628112792969e-01 -4.511814936995506287e-02
5.307983160018920898e-01 5.825629830360412598e-01 -7.855073362588882446e-02
5.395936369895935059e-01 3.949233889579772949e-01 4.064041189849376678e-03
5.680918097496032715e-01 3.782961368560791016e-01 5.474882666021585464e-03
5.927041172981262207e-01 3.752058148384094238e-01 1.092649158090353012e-02
6.124019622802734375e-01 3.796640634536743164e-01 2.177747525274753571e-02
6.250010728836059570e-01 3.917694091796875000e-01 3.501651436090469360e-02
6.311348080635070801e-01 4.398213624954223633e-01 6.386335194110870361e-02
6.667385101318359375e-01 5.030951499938964844e-01 1.516478210687637329e-01
6.202372908592224121e-01 4.787693619728088379e-01 4.663110896944999695e-02
6.036018133163452148e-01 4.877110719680786133e-01 3.316827490925788879e-02
5.812336802482604980e-01 4.890903532505035400e-01 2.255026437342166901e-02
5.591763854026794434e-01 4.837571680545806885e-01 1.529628783464431763e-02
5.423364639282226562e-01 4.750218689441680908e-01 1.327430736273527145e-02
5.309497117996215820e-01 4.661284685134887695e-01 1.042740605771541595e-02
6.574099659919738770e-01 5.017135739326477051e-01 2.203690856695175171e-01
5.407264232635498047e-01 6.109467148780822754e-01 -3.629269450902938843e-02
5.237499475479125977e-01 5.268529653549194336e-01 -5.388173460960388184e-02
5.265198349952697754e-01 6.027381420135498047e-01 -8.098071068525314331e-02
5.159368515014648438e-01 6.152512431144714355e-01 -7.508604228496551514e-02
5.247438549995422363e-01 6.065548062324523926e-01 -7.217973470687866211e-02
5.355899930000305176e-01 6.182116270065307617e-01 -3.126410394906997681e-02
5.140629410743713379e-01 6.182216405868530273e-01 -8.010673522949218750e-02
5.105707645416259766e-01 6.229226589202880859e-01 -5.925562232732772827e-02
5.308220386505126953e-01 4.448828101158142090e-01 1.963989622890949249e-02
5.218135118484497070e-01 4.509556889533996582e-01 7.145895622670650482e-03
5.179359316825866699e-01 4.552090167999267578e-01 -5.377538967877626419e-03
6.137464046478271484e-01 4.292793273925781250e-01 4.132669791579246521e-02
6.216372847557067871e-01 4.176594018936157227e-01 4.322734847664833069e-02
