4.225543439388275146e-01 6.987975835800170898e-01 -4.382240772247314453e-02
4.239617288112640381e-01 6.322975158691406250e-01 -7.849583029747009277e-02
4.217368960380554199e-01 6.534014344215393066e-01 -4.067711904644966125e-02
4.070706069469451904e-01 5.573333501815795898e-01 -5.919615179300308228e-02
4.236539006233215332e-01 6.092755794525146484e-01 -8.352299034595489502e-02
4.218010306358337402e-01 5.784460902214050293e-01 -7.725696265697479248e-02
4.163592159748077393e-01 5.042459964752197266e-01 -3.580999001860618591e-02
2.999314665794372559e-01 4.998774230480194092e-01 1.254962291568517685e-02
4.134882688522338867e-01 4.421390295028686523e-01 -2.482260391116142273e-02
4.128721654415130615e-01 4.107429385185241699e-01 -2.775088325142860413e-02
4.084331989288330078e-01 3.092626035213470459e-01 -1.121155545115470886e-02
4.225845038890838623e-01 7.090792059898376465e-01 -4.204169288277626038e-02
4.221894443035125732e-01 7.169961333274841309e-01 -3.684766963124275208e-02
4.216766357421875000e-01 7.203018069267272949e-01 -3.009365871548652649e-02
4.219314157962799072e-01 7.235338091850280762e-01 -3.094639070332050323e-02
4.224473834037780762e-01 7.324476838111877441e-01 -3.322963416576385498e-02
4.228475093841552734e-01 7.439026832580566406e-01 -3.573796153068542480e-02
4.227728545665740967e-01 7.554459571838378906e-01 -3.285020962357521057e-02
4.218459129333496094e-01 7.744141817092895508e-01 -1.706415228545665741e-02
4.233850538730621338e-01 6.438117623329162598e-01 -7.074772566556930542e-02
4.094389081001281738e-01 6.424724459648132324e-01 -5.129801109433174133e-02
2.340198904275894165e-01 4.174646735191345215e-01 8.063252270221710205e-02
3.460657000541687012e-01 5.187880992889404297e-01 -6.516955327242612839e-04
3.307123184204101562e-01 5.211648344993591309e-01 -5.033593042753636837e-04
3.157605826854705811e-01 5.208632349967956543e-01 2.937274286523461342e-03
2.945133745670318604e-01 5.085242986679077148e-01 1.427748054265975952e-02
3.587952256202697754e-01 5.125628709793090820e-01 2.896802267059683800e-03
3.247091174125671387e-01 4.597631096839904785e-01 -6.267061457037925720e-03
3.412399590015411377e-01 4.610744714736938477e-01 -4.865844734013080597e-03
3.091811835765838623e-01 4.640088379383087158e-01 -2.317232312634587288e-03
2.984482944011688232e-01 4.729316234588623047e-01 3.019726602360606194e-03
2.822008132934570312e-01 5.246862769126892090e-01 2.120728604495525360e-02
3.665337562561035156e-01 8.111123442649841309e-01 -4.901431035250425339e-03
2.938718199729919434e-01 4.938215017318725586e-01 1.726236753165721893e-02
2.302804291248321533e-01 5.141677260398864746e-01 8.471617847681045532e-02
2.633006572723388672e-01 5.089838504791259766e-01 3.552759811282157898e-02
3.420566320419311523e-01 6.135666966438293457e-01 -1.531103812158107758e-02
4.056105017662048340e-01 6.966104507446289062e-01 -4.315646737813949585e-02
4.080951511859893799e-01 7.174201011657714844e-01 -3.613822534680366516e-02
3.878832459449768066e-01 7.048674225807189941e-01 -3.643033280968666077e-02
3.763869106769561768e-01 7.140112519264221191e-01 -2.807790413498878479e-02
3.954253792762756348e-01 7.197985649108886719e-01 -3.232449665665626526e-02
3.852694034576416016e-01 7.225573658943176270e-01 -2.421808242797851562e-02
3.564575910568237305e-01 7.463977932929992676e-01 -7.941300049424171448e-03
4.117215573787689209e-01 6.325554847717285156e-01 -7.791587710380554199e-02
4.093186855316162109e-01 6.102269291877746582e-01 -8.255808055400848389e-02
2.736682891845703125e-01 4.492899477481842041e-01 7.691292557865381241e-03
3.700245022773742676e-01 5.559350252151489258e-01 -1.462502125650644302e-02
3.764940202236175537e-01 6.275378465652465820e-01 -4.406463354825973511e-02
3.741452097892761230e-01 6.152045726776123047e-01 -3.977581113576889038e-02
2.933666110038757324e-01 6.132268309593200684e-01 -1.120521046686917543e-04
4.082806110382080078e-01 5.816026926040649414e-01 -7.366243749856948853e-02
3.109641075134277344e-01 4.214383959770202637e-01 -1.437756046652793884e-02
2.893573939800262451e-01 4.310841262340545654e-01 -4.251213278621435165e-03
2.509786784648895264e-01 3.770301043987274170e-01 5.258545279502868652e-02
3.793660700321197510e-01 4.368917942047119141e-01 -2.268655039370059967e-02
3.555991947650909424e-01 4.687294661998748779e-01 2.762356889434158802e-04
3.447292149066925049e-01 7.278378009796142578e-01 -5.578887648880481720e-03
2.518107891082763672e-01 7.159805297851562500e-01 1.240436211228370667e-01
3.875872492790222168e-01 6.392968297004699707e-01 -3.751112520694732666e-02
3.996271491050720215e-01 6.448794603347778320e-01 -3.726495057344436646e-02
3.633867800235748291e-01 7.269905805587768555e-01 -7.164167705923318863e-03
3.698632717132568359e-01 7.248076200485229492e-01 -1.079014502465724945e-02
2.794893383979797363e-01 4.167615175247192383e-01 2.075527328997850418e-03
3.760238885879516602e-01 6.369141340255737305e-01 -3.571177273988723755e-02
3.400313556194305420e-01 4.211081862449645996e-01 -2.087028510868549347e-02
3.369415104389190674e-01 4.030293822288513184e-01 -2.406723424792289734e-02
3.173812329769134521e-01 3.230298459529876709e-01 1.641341659706085920e-04
2.652616500854492188e-01 3.969714045524597168e-01 2.301496267318725586e-02
3.290744125843048096e-01 3.628928065299987793e-01 -1.326313056051731110e-02
2.625350058078765869e-01 4.397624731063842773e-01 1.995996385812759399e-02
2.481287717819213867e-01 4.301317632198333740e-01 4.782640561461448669e-02
4.067359268665313721e-01 7.087423801422119141e-01 -4.156769067049026489e-02
3.923461139202117920e-01 7.141224145889282227e-01 -3.530531004071235657e-02
3.810419142246246338e-01 7.187610268592834473e-01 -2.746283821761608124e-02
3.913624286651611328e-01 6.427814960479736328e-01 -3.358923271298408508e-02
3.669789731502532959e-01 7.262210249900817871e-01 -8.892253972589969635e-03
3.726779222488403320e-01 7.289570569992065430e-01 -1.741343177855014801e-02
3.708478212356567383e-01 7.233375310897827148e-01 -1.104305312037467957e-02
3.954119980335235596e-01 6.325939893722534180e-01 -5.775799229741096497e-02
3.875809013843536377e-01 7.210626602172851562e-01 -2.157036773860454559e-02
3.976965546607971191e-01 7.205644845962524414e-01 -2.644616924226284027e-02
4.092632234096527100e-01 7.203086614608764648e-01 -2.997773513197898865e-02
4.033473730087280273e-01 7.753628492355346680e-01 -1.794904656708240509e-02
4.057841598987579346e-01 7.549669742584228516e-01 -3.348369523882865906e-02
4.064977169036865234e-01 7.424893379211425781e-01 -3.576486557722091675e-02
4.073166549205780029e-01 7.315188646316528320e-01 -3.301074728369712830e-02
4.081659317016601562e-01 7.240013480186462402e-01 -3.061805292963981628e-02
3.849089145660400391e-01 7.241909503936767578e-01 -2.176484093070030212e-02
3.829828202724456787e-01 7.270192503929138184e-01 -2.427965216338634491e-02
3.801938295364379883e-01 7.328062057495117188e-01 -2.675445005297660828e-02
3.774014115333557129e-01 7.403335571289062500e-01 -2.426430583000183105e-02
3.610552847385406494e-01 6.911054849624633789e-01 -2.305540256202220917e-02
2.293223142623901367e-01 6.088340878486633301e-01 1.458108425140380859e-01
4.225380420684814453e-01 6.475933194160461426e-01 -5.106772482395172119e-02
3.780727088451385498e-01 7.245281934738159180e-01 -1.568856276571750641e-02
3.758021891117095947e-01 7.259185314178466797e-01 -1.730158738791942596e-02
4.046409726142883301e-01 6.539563536643981934e-01 -3.806774318218231201e-02
3.809642195701599121e-01 6.495041251182556152e-01 -2.422640845179557800e-02
4.023313522338867188e-01 6.496760249137878418e-01 -3.787284716963768005e-02
3.541854918003082275e-01 5.696674585342407227e-01 -1.099965628236532211e-02
3.291072845458984375e-01 5.858271121978759766e-01 -8.224586956202983856e-03
3.717650771141052246e-01 6.247621774673461914e-01 -3.142243251204490662e-02
2.774096727371215820e-01 3.448809981346130371e-01 2.376236580312252045e-02
2.907746136188507080e-01 3.733479976654052734e-01 3.179086837917566299e-03
3.045393824577331543e-01 4.039105772972106934e-01 -1.257541310042142868e-02
3.684452772140502930e-01 7.586069703102111816e-01 -1.369009725749492645e-02
3.741948902606964111e-01 4.070004224777221680e-01 -2.887444943189620972e-02
3.679182827472686768e-01 3.615843653678894043e-01 -2.149265818297863007e-02
3.597673177719116211e-01 3.127599060535430908e-01 -1.181655190885066986e-02
3.024527132511138916e-01 5.169522762298583984e-01 8.945888839662075043e-03
2.654985487461090088e-01 5.421077013015747070e-01 2.795675583183765411e-02
3.670273423194885254e-01 5.062310099601745605e-01 5.564894527196884155e-03
2.809584736824035645e-01 4.803749322891235352e-01 1.491046044975519180e-02
3.805589675903320312e-01 5.407754182815551758e-01 -1.895433105528354645e-02
3.853133618831634521e-01 6.193531155586242676e-01 -5.791009962558746338e-02
2.481113523244857788e-01 5.575914382934570312e-01 4.291424900293350220e-02
2.779226303100585938e-01 5.583557486534118652e-01 1.460039429366588593e-02
2.996694445610046387e-01 5.662794113159179688e-01 1.918261987157166004e-03
3.299305438995361328e-01 5.607973933219909668e-01 -2.193839522078633308e-03
3.514635562896728516e-01 5.501933097839355469e-01 -3.816020209342241287e-03
3.672530055046081543e-01 5.388695597648620605e-01 -6.187261547893285751e-03
4.015529751777648926e-01 5.103970170021057129e-01 -3.155425190925598145e-02
2.533785700798034668e-01 6.046987175941467285e-01 3.811955079436302185e-02
2.671281993389129639e-01 4.768993258476257324e-01 2.138986438512802124e-02
4.161733090877532959e-01 6.430556178092956543e-01 -7.056492567062377930e-02
3.740233778953552246e-01 5.785768628120422363e-01 -2.106817066669464111e-02
2.217625528573989868e-01 5.113770365715026855e-01 1.349124908447265625e-01
3.790994286537170410e-01 5.260619521141052246e-01 -7.156337145715951920e-03
3.692680597305297852e-01 6.257919073104858398e-01 -1.694510132074356079e-02
2.892263531684875488e-01 4.955703318119049072e-01 1.968608796596527100e-02
3.832669258117675781e-01 6.042174100875854492e-01 -5.238635092973709106e-02
2.372246682643890381e-01 6.616447567939758301e-01 1.389871239662170410e-01
3.663987219333648682e-01 4.972783029079437256e-01 9.074328467249870300e-03
3.951433897018432617e-01 5.903610587120056152e-01 -6.586427986621856689e-02
2.954603433609008789e-01 7.685115933418273926e-01 4.442246630787849426e-02
2.937356531620025635e-01 7.900478839874267578e-01 7.253409922122955322e-02
2.342898696660995483e-01 6.081726551055908203e-01 9.139481186866760254e-02
2.728806734085083008e-01 7.402881979942321777e-01 6.242201849818229675e-02
2.382287979125976562e-01 4.691343307495117188e-01 7.043340802192687988e-02
3.631491065025329590e-01 8.307099342346191406e-01 3.803380299359560013e-03
4.170706570148468018e-01 6.469630002975463867e-01 -5.036924034357070923e-02
3.605561554431915283e-01 5.955640077590942383e-01 -1.672416180372238159e-02
2.485575675964355469e-01 5.136131644248962402e-01 4.933096840977668762e-02
3.164431750774383545e-01 5.069317221641540527e-01 4.188066348433494568e-03
3.299144208431243896e-01 5.084850192070007324e-01 1.386775518767535686e-03
3.690848350524902344e-01 7.335161566734313965e-01 -1.521106343716382980e-02
2.587721943855285645e-01 6.481124162673950195e-01 4.251485690474510193e-02
3.901740014553070068e-01 8.551912903785705566e-01 1.049052923917770386e-02
3.427424430847167969e-01 8.317489027976989746e-01 3.613017499446868896e-02
3.205665349960327148e-01 8.155014514923095703e-01 5.152181163430213928e-02
4.109615683555603027e-01 3.616918027400970459e-01 -2.131736278533935547e-02
4.208662211894989014e-01 8.566294908523559570e-01 8.649001829326152802e-03
3.428673744201660156e-01 5.067364573478698730e-01 1.956658670678734779e-03
3.548703789710998535e-01 5.026496648788452148e-01 4.929468501359224319e-03
3.626508712768554688e-01 4.999037981033325195e-01 8.712243288755416870e-03
2.540938258171081543e-01 4.727665781974792480e-01 3.609647229313850403e-02
3.525377810001373291e-01 4.809085428714752197e-01 2.540264045819640160e-03
3.389936387538909912e-01 4.742407798767089844e-01 -3.106449730694293976e-04
3.251921534538269043e-01 4.731428623199462891e-01 -7.370339008048176765e-04
3.114035725593566895e-01 4.775990843772888184e-01 2.193552209064364433e-03
3.028438389301300049e-01 4.844833016395568848e-01 6.239308044314384460e-03
2.247955650091171265e-01 4.597486853599548340e-01 1.113308668136596680e-01
3.068577349185943604e-01 5.036830902099609375e-01 8.684497326612472534e-03
4.217148423194885254e-01 6.670203208923339844e-01 -3.782806918025016785e-02
3.745614290237426758e-01 6.788260340690612793e-01 -2.789355069398880005e-02
3.874540925025939941e-01 6.361625194549560547e-01 -4.280336573719978333e-02
4.028091132640838623e-01 6.702629327774047852e-01 -3.833293169736862183e-02
4.142408370971679688e-01 4.730641841888427734e-01 -2.473663538694381714e-02
3.186294436454772949e-01 7.939133048057556152e-01 3.142010048031806946e-02
3.400854468345642090e-01 8.126554489135742188e-01 1.844622753560543060e-02
3.903754651546478271e-01 8.434865474700927734e-01 -8.092992007732391357e-03
2.714087665081024170e-01 7.592319250106811523e-01 9.984780102968215942e-02
3.622489869594573975e-01 4.908310770988464355e-01 6.497835274785757065e-03
3.932590484619140625e-01 5.473263263702392578e-01 -3.823472186923027039e-02
4.221839010715484619e-01 8.440807461738586426e-01 -9.450953453779220581e-03
3.654503822326660156e-01 8.457501530647277832e-01 2.014529891312122345e-02
2.416679263114929199e-01 6.561236381530761719e-01 8.906254917383193970e-02
3.956612646579742432e-01 7.237665057182312012e-01 -2.678324654698371887e-02
3.938329815864562988e-01 7.291076183319091797e-01 -2.969780564308166504e-02
3.919823467731475830e-01 7.377769947052001953e-01 -3.220107778906822205e-02
3.903468251228332520e-01 7.491368055343627930e-01 -3.014356270432472229e-02
3.842771947383880615e-01 7.688457965850830078e-01 -1.807528175413608551e-02
3.762286603450775146e-01 7.241889834403991699e-01 -1.690269634127616882e-02
3.720375299453735352e-01 7.232645750045776367e-01 -1.754877157509326935e-02
3.675079941749572754e-01 7.206631898880004883e-01 -1.800440624356269836e-02
3.503095507621765137e-01 7.082875370979309082e-01 -1.533873938024044037e-02
2.827540934085845947e-01 6.599982976913452148e-01 1.400324888527393341e-02
3.911474943161010742e-01 5.241323709487915039e-01 -2.415053173899650574e-02
3.790919482707977295e-01 4.798384010791778564e-01 2.574943355284631252e-04
3.691388964653015137e-01 4.846054911613464355e-01 4.756006412208080292e-03
3.787323534488677979e-01 7.212196588516235352e-01 -1.534603908658027649e-02
2.821862995624542236e-01 7.108891010284423828e-01 3.482700511813163757e-02
3.938578069210052490e-01 4.773582816123962402e-01 -1.674768328666687012e-02
3.744153678417205811e-01 7.902992963790893555e-01 -1.004002522677183151e-02
4.199912846088409424e-01 5.533136129379272461e-01 -6.296634674072265625e-02
4.041377007961273193e-01 5.353180766105651855e-01 -4.675325006246566772e-02
4.182055890560150146e-01 5.299263000488281250e-01 -4.904080554842948914e-02
3.848532140254974365e-01 5.835709571838378906e-01 -3.903850167989730835e-02
4.226813018321990967e-01 8.241486549377441406e-01 -1.759120263159275055e-02
4.223814904689788818e-01 7.980216741561889648e-01 -1.702173985540866852e-02
3.980964720249176025e-01 7.990875840187072754e-01 -1.599870435893535614e-02
3.394067883491516113e-01 7.559658885002136230e-01 4.436197632458060980e-04
3.561749458312988281e-01 6.432131528854370117e-01 -1.459829695522785187e-02
3.553314507007598877e-01 7.763093113899230957e-01 -4.538320004940032959e-03
3.183298110961914062e-01 6.402426958084106445e-01 -1.164686214178800583e-02
3.420625627040863037e-01 6.645967960357666016e-01 -1.451035216450691223e-02
3.064002394676208496e-01 6.755678057670593262e-01 -2.354377880692481995e-03
3.930603563785552979e-01 8.241535425186157227e-01 -1.585051789879798889e-02
3.762390017509460449e-01 5.966075658798217773e-01 -2.939231321215629578e-02
3.248246908187866211e-01 7.717186808586120605e-01 1.409591641277074814e-02
3.455032110214233398e-01 7.926996946334838867e-01 6.562878377735614777e-03
3.267322480678558350e-01 7.311311364173889160e-01 1.137099810875952244e-03
2.646664977073669434e-01 6.844779253005981445e-01 4.772935435175895691e-02
3.048391342163085938e-01 7.341960668563842773e-01 1.513489149510860443e-02
2.528485655784606934e-01 7.001895308494567871e-01 8.225088566541671753e-02
3.312629759311676025e-01 6.930882930755615234e-01 -9.765571914613246918e-03
3.837494552135467529e-01 5.625928640365600586e-01 -2.916014008224010468e-02
3.907257020473480225e-01 6.293018460273742676e-01 -6.086933985352516174e-02
3.814644813537597656e-01 6.348049044609069824e-01 -4.507171362638473511e-02
3.964419364929199219e-01 6.139248609542846680e-01 -7.069797068834304810e-02
3.661818206310272217e-01 4.593626856803894043e-01 -5.420720204710960388e-03
3.414582610130310059e-01 4.476675987243652344e-01 -9.215364232659339905e-03
3.199213445186614990e-01 4.464164972305297852e-01 -9.442361071705818176e-03
3.016471266746520996e-01 4.513547420501708984e-01 -4.728887230157852173e-03
2.884109914302825928e-01 4.621298611164093018e-01 3.359080990776419640e-03
2.780821621417999268e-01 5.021108388900756836e-01 2.541198208928108215e-02
2.298765331506729126e-01 5.609776973724365234e-01 8.833407610654830933e-02
2.917070388793945312e-01 5.342016816139221191e-01 1.365115214139223099e-02
3.086628615856170654e-01 5.405812263488769531e-01 5.802509840577840805e-03
3.295733034610748291e-01 5.393018722534179688e-01 9.341153781861066818e-04
3.488718867301940918e-01 5.331487655639648438e-01 -9.568629902787506580e-04
3.636126816272735596e-01 5.248638987541198730e-01 7.048489642329514027e-04
3.739278912544250488e-01 5.169026851654052734e-01 3.485690394882112741e-04
2.248081713914871216e-01 5.595383048057556152e-01 1.454227119684219360e-01
3.818074464797973633e-01 6.401613354682922363e-01 -3.759110718965530396e-02
3.952102065086364746e-01 5.681512355804443359e-01 -4.998255893588066101e-02
4.012614488601684570e-01 6.299683451652526855e-01 -7.156749814748764038e-02
4.088205099105834961e-01 6.396145820617675781e-01 -6.490065157413482666e-02
4.011159837245941162e-01 6.332746744155883789e-01 -6.442324817180633545e-02
3.858313560485839844e-01 6.461505889892578125e-01 -3.209860250353813171e-02
4.116430282592773438e-01 6.417245268821716309e-01 -6.859086453914642334e-02
4.125412404537200928e-01 6.456904411315917969e-01 -5.083955451846122742e-02
3.722315132617950439e-01 4.987537264823913574e-01 7.886695675551891327e-03
3.819824159145355225e-01 5.038559436798095703e-01 -4.083328531123697758e-04
3.879217803478240967e-01 5.076140761375427246e-01 -9.786899201571941376e-03
2.978825271129608154e-01 4.896018505096435547e-01 1.101633720099925995e-02
2.903122901916503906e-01 4.822591841220855713e-01 1.112579554319381714e-02
4.322414398193359375e-01 5.561073422431945801e-01 -5.663647875189781189e-02
5.181961059570312500e-01 4.901002049446105957e-01 3.122278861701488495e-02
4.342978000640869141e-01 6.411749720573425293e-01 -4.938269406557083130e-02
5.609810352325439453e-01 4.023193120956420898e-01 1.094246655702590942e-01
4.763361215591430664e-01 5.135979056358337402e-01 1.136257313191890717e-02
4.912147521972656250e-01 5.143806338310241699e-01 1.400882191956043243e-02
5.050320029258728027e-01 5.122447609901428223e-01 1.957336626946926117e-02
5.223779082298278809e-01 4.978848397731781006e-01 3.424009680747985840e-02
4.638499915599822998e-01 5.086366534233093262e-01 1.233452651649713516e-02
4.945684671401977539e-01 4.526472389698028564e-01 8.852635510265827179e-03
4.783870577812194824e-01 4.554494619369506836e-01 6.829651072621345520e-03
5.093972086906433105e-01 4.554472565650939941e-01 1.522691547870635986e-02
5.193408727645874023e-01 4.631758332252502441e-01 2.182301878929138184e-02
5.336850881576538086e-01 5.120918750762939453e-01 4.261991009116172791e-02
4.738367795944213867e-01 8.026921153068542480e-01 3.606060519814491272e-03
5.227508544921875000e-01 4.835249781608581543e-01 3.683090209960937500e-02
5.697131156921386719e-01 4.960284233093261719e-01 1.141997873783111572e-01
5.480202436447143555e-01 4.943604469299316406e-01 5.968179553747177124e-02
4.890301227569580078e-01 6.054896116256713867e-01 -3.544704755768179893e-03
4.386818110942840576e-01 6.947816610336303711e-01 -4.015443846583366394e-02
4.355913400650024414e-01 7.158950567245483398e-01 -3.359057381749153137e-02
4.545136392116546631e-01 7.011103034019470215e-01 -3.040289878845214844e-02
4.640648365020751953e-01 7.090366482734680176e-01 -1.993113569915294647e-02
4.466252028942108154e-01 7.169806957244873047e-01 -2.726713567972183228e-02
4.550854861736297607e-01 7.187308073043823242e-01 -1.741450279951095581e-02
4.810965061187744141e-01 7.384466528892517090e-01 2.574902027845382690e-03
4.354583024978637695e-01 6.312018036842346191e-01 -7.619537413120269775e-02
4.371238946914672852e-01 6.087111830711364746e-01 -8.070093393325805664e-02
5.400793552398681641e-01 4.364417791366577148e-01 3.025290928781032562e-02
4.587609469890594482e-01 5.517870783805847168e-01 -6.747855339199304581e-03
4.627371430397033691e-01 6.229580044746398926e-01 -3.665701299905776978e-02
4.629646241664886475e-01 6.104872822761535645e-01 -3.221647068858146667e-02
5.314854979515075684e-01 5.997771024703979492e-01 1.985020190477371216e-02
4.348284304141998291e-01 5.802589058876037598e-01 -7.119354605674743652e-02
5.085802078247070312e-01 4.130385816097259521e-01 1.249048160389065742e-03
5.273529291152954102e-01 4.202599823474884033e-01 1.524869911372661591e-02
5.487218499183654785e-01 3.641876876354217529e-01 7.824351638555526733e-02
4.458074569702148438e-01 4.341186285018920898e-01 -1.752549409866333008e-02
4.646994769573211670e-01 4.644759297370910645e-01 9.899550117552280426e-03
4.913052618503570557e-01 7.189579606056213379e-01 7.436061743646860123e-03
5.522212386131286621e-01 6.957331299781799316e-01 1.510949581861495972e-01
4.525045454502105713e-01 6.358107924461364746e-01 -3.223833441734313965e-02
4.417054355144500732e-01 6.427734494209289551e-01 -3.453314676880836487e-02
4.740482568740844727e-01 7.206460237503051758e-01 3.949111793190240860e-03
4.674486517906188965e-01 7.192497849464416504e-01 -1.335410168394446373e-03
5.345008373260498047e-01 4.052732586860656738e-01 2.293315716087818146e-02
4.622311890125274658e-01 6.322055459022521973e-01 -2.863688394427299500e-02
4.823637604713439941e-01 4.151317477226257324e-01 -1.030751131474971771e-02
4.849480092525482178e-01 3.969197273254394531e-01 -1.297513116151094437e-02
4.935528934001922607e-01 3.163562119007110596e-01 1.478289440274238586e-02
5.420278906822204590e-01 3.844852745532989502e-01 4.598546028137207031e-02
4.881540834903717041e-01 3.566242158412933350e-01 -4.736228438559919596e-04
5.477358102798461914e-01 4.259999394416809082e-01 4.410888999700546265e-02
5.548810958862304688e-01 4.155367016792297363e-01 7.411005347967147827e-02
4.376173913478851318e-01 7.071030139923095703e-01 -3.861162811517715454e-02
4.503913521766662598e-01 7.109279632568359375e-01 -2.969400957226753235e-02
4.597754478454589844e-01 7.142148017883300781e-01 -2.007318288087844849e-02
4.487744867801666260e-01 6.396772265434265137e-01 -2.926087938249111176e-02
4.705279767513275146e-01 7.202405929565429688e-01 1.113866223022341728e-03
4.660938084125518799e-01 7.232961654663085938e-01 -9.116194210946559906e-03
4.659865498542785645e-01 7.179225683212280273e-01 -1.809145323932170868e-03
4.475671947002410889e-01 6.298233270645141602e-01 -5.272949114441871643e-02
4.516874253749847412e-01 7.175347208976745605e-01 -1.531051099300384521e-02
4.432197213172912598e-01 7.181890010833740234e-01 -2.175254188477993011e-02
4.331744909286499023e-01 7.190639376640319824e-01 -2.741596847772598267e-02
4.397843480110168457e-01 7.728342413902282715e-01 -1.557265780866146088e-02
4.391836524009704590e-01 7.530486583709716797e-01 -3.084683232009410858e-02
4.384345710277557373e-01 7.406124472618103027e-01 -3.307012468576431274e-02
4.369072020053863525e-01 7.298679351806640625e-01 -3.024843893945217133e-02
4.351957440376281738e-01 7.225109338760375977e-01 -2.788706868886947632e-02
4.549756050109863281e-01 7.199841737747192383e-01 -1.544898469001054764e-02
4.572680592536926270e-01 7.224932312965393066e-01 -1.795956306159496307e-02
4.604083299636840820e-01 7.279129624366760254e-01 -2.012777328491210938e-02
4.632611870765686035e-01 7.349235415458679199e-01 -1.702813059091567993e-02
4.772036969661712646e-01 6.843396425247192383e-01 -1.352105010300874710e-02
5.655500292778015137e-01 5.886971950531005859e-01 1.759434938430786133e-01
4.601392149925231934e-01 7.196960449218750000e-01 -7.599876262247562408e-03
4.629214406013488770e-01 7.208666801452636719e-01 -9.322286583483219147e-03
4.376147091388702393e-01 6.522907018661499023e-01 -3.548072278499603271e-02
4.572243094444274902e-01 6.451787948608398438e-01 -1.870872825384140015e-02
4.395235776901245117e-01 6.477918624877929688e-01 -3.530344367027282715e-02
4.738911092281341553e-01 5.637171864509582520e-01 -3.976703155785799026e-04
4.983862638473510742e-01 5.768852829933166504e-01 6.109043024480342865e-03
4.646300077438354492e-01 6.197804808616638184e-01 -2.374188415706157684e-02
5.277448892593383789e-01 3.346398472785949707e-01 4.457822814583778381e-02
5.212135910987854004e-01 3.638376593589782715e-01 2.155152894556522369e-02
5.134648084640502930e-01 3.950659632682800293e-01 3.963605966418981552e-03
4.710616767406463623e-01 7.516813874244689941e-01 -5.272932816296815872e-03
4.503308534622192383e-01 4.039839506149291992e-01 -2.323035895824432373e-02
4.524354934692382812e-01 3.583393990993499756e-01 -1.478605624288320541e-02
4.550122916698455811e-01 3.091503083705902100e-01 -4.307510331273078918e-03
5.163513422012329102e-01 5.070145130157470703e-01 2.739532664418220520e-02
5.489895343780517578e-01 5.271747708320617676e-01 5.205540359020233154e-02
4.557549357414245605e-01 5.030070543289184570e-01 1.403052546083927155e-02
5.336742997169494629e-01 4.683583676815032959e-01 3.668561205267906189e-02
4.490217864513397217e-01 5.376729965209960938e-01 -1.262803934514522552e-02
4.561893641948699951e-01 6.157445907592773438e-01 -5.197278037667274475e-02
5.628410577774047852e-01 5.401818156242370605e-01 7.007262110710144043e-02
5.406559705734252930e-01 5.444919466972351074e-01 3.704131022095680237e-02
5.229375362396240234e-01 5.544987320899963379e-01 2.095204032957553864e-02
4.950833618640899658e-01 5.524215698242187500e-01 1.232906337827444077e-02
4.743068814277648926e-01 5.444004535675048828e-01 7.186937611550092697e-03
4.590301215648651123e-01 5.347648859024047852e-01 1.945088501088321209e-03
4.302683174610137939e-01 5.091051459312438965e-01 -2.890961803495883942e-02
5.614227056503295898e-01 5.870506763458251953e-01 6.502114981412887573e-02
5.448191761970520020e-01 4.631276726722717285e-01 4.537584260106086731e-02
4.302669167518615723e-01 6.423050165176391602e-01 -6.914307922124862671e-02
4.576738476753234863e-01 5.746123790740966797e-01 -1.364443916827440262e-02
5.692256689071655273e-01 4.928811788558959961e-01 1.660278141498565674e-01
4.478289186954498291e-01 5.232591032981872559e-01 -8.004864212125539780e-04
4.651699662208557129e-01 6.205999851226806641e-01 -9.245747700333595276e-03
5.265015959739685059e-01 4.847792088985443115e-01 4.049253091216087341e-02
4.555317759513854980e-01 6.006144285202026367e-01 -4.625954851508140564e-02
5.612083077430725098e-01 6.412380933761596680e-01 1.679354757070541382e-01
4.552166461944580078e-01 4.940336346626281738e-01 1.800075545907020569e-02
4.460845589637756348e-01 5.877563357353210449e-01 -6.143474206328392029e-02
5.289753675460815430e-01 7.517607212066650391e-01 6.424231082201004028e-02
5.257661342620849609e-01 7.726322412490844727e-01 9.281954169273376465e-02
5.704794526100158691e-01 5.881146788597106934e-01 1.209329962730407715e-01
5.450346469879150391e-01 7.217801809310913086e-01 8.596538752317428589e-02
5.625325441360473633e-01 4.527484178543090820e-01 9.862685948610305786e-02
4.760874211788177490e-01 8.214483261108398438e-01 1.321182772517204285e-02
4.278217852115631104e-01 6.463822126388549805e-01 -4.967528581619262695e-02
4.704428613185882568e-01 5.899171829223632812e-01 -7.427404634654521942e-03
5.591632723808288574e-01 4.971647262573242188e-01 7.600536197423934937e-02
5.042413473129272461e-01 4.990708231925964355e-01 2.068061195313930511e-02
4.916131198406219482e-01 5.020490884780883789e-01 1.602931506931781769e-02
4.695902466773986816e-01 7.274379730224609375e-01 -6.050738040357828140e-03
5.576433539390563965e-01 6.302211284637451172e-01 6.830966472625732422e-02
4.501269757747650146e-01 8.502156734466552734e-01 1.561924442648887634e-02
4.893274307250976562e-01 8.196222782135009766e-01 4.938593879342079163e-02
5.061143636703491211e-01 8.006010055541992188e-01 6.822689622640609741e-02
4.788256287574768066e-01 5.017082095146179199e-01 1.441210508346557617e-02
4.668781161308288574e-01 4.985532462596893311e-01 1.567029580473899841e-02
4.590931236743927002e-01 4.963873922824859619e-01 1.835385523736476898e-02
5.539789199829101562e-01 4.574755132198333740e-01 6.179172173142433167e-02
4.673957228660583496e-01 4.762727916240692139e-01 1.314516738057136536e-02
4.798959791660308838e-01 4.684102535247802734e-01 1.205955911427736282e-02
4.932995438575744629e-01 4.658743739128112793e-01 1.406735740602016449e-02
5.067694187164306641e-01 4.687974452972412109e-01 1.869951188564300537e-02
5.149140357971191406e-01 4.747048616409301758e-01 2.426715753972530365e-02
5.675569772720336914e-01 4.428667426109313965e-01 1.415141969919204712e-01
5.126466155052185059e-01 4.946593642234802246e-01 2.650969289243221283e-02
4.649429917335510254e-01 6.736010313034057617e-01 -2.059331536293029785e-02
4.533932805061340332e-01 6.326336264610290527e-01 -3.758309409022331238e-02
4.398933649063110352e-01 6.682672500610351562e-01 -3.524922952055931091e-02
5.111424922943115234e-01 7.794314026832580566e-01 4.743648692965507507e-02
4.940895736217498779e-01 8.002796769142150879e-01 3.102747350931167603e-02
4.527193903923034668e-01 8.383933305740356445e-01 -3.293934743851423264e-03
5.400925874710083008e-01 7.400969862937927246e-01 1.238053813576698303e-01
4.590209126472473145e-01 4.870232343673706055e-01 1.605674996972084045e-02
4.411372542381286621e-01 5.450294613838195801e-01 -3.397919237613677979e-02
4.716620743274688721e-01 8.367801308631896973e-01 2.952864766120910645e-02
5.656676292419433594e-01 6.358057260513305664e-01 1.171764135360717773e-01
4.463032186031341553e-01 7.208540439605712891e-01 -2.214483730494976044e-02
4.486579895019531250e-01 7.258924841880798340e-01 -2.485311031341552734e-02
4.510695338249206543e-01 7.341469526290893555e-01 -2.720837295055389404e-02
4.529154598712921143e-01 7.452020645141601562e-01 -2.469342201948165894e-02
4.573022723197937012e-01 7.637831568717956543e-01 -1.220222655683755875e-02
4.623127877712249756e-01 7.194171547889709473e-01 -8.666154928505420685e-03
4.667493700981140137e-01 7.179353833198547363e-01 -8.379948325455188751e-03
4.709778428077697754e-01 7.147771120071411133e-01 -8.054903708398342133e-03
4.866929948329925537e-01 7.002545595169067383e-01 -3.430466167628765106e-03
5.408080220222473145e-01 6.446096897125244141e-01 3.518095239996910095e-02
4.394606053829193115e-01 5.219026207923889160e-01 -1.966658048331737518e-02
4.443398714065551758e-01 4.774929285049438477e-01 5.822303704917430878e-03
4.526682496070861816e-01 4.815509319305419922e-01 1.282609626650810242e-02
4.590702950954437256e-01 7.167938351631164551e-01 -7.352299056947231293e-03
5.405507087707519531e-01 6.944011449813842773e-01 5.656487122178077698e-02
4.328747987747192383e-01 4.758148193359375000e-01 -1.363845728337764740e-02
4.663003981113433838e-01 7.834185361862182617e-01 -3.024846315383911133e-03
4.316663146018981934e-01 5.339050292968750000e-01 -4.445586726069450378e-02
4.508374333381652832e-01 5.803467035293579102e-01 -3.351111710071563721e-02
4.455823004245758057e-01 7.955016493797302246e-01 -1.261843647807836533e-02
4.959568977355957031e-01 7.453968524932861328e-01 1.287966407835483551e-02
4.779397249221801758e-01 6.362884044647216797e-01 -5.150782875716686249e-03
4.824981391429901123e-01 7.672590017318725586e-01 5.177772138267755508e-03
5.119726657867431641e-01 6.290647983551025391e-01 3.440193831920623779e-03
4.921674728393554688e-01 6.558997035026550293e-01 -2.761453390121459961e-03
5.230159759521484375e-01 6.625342965126037598e-01 1.483985129743814468e-02
4.511057138442993164e-01 8.197236061096191406e-01 -1.126545853912830353e-02
4.577850103378295898e-01 5.926290154457092285e-01 -2.243249304592609406e-02
5.078502893447875977e-01 7.586532831192016602e-01 2.888760156929492950e-02
4.909158945083618164e-01 7.816617488861083984e-01 1.783241145312786102e-02
5.068959593772888184e-01 7.195569276809692383e-01 1.605579815804958344e-02
5.529344081878662109e-01 6.665851473808288574e-01 7.215094566345214844e-02
5.240530371665954590e-01 7.197465896606445312e-01 3.309933841228485107e-02
5.584687590599060059e-01 6.801165342330932617e-01 1.087981462478637695e-01
5.027422904968261719e-01 6.829435825347900391e-01 4.025993868708610535e-03
4.491289854049682617e-01 5.595431327819824219e-01 -2.298052795231342316e-02
4.520741701126098633e-01 6.261056661605834961e-01 -5.548450723290443420e-02
4.589001536369323730e-01 6.305937767028808594e-01 -3.901338204741477966e-02
4.476756155490875244e-01 6.112427711486816406e-01 -6.638208031654357910e-02
4.562178552150726318e-01 4.558216035366058350e-01 2.053610049188137054e-03
4.796889424324035645e-01 4.419909119606018066e-01 2.076228847727179527e-03
5.001742839813232422e-01 4.390370547771453857e-01 5.712561309337615967e-03
5.169299244880676270e-01 4.420245289802551270e-01 1.356432028114795685e-02
5.281535387039184570e-01 4.511731564998626709e-01 2.394212223589420319e-02
5.357553958892822266e-01 4.895327687263488770e-01 4.750607907772064209e-02
5.722801685333251953e-01 5.416305065155029297e-01 1.186108216643333435e-01
5.267534852027893066e-01 5.224693417549133301e-01 3.368272632360458374e-02
5.125879049301147461e-01 5.303735136985778809e-01 2.323200926184654236e-02
4.933983087539672852e-01 5.316718220710754395e-01 1.521679665893316269e-02
4.747971892356872559e-01 5.276288390159606934e-01 1.031006686389446259e-02
4.605257511138916016e-01 5.209451913833618164e-01 9.268213994801044464e-03
4.506430625915527344e-01 5.139595866203308105e-01 7.317634765058755875e-03
5.671615600585937500e-01 5.403184294700622559e-01 1.762411296367645264e-01
4.576293826103210449e-01 6.361093521118164062e-01 -3.159832581877708435e-02
4.426065683364868164e-01 5.656893849372863770e-01 -4.569990932941436768e-02
4.442627131938934326e-01 6.277107596397399902e-01 -6.811423599720001221e-02
4.360211789608001709e-01 6.382334828376770020e-01 -6.286380439996719360e-02
4.432698190212249756e-01 6.310266256332397461e-01 -6.087479367852210999e-02
4.534847736358642578e-01 6.424491405487060547e-01 -2.712824754416942596e-02
4.342407584190368652e-01 6.405587792396545410e-01 -6.697382032871246338e-02
4.318112432956695557e-01 6.447656154632568359e-01 -4.950262978672981262e-02
4.503896832466125488e-01 4.961137175559997559e-01 1.516103092581033707e-02
4.426504075527191162e-01 5.018314719200134277e-01 5.059739574790000916e-03
4.390133321285247803e-01 5.057659149169921875e-01 -5.267733242362737656e-03
5.194966793060302734e-01 4.794107079505920410e-01 2.997330948710441589e-02
5.259499549865722656e-01 4.714822173118591309e-01 3.110500983893871307e-02
