5.569862723350524902e-01 7.784503102302551270e-01 -2.133961394429206848e-02
5.611383318901062012e-01 7.317764163017272949e-01 -5.363992601633071899e-02
5.541691780090332031e-01 7.444809675216674805e-01 -2.362554706633090973e-02
5.428605675697326660e-01 6.780490279197692871e-01 -4.978971928358078003e-02
5.611938834190368652e-01 7.159191966056823730e-01 -5.928193405270576477e-02
5.575348138809204102e-01 6.932815313339233398e-01 -5.783781409263610840e-02
5.448699593544006348e-01 6.354107856750488281e-01 -3.731923922896385193e-02
4.471292793750762939e-01 6.383930444717407227e-01 -1.852833852171897888e-02
5.383325219154357910e-01 5.835269689559936523e-01 -3.593533486127853394e-02
5.372542738914489746e-01 5.593257546424865723e-01 -4.150020703673362732e-02
5.298000574111938477e-01 4.814388155937194824e-01 -4.405202716588973999e-02
5.570217370986938477e-01 7.859314680099487305e-01 -1.883893087506294250e-02
5.561664104461669922e-01 7.919280529022216797e-01 -1.401039212942123413e-02
5.546739697456359863e-01 7.945564985275268555e-01 -8.481059223413467407e-03
5.553919672966003418e-01 7.965797185897827148e-01 -5.736440420150756836e-03
5.565357208251953125e-01 8.043434619903564453e-01 -6.107614375650882721e-03
5.570856928825378418e-01 8.136169910430908203e-01 -6.437920965254306793e-03
5.564717650413513184e-01 8.223065733909606934e-01 -2.482134616002440453e-03
5.526005625724792480e-01 8.325685262680053711e-01 1.132708881050348282e-02
5.592488646507263184e-01 7.390831708908081055e-01 -4.713863134384155273e-02
5.456734895706176758e-01 7.393962144851684570e-01 -3.439730405807495117e-02
3.781381845474243164e-01 5.674175024032592773e-01 1.118734665215015411e-02
4.852694869041442871e-01 6.457717418670654297e-01 -2.079997025430202484e-02
4.734492897987365723e-01 6.496146917343139648e-01 -2.198830991983413696e-02
4.609512090682983398e-01 6.514544486999511719e-01 -2.125552296638488770e-02
4.410318732261657715e-01 6.435761451721191406e-01 -1.667810045182704926e-02
4.947073459625244141e-01 6.398079395294189453e-01 -1.675050519406795502e-02
4.643635749816894531e-01 6.036915779113769531e-01 -3.295712172985076904e-02
4.775870740413665771e-01 6.033281087875366211e-01 -2.966508269309997559e-02
4.517475366592407227e-01 6.080083847045898438e-01 -3.089272789657115936e-02
4.432428777217864990e-01 6.154396533966064453e-01 -2.752257697284221649e-02
4.305070936679840088e-01 6.555981636047363281e-01 -1.172581315040588379e-02
5.067994594573974609e-01 8.609521985054016113e-01 1.823796145617961884e-02
4.407595694065093994e-01 6.344020366668701172e-01 -1.624520681798458099e-02
3.788444995880126953e-01 6.428030729293823242e-01 2.605299092829227448e-02
4.123177528381347656e-01 6.425046920776367188e-01 -5.501027218997478485e-03
4.855670928955078125e-01 7.204211354255676270e-01 -1.819961518049240112e-02
5.437751412391662598e-01 7.790058255195617676e-01 -2.297114394605159760e-02
5.451617240905761719e-01 7.941799759864807129e-01 -1.529830228537321091e-02
5.289428234100341797e-01 7.871818542480468750e-01 -1.955142617225646973e-02
5.190619826316833496e-01 7.937261462211608887e-01 -1.419331878423690796e-02
5.344218611717224121e-01 7.971733808517456055e-01 -1.431967038661241531e-02
5.258830785751342773e-01 7.993507385253906250e-01 -9.152962826192378998e-03
4.996051192283630371e-01 8.174735307693481445e-01 4.657020792365074158e-03
5.515109896659851074e-01 7.332638502120971680e-01 -5.454180762171745300e-02
5.496467351913452148e-01 7.181283235549926758e-01 -6.012578681111335754e-02
4.217471480369567871e-01 5.959826111793518066e-01 -3.014495037496089935e-02
5.055055618286132812e-01 6.743022799491882324e-01 -2.183110825717449188e-02
5.175055265426635742e-01 7.309810519218444824e-01 -3.511290624737739563e-02
5.140569806098937988e-01 7.213869094848632812e-01 -3.335543349385261536e-02
4.443418085575103760e-01 7.231745719909667969e-01 -1.409221161156892776e-02
5.466409921646118164e-01 6.967565417289733887e-01 -5.714581161737442017e-02
4.536020159721374512e-01 5.733132362365722656e-01 -4.257966578006744385e-02
4.355907738208770752e-01 5.818179845809936523e-01 -3.743170946836471558e-02
3.949301838874816895e-01 5.386159420013427734e-01 -1.146293245255947113e-02
5.098901391029357910e-01 5.817257761955261230e-01 -3.930228576064109802e-02
4.891141951084136963e-01 6.077387332916259766e-01 -2.384245209395885468e-02
4.904170632362365723e-01 8.054565191268920898e-01 1.976231345906853676e-03
3.953525424003601074e-01 7.872212529182434082e-01 8.513835072517395020e-02
5.265951752662658691e-01 7.383469939231872559e-01 -2.822353690862655640e-02
5.363181233406066895e-01 7.414337992668151855e-01 -2.422333508729934692e-02
5.065403580665588379e-01 8.030427694320678711e-01 1.626551384106278419e-03
5.119183063507080078e-01 8.011590838432312012e-01 -2.208273363066837192e-04
4.264056980609893799e-01 5.702101588249206543e-01 -3.619331866502761841e-02
5.162377357482910156e-01 7.368500828742980957e-01 -2.802071534097194672e-02
4.774702191352844238e-01 5.717059373855590820e-01 -4.348977282643318176e-02
4.749446213245391846e-01 5.582683682441711426e-01 -4.807275161147117615e-02
4.550547003746032715e-01 4.980630874633789062e-01 -4.613732174038887024e-02
4.111140370368957520e-01 5.554192066192626953e-01 -2.650810219347476959e-02
4.673982858657836914e-01 5.293080210685729980e-01 -4.771638289093971252e-02
4.107455611228942871e-01 5.878739953041076660e-01 -2.439833804965019226e-02
3.946712017059326172e-01 5.793926715850830078e-01 -8.650165982544422150e-03
5.447614789009094238e-01 7.877839803695678711e-01 -2.071182802319526672e-02
5.324393510818481445e-01 7.934699058532714844e-01 -1.744601503014564514e-02
5.227909684181213379e-01 7.969083189964294434e-01 -1.246898528188467026e-02
5.293273925781250000e-01 7.404919862747192383e-01 -2.372096665203571320e-02
5.097157359123229980e-01 8.024201989173889160e-01 8.272518170997500420e-04
5.148835182189941406e-01 8.044959306716918945e-01 -2.604867098852992058e-03
5.123554468154907227e-01 7.997645735740661621e-01 -1.712903613224625587e-04
5.349457263946533203e-01 7.340248823165893555e-01 -4.312593489885330200e-02
5.268839597702026367e-01 7.977850437164306641e-01 -6.724355742335319519e-03
5.352950096130371094e-01 7.972343564033508301e-01 -9.245280176401138306e-03
5.450509786605834961e-01 7.960580587387084961e-01 -1.024554390460252762e-02
5.379043221473693848e-01 8.353842496871948242e-01 9.027536958456039429e-03
5.424845218658447266e-01 8.240292072296142578e-01 -5.098071414977312088e-03
5.437225103378295898e-01 8.147258162498474121e-01 -8.515334688127040863e-03
5.443576574325561523e-01 8.053261041641235352e-01 -8.262565359473228455e-03
5.444290041923522949e-01 7.985598444938659668e-01 -7.508791517466306686e-03
5.248699188232421875e-01 8.000636100769042969e-01 -4.965201485902070999e-03
5.235460400581359863e-01 8.029497861862182617e-01 -5.916181486099958420e-03
5.212756991386413574e-01 8.081064224243164062e-01 -6.734773516654968262e-03
5.186339616775512695e-01 8.137846589088439941e-01 -4.593565128743648529e-03
5.048096179962158203e-01 7.777590155601501465e-01 -1.385457813739776611e-02
3.733057975769042969e-01 7.068611383438110352e-01 8.376548439264297485e-02
5.566733479499816895e-01 7.411438822746276855e-01 -3.208200260996818542e-02
5.188788175582885742e-01 8.002355098724365234e-01 -2.205869415774941444e-03
5.174246430397033691e-01 8.020290136337280273e-01 -2.808899153023958206e-03
5.404897928237915039e-01 7.473084330558776855e-01 -2.356289327144622803e-02
5.194606781005859375e-01 7.451472878456115723e-01 -1.694396510720252991e-02
5.384958386421203613e-01 7.445903420448303223e-01 -2.402747049927711487e-02
4.931253492832183838e-01 6.851270198822021484e-01 -1.920608244836330414e-02
4.737546741962432861e-01 6.998444795608520508e-01 -1.810194738209247589e-02
5.115901827812194824e-01 7.278636097908020020e-01 -2.648257650434970856e-02
4.196034669876098633e-01 5.151345729827880859e-01 -3.159113600850105286e-02
4.340579509735107422e-01 5.377472639083862305e-01 -3.918148577213287354e-02
4.477476775646209717e-01 5.602740049362182617e-01 -4.443784803152084351e-02
5.096897482872009277e-01 8.259801268577575684e-01 4.039053805172443390e-03
5.059058070182800293e-01 5.595198273658752441e-01 -4.707594588398933411e-02
5.000295639038085938e-01 5.268629193305969238e-01 -4.926129058003425598e-02
4.907369315624237061e-01 4.879360496997833252e-01 -4.978395253419876099e-02
4.487814307212829590e-01 6.496083140373229980e-01 -1.896015182137489319e-02
4.163049459457397461e-01 6.688877940177917480e-01 -6.779160816222429276e-03
5.005311369895935059e-01 6.345461606979370117e-01 -1.498478278517723083e-02
4.281927645206451416e-01 6.210991740226745605e-01 -2.131847664713859558e-02
5.140895843505859375e-01 6.632993221282958984e-01 -2.536470070481300354e-02
5.262209177017211914e-01 7.252315878868103027e-01 -4.506743699312210083e-02
4.002365469932556152e-01 6.798227429389953613e-01 3.862225683405995369e-03
4.287457764148712158e-01 6.816930770874023438e-01 -1.300118025392293930e-02
4.481706619262695312e-01 6.871545910835266113e-01 -1.849426701664924622e-02
4.731147289276123047e-01 6.800215840339660645e-01 -1.780796237289905548e-02
4.898305237293243408e-01 6.697406768798828125e-01 -1.759555935859680176e-02
5.018769502639770508e-01 6.604439020156860352e-01 -1.823655515909194946e-02
5.327603816986083984e-01 6.409797668457031250e-01 -3.567928820848464966e-02
4.063930511474609375e-01 7.157997488975524902e-01 6.781055126339197159e-03
4.155633747577667236e-01 6.176808476448059082e-01 -1.906116493046283722e-02
5.534457564353942871e-01 7.396585345268249512e-01 -4.799782112240791321e-02
5.101151466369628906e-01 6.921205520629882812e-01 -2.365452423691749573e-02
3.656976222991943359e-01 6.345146894454956055e-01 6.103504821658134460e-02
5.112666487693786621e-01 6.509898304939270020e-01 -1.937097497284412384e-02
5.082126259803771973e-01 7.275937199592590332e-01 -1.579965464770793915e-02
4.355839192867279053e-01 6.334876418113708496e-01 -1.527599524706602097e-02
5.226130485534667969e-01 7.134969234466552734e-01 -4.259479790925979614e-02
3.814134597778320312e-01 7.463006377220153809e-01 8.701866865158081055e-02
4.988549053668975830e-01 6.292453408241271973e-01 -1.420889422297477722e-02
5.343350172042846680e-01 7.035132646560668945e-01 -5.211242288351058960e-02
4.429009258747100830e-01 8.328137397766113281e-01 3.864238411188125610e-02
4.373919963836669922e-01 8.443590998649597168e-01 6.188166141510009766e-02
3.841529488563537598e-01 7.137789726257324219e-01 4.388042166829109192e-02
4.211379289627075195e-01 8.118785619735717773e-01 4.567501693964004517e-02
3.854208290576934814e-01 6.088839173316955566e-01 1.104783918708562851e-02
5.033098459243774414e-01 8.739884495735168457e-01 2.718378044664859772e-02
5.522669553756713867e-01 7.413598895072937012e-01 -3.228930383920669556e-02
4.995093047618865967e-01 7.051149010658264160e-01 -1.965500973165035248e-02
3.984604775905609131e-01 6.452943682670593262e-01 2.775757340714335442e-03
4.623053669929504395e-01 6.416307687759399414e-01 -2.190051414072513580e-02
4.733718931674957275e-01 6.406661868095397949e-01 -2.231377363204956055e-02
5.114017724990844727e-01 8.078775405883789062e-01 -1.142037333920598030e-03
4.108412861824035645e-01 7.472658157348632812e-01 1.735946349799633026e-02
5.237652659416198730e-01 8.871427178382873535e-01 3.926760330796241760e-02
4.830478429794311523e-01 8.731532096862792969e-01 4.667184874415397644e-02
4.628182351589202881e-01 8.623672723770141602e-01 5.262436345219612122e-02
5.344766378402709961e-01 5.232446789741516113e-01 -4.409880191087722778e-02
5.470730066299438477e-01 8.841570615768432617e-01 4.216654971241950989e-02
4.827541112899780273e-01 6.374567151069641113e-01 -2.066758461296558380e-02
4.913645684719085693e-01 6.328505873680114746e-01 -1.764848083257675171e-02
4.965861141681671143e-01 6.302673220634460449e-01 -1.471794769167900085e-02
4.027521312236785889e-01 6.132908463478088379e-01 -1.078456826508045197e-02
4.881490170955657959e-01 6.240814924240112305e-01 -2.220388501882553101e-02
4.771814942359924316e-01 6.234893798828125000e-01 -2.607484720647335052e-02
4.668934345245361328e-01 6.250221729278564453e-01 -2.760497666895389557e-02
4.564660489559173584e-01 6.282293200492858887e-01 -2.660746127367019653e-02
4.493833184242248535e-01 6.315110325813293457e-01 -2.423247136175632477e-02
3.687827289104461670e-01 5.976909399032592773e-01 3.742223232984542847e-02
4.538750350475311279e-01 6.406301856040954590e-01 -2.020897902548313141e-02
5.542972087860107422e-01 7.547605633735656738e-01 -2.021598070859909058e-02
5.155265331268310547e-01 7.679823040962219238e-01 -1.714070700109004974e-02
5.271576642990112305e-01 7.364770174026489258e-01 -3.240111097693443298e-02
5.397499799728393555e-01 7.597442865371704102e-01 -2.226879447698593140e-02
5.400618910789489746e-01 6.088429689407348633e-01 -3.295890241861343384e-02
4.640061557292938232e-01 8.500710725784301758e-01 3.599077835679054260e-02
4.828368425369262695e-01 8.625003099441528320e-01 3.251516073942184448e-02
5.259128212928771973e-01 8.812637925148010254e-01 2.364306896924972534e-02
4.150534272193908691e-01 8.205343484878540039e-01 7.494302839040756226e-02
4.956231415271759033e-01 6.271572113037109375e-01 -1.754837483167648315e-02
5.278571844100952148e-01 6.699391603469848633e-01 -3.742164373397827148e-02
5.503741502761840820e-01 8.779515624046325684e-01 2.694016695022583008e-02
5.032359957695007324e-01 8.823494315147399902e-01 4.041187837719917297e-02
3.907319009304046631e-01 7.491621971130371094e-01 4.992994293570518494e-02
5.340824127197265625e-01 7.994371056556701660e-01 -6.854924838989973068e-03
5.328426957130432129e-01 8.043729662895202637e-01 -8.080814965069293976e-03
5.313327312469482422e-01 8.119091987609863281e-01 -8.896908722817897797e-03
5.296623110771179199e-01 8.206142187118530273e-01 -6.313082296401262283e-03
5.226294398307800293e-01 8.323232531547546387e-01 4.602684173732995987e-03
5.179965496063232422e-01 8.005189299583435059e-01 -4.583809990435838699e-03
5.146912932395935059e-01 8.000033497810363770e-01 -5.935322493314743042e-03
5.108192563056945801e-01 7.982108592987060547e-01 -7.136673666536808014e-03
4.961624145507812500e-01 7.907832860946655273e-01 -8.078654296696186066e-03
4.345281124114990234e-01 7.571921348571777344e-01 1.609266153536736965e-03
5.234321951866149902e-01 6.512917280197143555e-01 -2.993402816355228424e-02
5.089743137359619141e-01 6.147934198379516602e-01 -1.985054835677146912e-02
5.007200241088867188e-01 6.187937855720520020e-01 -1.830859854817390442e-02
5.194640755653381348e-01 7.980328798294067383e-01 -3.112562466412782669e-03
4.325280189514160156e-01 7.928786277770996094e-01 2.289926074445247650e-02
5.227172374725341797e-01 6.131827831268310547e-01 -3.001560457050800323e-02
5.134329199790954590e-01 8.468614816665649414e-01 1.235531270503997803e-02
5.532823204994201660e-01 6.740981936454772949e-01 -5.080869048833847046e-02
5.378608703613281250e-01 6.610586047172546387e-01 -4.377556592226028442e-02
5.493052005767822266e-01 6.559609770774841309e-01 -4.403068497776985168e-02
5.215760469436645508e-01 6.971001029014587402e-01 -3.512668237090110779e-02
5.519428253173828125e-01 8.653879165649414062e-01 1.798336952924728394e-02
5.521483421325683594e-01 8.481367230415344238e-01 1.472024619579315186e-02
5.330952405929565430e-01 8.512899875640869141e-01 1.294953096657991409e-02
4.845938086509704590e-01 8.252762556076049805e-01 1.071433629840612411e-02
4.980448782444000244e-01 7.413446903228759766e-01 -1.323989033699035645e-02
4.974776208400726318e-01 8.382806777954101562e-01 1.213771291077136993e-02
4.669958651065826416e-01 7.426859140396118164e-01 -1.465016230940818787e-02
4.876631796360015869e-01 7.586862444877624512e-01 -1.215214282274246216e-02
4.567877650260925293e-01 7.690743207931518555e-01 -5.618702154606580734e-03
5.290266275405883789e-01 8.684704899787902832e-01 1.546572148799896240e-02
5.133112668991088867e-01 7.061753869056701660e-01 -2.739770896732807159e-02
4.711523950099945068e-01 8.362420201301574707e-01 2.135117352008819580e-02
4.885502159595489502e-01 8.497747182846069336e-01 2.207847684621810913e-02
4.743876159191131592e-01 8.084440827369689941e-01 5.739643238484859467e-03
4.157108068466186523e-01 7.730966806411743164e-01 2.698911353945732117e-02
4.539480507373809814e-01 8.107573986053466797e-01 1.418138202279806137e-02
4.012632668018341064e-01 7.817294001579284668e-01 5.259075388312339783e-02
4.794370234012603760e-01 7.806778550148010254e-01 -6.974333431571722031e-03
5.188025236129760742e-01 6.807295680046081543e-01 -3.013073466718196869e-02
5.314136743545532227e-01 7.323477864265441895e-01 -4.615727439522743225e-02
5.221825838088989258e-01 7.359873056411743164e-01 -3.443588688969612122e-02
5.374587178230285645e-01 7.213285565376281738e-01 -5.298438295722007751e-02
4.980674982070922852e-01 5.992879867553710938e-01 -2.752323634922504425e-02
4.780640900135040283e-01 5.917705297470092773e-01 -3.354844450950622559e-02
4.608287215232849121e-01 5.923541188240051270e-01 -3.608250245451927185e-02
4.459993243217468262e-01 5.975241661071777344e-01 -3.415783494710922241e-02
4.347333908081054688e-01 6.066400408744812012e-01 -2.925988286733627319e-02
4.255979061126708984e-01 6.376338005065917969e-01 -1.189825404435396194e-02
3.798830211162567139e-01 6.785187721252441406e-01 3.465931862592697144e-02
4.395915865898132324e-01 6.628226041793823242e-01 -1.494900509715080261e-02
4.546025693416595459e-01 6.666543483734130859e-01 -1.763274520635604858e-02
4.722222387790679932e-01 6.634526252746582031e-01 -1.811208389699459076e-02
4.872769415378570557e-01 6.565009355545043945e-01 -1.812338083982467651e-02
4.983924031257629395e-01 6.490660309791564941e-01 -1.555020827800035477e-02
5.061695575714111328e-01 6.430940628051757812e-01 -1.564052887260913849e-02
3.685221076011657715e-01 6.697716116905212402e-01 7.530394196510314941e-02
5.216322541236877441e-01 7.392418980598449707e-01 -2.837615832686424255e-02
5.319908857345581055e-01 6.861636638641357422e-01 -4.341470822691917419e-02
5.418158173561096191e-01 7.326121926307678223e-01 -5.180099233984947205e-02
5.463429093360900879e-01 7.380722761154174805e-01 -4.470771551132202148e-02
5.404450297355651855e-01 7.344104051589965820e-01 -4.653766378760337830e-02
5.242291092872619629e-01 7.428680658340454102e-01 -2.286281436681747437e-02
5.493317842483520508e-01 7.392709851264953613e-01 -4.689994454383850098e-02
5.484357476234436035e-01 7.412904500961303711e-01 -3.341615945100784302e-02
5.038669705390930176e-01 6.291894912719726562e-01 -1.378220040351152420e-02
5.120288133621215820e-01 6.331307291984558105e-01 -1.710451580584049225e-02
5.181502699851989746e-01 6.370487809181213379e-01 -2.206929400563240051e-02
4.447561800479888916e-01 6.334577202796936035e-01 -2.102524787187576294e-02
4.364219903945922852e-01 6.230121254920959473e-01 -2.193647250533103943e-02
5.618320703506469727e-01 6.741263866424560547e-01 -4.421718046069145203e-02
6.082533001899719238e-01 6.068491339683532715e-01 2.259809523820877075e-02
5.650917291641235352e-01 7.346830964088439941e-01 -3.017805889248847961e-02
6.266487240791320801e-01 5.264569520950317383e-01 7.455684989690780640e-02
5.785313844680786133e-01 6.274833679199218750e-01 5.290601868182420731e-03
5.890332460403442383e-01 6.268211603164672852e-01 9.521707892417907715e-03
5.991058945655822754e-01 6.239912509918212891e-01 1.529636513441801071e-02
6.107515692710876465e-01 6.101932525634765625e-01 2.676378563046455383e-02
5.703908205032348633e-01 6.252155900001525879e-01 3.837972646579146385e-03
5.928985476493835449e-01 5.816349387168884277e-01 1.407895470038056374e-04
5.815513730049133301e-01 5.858735442161560059e-01 -3.682217560708522797e-03
6.031341552734375000e-01 5.810965895652770996e-01 7.436913903802633286e-03
6.093841791152954102e-01 5.852506160736083984e-01 1.408790238201618195e-02
6.181380152702331543e-01 6.183848381042480469e-01 3.514429181814193726e-02
5.837489366531372070e-01 8.385099172592163086e-01 3.617432713508605957e-02
6.111576557159423828e-01 6.015114784240722656e-01 2.672180160880088806e-02
6.318715810775756836e-01 5.952269434928894043e-01 9.084004908800125122e-02
6.249840259552001953e-01 6.010122299194335938e-01 4.752632603049278259e-02
5.953960418701171875e-01 6.968431472778320312e-01 7.061357609927654266e-03
5.677757263183593750e-01 7.727848887443542480e-01 -1.690884307026863098e-02
5.647640824317932129e-01 7.890174388885498047e-01 -1.004544552415609360e-02
5.772486925125122070e-01 7.736518383026123047e-01 -6.809106562286615372e-03
5.821398496627807617e-01 7.769942879676818848e-01 3.364789066836237907e-03
5.711856484413146973e-01 7.872207164764404297e-01 -3.645397955551743507e-03
5.756321549415588379e-01 7.864614129066467285e-01 5.202153697609901428e-03
5.908456444740295410e-01 7.940059900283813477e-01 2.706998959183692932e-02
5.690912008285522461e-01 7.292413711547851562e-01 -5.094937980175018311e-02
5.704675316810607910e-01 7.135493755340576172e-01 -5.579677596688270569e-02
6.224988698959350586e-01 5.592771768569946289e-01 1.956106908619403839e-02
5.726140737533569336e-01 6.606352329254150391e-01 -4.991628695279359818e-03
5.827459692955017090e-01 7.154992222785949707e-01 -1.926459744572639465e-02
5.816297531127929688e-01 7.060351371765136719e-01 -1.705519855022430420e-02
6.212816238403320312e-01 6.853842139244079590e-01 2.880947291851043701e-02
5.665935277938842773e-01 6.924408078193664551e-01 -5.175587534904479980e-02
6.046749949455261230e-01 5.480519533157348633e-01 -8.543384261429309845e-03
6.159205436706542969e-01 5.500788688659667969e-01 5.471678450703620911e-03
6.217488646507263184e-01 5.023902654647827148e-01 4.557229205965995789e-02
5.625888109207153320e-01 5.730431675910949707e-01 -2.816901542246341705e-02
5.720199346542358398e-01 5.939764380455017090e-01 -2.761539770290255547e-03
5.977249145507812500e-01 7.786744832992553711e-01 2.944378927350044250e-02
6.165390014648437500e-01 7.345813512802124023e-01 1.435045450925827026e-01
5.756169557571411133e-01 7.262357473373413086e-01 -1.657121814787387848e-02
5.684452056884765625e-01 7.337647676467895508e-01 -1.829380355775356293e-02
5.864273309707641602e-01 7.833320498466491699e-01 2.507589571177959442e-02
5.816476345062255859e-01 7.839176654815673828e-01 2.013153769075870514e-02
6.194921135902404785e-01 5.365257263183593750e-01 9.706670418381690979e-03
5.811631083488464355e-01 7.215150594711303711e-01 -1.253252942115068436e-02
5.880078077316284180e-01 5.535010099411010742e-01 -2.024610340595245361e-02
5.897316336631774902e-01 5.396943092346191406e-01 -2.401096001267433167e-02
5.904456377029418945e-01 4.773533344268798828e-01 -1.335708331316709518e-02
6.215525865554809570e-01 5.200034379959106445e-01 2.451378107070922852e-02
5.898280143737792969e-01 5.099644064903259277e-01 -1.962569914758205414e-02
6.260366439819335938e-01 5.489766001701354980e-01 2.889459580183029175e-02
6.273334622383117676e-01 5.392670035362243652e-01 4.936176538467407227e-02
5.668439865112304688e-01 7.818818092346191406e-01 -1.468144077807664871e-02
5.744395852088928223e-01 7.818688154220581055e-01 -5.731496494263410568e-03
5.793196558952331543e-01 7.819732427597045898e-01 3.355724504217505455e-03
5.728158950805664062e-01 7.296502590179443359e-01 -1.426028180867433548e-02
5.839573740959167480e-01 7.840079665184020996e-01 2.230328880250453949e-02
5.821175575256347656e-01 7.877913713455200195e-01 1.541430037468671799e-02
5.804260969161987305e-01 7.829102277755737305e-01 1.961327902972698212e-02
5.745779275894165039e-01 7.239764928817749023e-01 -3.232235461473464966e-02
5.723577737808227539e-01 7.864532470703125000e-01 6.853759754449129105e-03
5.677402615547180176e-01 7.890229821205139160e-01 7.611762848682701588e-04
5.618431568145751953e-01 7.918069958686828613e-01 -4.857551772147417068e-03
5.647679567337036133e-01 8.280376195907592773e-01 1.410158071666955948e-02
5.678972601890563965e-01 8.172990679740905762e-01 4.319860599935054779e-04
5.678756237030029297e-01 8.084564805030822754e-01 -2.786264289170503616e-03
5.660942792892456055e-01 7.997979521751403809e-01 -2.498914021998643875e-03
5.639937520027160645e-01 7.937379479408264160e-01 -2.001247834414243698e-03
5.748640298843383789e-01 7.876583337783813477e-01 8.697678335011005402e-03
5.770230889320373535e-01 7.895174026489257812e-01 7.696214597672224045e-03
5.797730684280395508e-01 7.932424545288085938e-01 7.345471531152725220e-03
5.817931294441223145e-01 7.976356148719787598e-01 1.054477505385875702e-02
5.906951427459716797e-01 7.568692564964294434e-01 6.804121658205986023e-03
6.218500137329101562e-01 6.562225222587585449e-01 1.497451514005661011e-01
5.772250294685363770e-01 7.859688401222229004e-01 1.508128829300403595e-02
5.796079039573669434e-01 7.866130471229553223e-01 1.448915060609579086e-02
5.656408667564392090e-01 7.412569522857666016e-01 -1.778958365321159363e-02
5.773884057998657227e-01 7.314634323120117188e-01 -4.914451390504837036e-03
5.670824646949768066e-01 7.377768754959106445e-01 -1.842688955366611481e-02
5.822936296463012695e-01 6.667263507843017578e-01 3.156323684379458427e-03
5.994507074356079102e-01 6.736517548561096191e-01 1.231910753995180130e-02
5.817602872848510742e-01 7.117835879325866699e-01 -9.691286832094192505e-03
6.109403371810913086e-01 4.853127300739288330e-01 1.488817110657691956e-02
6.101066470146179199e-01 5.091607570648193359e-01 1.684933668002486229e-03
6.077355146408081055e-01 5.335023403167724609e-01 -8.299218490719795227e-03
5.845585465431213379e-01 8.060649037361145020e-01 2.224908582866191864e-02
5.655001401901245117e-01 5.504966974258422852e-01 -3.480960056185722351e-02
5.653451085090637207e-01 5.165562033653259277e-01 -3.463081642985343933e-02
5.642755627632141113e-01 4.767683744430541992e-01 -3.330309689044952393e-02
6.069669723510742188e-01 6.182072162628173828e-01 2.195628546178340912e-02
6.276476979255676270e-01 6.265356540679931641e-01 4.538106545805931091e-02
5.655338764190673828e-01 6.223349571228027344e-01 3.479066304862499237e-03
6.179201602935791016e-01 5.850470662117004395e-01 2.662566117942333221e-02
5.663151741027832031e-01 6.527866125106811523e-01 -1.186235621571540833e-02
5.801266431808471680e-01 7.126884460449218750e-01 -3.208214044570922852e-02
6.347794532775878906e-01 6.325001120567321777e-01 6.300784647464752197e-02
6.246185302734375000e-01 6.418337225914001465e-01 3.579727932810783386e-02
6.143216490745544434e-01 6.530374288558959961e-01 2.256336249411106110e-02
5.952087044715881348e-01 6.550941467285156250e-01 1.315206103026866913e-02
5.805758833885192871e-01 6.513833999633789062e-01 5.805393215268850327e-03
5.706199407577514648e-01 6.467801332473754883e-01 -6.750054308213293552e-04
5.545995235443115234e-01 6.367478966712951660e-01 -3.002503514289855957e-02
6.360265612602233887e-01 6.671633720397949219e-01 6.524521112442016602e-02
6.240727305412292480e-01 5.782431960105895996e-01 3.363148495554924011e-02
5.640550851821899414e-01 7.371723055839538574e-01 -4.512824863195419312e-02
5.738987326622009277e-01 6.786686778068542480e-01 -7.407390512526035309e-03
6.248418092727661133e-01 5.878524780273437500e-01 1.290900856256484985e-01
5.635414719581604004e-01 6.407003998756408691e-01 -5.628783255815505981e-03
5.806769132614135742e-01 7.111814618110656738e-01 6.019950378686189651e-04
6.132850050926208496e-01 5.991756916046142578e-01 3.003896586596965790e-02
5.781608819961547852e-01 7.010501027107238770e-01 -2.952676638960838318e-02
6.202673912048339844e-01 6.938474774360656738e-01 1.500135511159896851e-01
5.651274323463439941e-01 6.166416406631469727e-01 4.994965158402919769e-03
5.731757879257202148e-01 6.950733065605163574e-01 -4.254157468676567078e-02
6.125052571296691895e-01 7.877404093742370605e-01 8.121016621589660645e-02
6.059643626213073730e-01 7.985515594482421875e-01 1.056601405143737793e-01
6.342661976814270020e-01 6.614031791687011719e-01 1.082308813929557800e-01
6.211493611335754395e-01 7.621402144432067871e-01 9.639175236225128174e-02
6.298160552978515625e-01 5.652716755867004395e-01 7.292675226926803589e-02
5.835899710655212402e-01 8.496667146682739258e-01 4.701823741197586060e-02
5.605814456939697266e-01 7.396000027656555176e-01 -3.049588948488235474e-02
5.819826126098632812e-01 6.875693202018737793e-01 2.458266972098499537e-04
6.301991939544677734e-01 6.004478335380554199e-01 6.114856526255607605e-02
5.984233617782592773e-01 6.149120330810546875e-01 1.405290141701698303e-02
5.890209078788757324e-01 6.182244420051574707e-01 9.456295520067214966e-03
5.844756364822387695e-01 7.897034883499145508e-01 1.843211054801940918e-02
6.334112286567687988e-01 6.980510950088500977e-01 7.310065627098083496e-02
5.665617585182189941e-01 8.738948106765747070e-01 5.004017800092697144e-02
5.871930718421936035e-01 8.414078950881958008e-01 7.455299794673919678e-02
5.954610705375671387e-01 8.234540224075317383e-01 8.796001225709915161e-02
5.799566507339477539e-01 6.187198162078857422e-01 6.265933159738779068e-03
5.719354152679443359e-01 6.174268722534179688e-01 5.445484071969985962e-03
5.672553181648254395e-01 6.168629527091979980e-01 6.138756871223449707e-03
6.281223297119140625e-01 5.713745355606079102e-01 4.590377211570739746e-02
5.727615356445312500e-01 6.085679531097412109e-01 1.402607420459389687e-03
5.816140770912170410e-01 6.045828461647033691e-01 1.359852845780551434e-03
5.911182165145874023e-01 6.020059585571289062e-01 4.543295595794916153e-03
6.005271673202514648e-01 6.009321808815002441e-01 9.963041171431541443e-03
6.061242818832397461e-01 6.015667319297790527e-01 1.522237621247768402e-02
6.278348565101623535e-01 5.534991025924682617e-01 1.040347218513488770e-01
6.044233441352844238e-01 6.108928918838500977e-01 1.881232671439647675e-02
5.834223031997680664e-01 7.513758540153503418e-01 -1.355482265353202820e-03
5.769141912460327148e-01 7.241628170013427734e-01 -2.119658514857292175e-02
5.673596858978271484e-01 7.528429031372070312e-01 -1.577830687165260315e-02
6.021181941032409668e-01 8.108154535293579102e-01 7.033033668994903564e-02
5.927734971046447754e-01 8.296175003051757812e-01 5.939985811710357666e-02
5.706046819686889648e-01 8.675808906555175781e-01 3.430040925741195679e-02
6.120175719261169434e-01 7.706084847450256348e-01 1.270080804824829102e-01
5.676971673965454102e-01 6.134127378463745117e-01 3.620998933911323547e-03
5.644347667694091797e-01 6.623927950859069824e-01 -2.808577753603458405e-02
5.785353183746337891e-01 8.587859869003295898e-01 6.098727509379386902e-02
6.319877505302429199e-01 6.956051588058471680e-01 1.110771372914314270e-01
5.704200863838195801e-01 7.904470562934875488e-01 3.154163714498281479e-03
5.727609395980834961e-01 7.942625284194946289e-01 2.249547513201832771e-03
5.751067399978637695e-01 8.006706237792968750e-01 1.851415727287530899e-03
5.762927532196044922e-01 8.083975911140441895e-01 4.993403796106576920e-03
5.760112404823303223e-01 8.179188966751098633e-01 1.721522957086563110e-02
5.790831446647644043e-01 7.853327989578247070e-01 1.337178517132997513e-02
5.823471546173095703e-01 7.830734848976135254e-01 1.396996341645717621e-02
5.852439403533935547e-01 7.795900702476501465e-01 1.441122032701969147e-02
5.957915186882019043e-01 7.664076089859008789e-01 1.763541251420974731e-02
6.257789731025695801e-01 7.143803238868713379e-01 4.755546525120735168e-02
5.605112910270690918e-01 6.439337730407714844e-01 -2.047810889780521393e-02
5.592460632324218750e-01 6.057678461074829102e-01 -7.459839340299367905e-03
5.637693405151367188e-01 6.075122952461242676e-01 -6.699171499349176884e-04
5.763447880744934082e-01 7.840133309364318848e-01 1.412794366478919983e-02
6.226438283920288086e-01 7.472123503684997559e-01 6.960773468017578125e-02
5.531370639801025391e-01 6.076078414916992188e-01 -2.275119349360466003e-02
5.798776745796203613e-01 8.278492093086242676e-01 2.713687717914581299e-02
5.586372613906860352e-01 6.567890644073486328e-01 -3.883880376815795898e-02
5.725021958351135254e-01 6.861039400100708008e-01 -2.304342389106750488e-02
5.674657225608825684e-01 8.415215015411376953e-01 2.014661021530628204e-02
5.987874269485473633e-01 7.948274612426757812e-01 3.721733763813972473e-02
5.894677639007568359e-01 7.207072377204895020e-01 7.099485956132411957e-03
5.898340940475463867e-01 8.123918771743774414e-01 3.299450129270553589e-02
6.107211709022521973e-01 7.109597921371459961e-01 1.779416762292385101e-02
5.991830229759216309e-01 7.334854602813720703e-01 1.342966314405202866e-02
6.166031956672668457e-01 7.322618365287780762e-01 3.139417991042137146e-02
5.707871913909912109e-01 8.562737107276916504e-01 2.524971403181552887e-02
5.760998725891113281e-01 6.926245689392089844e-01 -1.246491167694330215e-02
6.037003993988037109e-01 7.999224662780761719e-01 5.297000706195831299e-02
5.932978391647338867e-01 8.194225430488586426e-01 4.614696651697158813e-02
6.063573360443115234e-01 7.752048969268798828e-01 3.799731284379959106e-02
6.293454170227050781e-01 7.239501476287841797e-01 7.987368106842041016e-02
6.143881678581237793e-01 7.701119184494018555e-01 5.275619402527809143e-02
6.278765201568603516e-01 7.284936904907226562e-01 1.102736964821815491e-01
6.052184700965881348e-01 7.511630058288574219e-01 2.283992804586887360e-02
5.690867900848388672e-01 6.702977418899536133e-01 -1.722742803394794464e-02
5.778303742408752441e-01 7.208492159843444824e-01 -3.432358801364898682e-02
5.805559754371643066e-01 7.217404246330261230e-01 -2.103584446012973785e-02
5.762200355529785156e-01 7.124066352844238281e-01 -4.359133169054985046e-02
5.678869485855102539e-01 5.870244503021240234e-01 -1.037651766091585159e-02
5.842825174331665039e-01 5.733796358108520508e-01 -8.552272804081439972e-03
5.982548594474792480e-01 5.684710144996643066e-01 -3.232669318094849586e-03
6.091516017913818359e-01 5.686678290367126465e-01 5.864022299647331238e-03
6.155037879943847656e-01 5.737143158912658691e-01 1.575342565774917603e-02
6.184335947036743164e-01 6.000911593437194824e-01 3.653119876980781555e-02
6.341669559478759766e-01 6.281387805938720703e-01 1.008883565664291382e-01
6.146808862686157227e-01 6.279215812683105469e-01 2.896908856928348541e-02
6.056529879570007324e-01 6.363406181335449219e-01 2.036430872976779938e-02
5.921379327774047852e-01 6.394068002700805664e-01 1.283229421824216843e-02
5.789449214935302734e-01 6.382246017456054688e-01 6.113629788160324097e-03
5.696087479591369629e-01 6.351396441459655762e-01 2.790950005874037743e-03
5.634673833847045898e-01 6.319782137870788574e-01 -6.761499098502099514e-04
6.220235824584960938e-01 6.212303042411804199e-01 1.430768370628356934e-01
5.787769556045532227e-01 7.254048585891723633e-01 -1.531354244798421860e-02
5.682231783866882324e-01 6.785122752189636230e-01 -3.394588083028793335e-02
5.742862224578857422e-01 7.246583700180053711e-01 -4.432858899235725403e-02
5.673454403877258301e-01 7.327983379364013672e-01 -4.040381312370300293e-02
5.724453926086425781e-01 7.262749075889587402e-01 -3.875624388456344604e-02
5.755054950714111328e-01 7.306644320487976074e-01 -1.205430738627910614e-02
5.665512681007385254e-01 7.351059913635253906e-01 -4.326874762773513794e-02
5.634403228759765625e-01 7.377274632453918457e-01 -3.030231967568397522e-02
5.622591972351074219e-01 6.182789802551269531e-01 2.330229617655277252e-03
5.584084391593933105e-01 6.245310306549072266e-01 -5.317777860909700394e-03
5.575343370437622070e-01 6.295927166938781738e-01 -1.225825585424900055e-02
6.092737317085266113e-01 6.018833518028259277e-01 2.033518068492412567e-02
6.133773922920227051e-01 5.896826386451721191e-01 2.220122888684272766e-02
