4.886555969715118408e-01 6.619499325752258301e-01 -4.080737382173538208e-02
4.873604774475097656e-01 6.044165492057800293e-01 -6.944467872381210327e-02
4.890393614768981934e-01 6.234109401702880859e-01 -3.733269497752189636e-02
4.777888953685760498e-01 5.407773852348327637e-01 -4.882736504077911377e-02
4.872539639472961426e-01 5.846434235572814941e-01 -7.326520979404449463e-02
4.877662062644958496e-01 5.587995648384094238e-01 -6.700898706912994385e-02
4.900997281074523926e-01 4.974436759948730469e-01 -2.883687987923622131e-02
3.984923064708709717e-01 4.935723543167114258e-01 2.690192498266696930e-02
4.905439615249633789e-01 4.477792978286743164e-01 -1.786224730312824249e-02
4.903437793254852295e-01 4.219009876251220703e-01 -1.956868171691894531e-02
4.909422993659973145e-01 3.400521874427795410e-01 -1.500516664236783981e-03
4.887608587741851807e-01 6.708869338035583496e-01 -3.959890082478523254e-02
4.890170395374298096e-01 6.779332756996154785e-01 -3.537543118000030518e-02
4.895057976245880127e-01 6.810976862907409668e-01 -2.970606833696365356e-02
4.894104599952697754e-01 6.883713603019714355e-01 -2.923034317791461945e-02
4.893104732036590576e-01 6.961883902549743652e-01 -3.146499022841453552e-02
4.892789125442504883e-01 7.061210870742797852e-01 -3.428368642926216125e-02
4.894612431526184082e-01 7.162491083145141602e-01 -3.222517669200897217e-02
4.904134273529052734e-01 7.325959801673889160e-01 -1.938942447304725647e-02
4.877665638923645020e-01 6.145378351211547852e-01 -6.301359832286834717e-02
4.774948656558990479e-01 6.132408380508422852e-01 -4.483503848314285278e-02
3.559730648994445801e-01 4.275876879692077637e-01 9.613731503486633301e-02
4.359005689620971680e-01 5.115511417388916016e-01 1.035755220800638199e-02
4.228909611701965332e-01 5.128873586654663086e-01 1.205442100763320923e-02
4.106669425964355469e-01 5.117327570915222168e-01 1.649386808276176453e-02
3.949818611145019531e-01 5.007172822952270508e-01 2.886854484677314758e-02
4.468501210212707520e-01 5.066677927970886230e-01 1.166072208434343338e-02
4.181555807590484619e-01 4.600095748901367188e-01 8.669752627611160278e-03
4.322747886180877686e-01 4.617131352424621582e-01 7.640074472874403000e-03
4.052665829658508301e-01 4.631491601467132568e-01 1.363502722233533859e-02
3.967724442481994629e-01 4.703915715217590332e-01 1.912628859281539917e-02
3.854621350765228271e-01 5.137159228324890137e-01 3.581880778074264526e-02
4.445481598377227783e-01 7.588768005371093750e-01 -3.722336376085877419e-03
3.942410349845886230e-01 4.882487952709197998e-01 3.176916763186454773e-02
3.515681624412536621e-01 5.058891177177429199e-01 9.715507924556732178e-02
3.718167543411254883e-01 5.003438591957092285e-01 5.062892660498619080e-02
4.275134801864624023e-01 5.879720449447631836e-01 -5.566264037042856216e-03
4.738363921642303467e-01 6.592587232589721680e-01 -3.804913163185119629e-02
4.769136607646942139e-01 6.778016090393066406e-01 -3.277066349983215332e-02
4.592351615428924561e-01 6.658994555473327637e-01 -3.008031100034713745e-02
4.507150352001190186e-01 6.742087602615356445e-01 -2.110159397125244141e-02
4.667390286922454834e-01 6.794436573982238770e-01 -2.748356759548187256e-02
4.590362906455993652e-01 6.822399497032165527e-01 -1.898218132555484772e-02
4.363337457180023193e-01 7.026472687721252441e-01 -2.599464030936360359e-03
4.769007563591003418e-01 6.040307879447937012e-01 -6.783978641033172607e-02
4.750057756900787354e-01 5.849953889846801758e-01 -7.112662494182586670e-02
3.768967986106872559e-01 4.496835768222808838e-01 2.656318433582782745e-02
4.527300298213958740e-01 5.409764647483825684e-01 -6.151073146611452103e-03
4.505195617675781250e-01 5.995823144912719727e-01 -3.413877263665199280e-02
4.499103426933288574e-01 5.892794728279113770e-01 -2.997120842337608337e-02
3.905398249626159668e-01 5.861403942108154297e-01 1.366155035793781281e-02
4.762659072875976562e-01 5.610588192939758301e-01 -6.222737580537796021e-02
4.045671224594116211e-01 4.271311759948730469e-01 2.734231296926736832e-03
3.879337906837463379e-01 4.345747232437133789e-01 1.416518911719322205e-02
3.663917779922485352e-01 3.938929438591003418e-01 7.067449390888214111e-02
4.615033864974975586e-01 4.426899552345275879e-01 -1.225566957145929337e-02
4.447408318519592285e-01 4.688158035278320312e-01 1.051764003932476044e-02
4.271604418754577637e-01 6.859167218208312988e-01 1.739619416184723377e-03
3.704012632369995117e-01 6.747273802757263184e-01 1.226864010095596313e-01
4.600680172443389893e-01 6.100544333457946777e-01 -3.017968311905860901e-02
4.701507389545440674e-01 6.154238581657409668e-01 -3.233494982123374939e-02
4.417350292205810547e-01 6.869984865188598633e-01 -8.598171989433467388e-04
4.476785659790039062e-01 6.855769157409667969e-01 -5.012442357838153839e-03
3.807151317596435547e-01 4.226092398166656494e-01 2.122636698186397552e-02
4.508811831474304199e-01 6.079518198966979980e-01 -2.739547565579414368e-02
4.281672239303588867e-01 4.280821084976196289e-01 -6.536598782986402512e-03
4.255043566226959229e-01 4.129084944725036621e-01 -8.581110276281833649e-03
4.156207442283630371e-01 3.496868312358856201e-01 1.848651468753814697e-02
3.732882142066955566e-01 4.081610441207885742e-01 4.211012646555900574e-02
4.216208755970001221e-01 3.810390233993530273e-01 3.745913971215486526e-03
3.696222305297851562e-01 4.420806169509887695e-01 3.892897441983222961e-02
3.626334667205810547e-01 4.360987544059753418e-01 6.537210196256637573e-02
4.750137925148010254e-01 6.699020266532897949e-01 -3.697935119271278381e-02
4.632932245731353760e-01 6.741992831230163574e-01 -2.951512485742568970e-02
4.548567831516265869e-01 6.785649061203002930e-01 -2.130503207445144653e-02
4.633985757827758789e-01 6.133138537406921387e-01 -2.759566158056259155e-02
4.448187351226806641e-01 6.866295933723449707e-01 -2.963058883324265480e-03
4.489175379276275635e-01 6.897947788238525391e-01 -1.162903197109699249e-02
4.489907026290893555e-01 6.842628121376037598e-01 -5.398680921643972397e-03
4.652959704399108887e-01 6.039281487464904785e-01 -4.779965430498123169e-02
4.619520306587219238e-01 6.812164783477783203e-01 -1.705568842589855194e-02
4.697284698486328125e-01 6.805335283279418945e-01 -2.276841551065444946e-02
4.790266454219818115e-01 6.806416511535644531e-01 -2.759844250977039337e-02
4.742466807365417480e-01 7.319853305816650391e-01 -1.833993755280971527e-02
4.745351672172546387e-01 7.147275209426879883e-01 -3.067404031753540039e-02
4.750891327857971191e-01 7.039417624473571777e-01 -3.223042190074920654e-02
4.762107431888580322e-01 6.943593025207519531e-01 -2.918251976370811462e-02
4.775496721267700195e-01 6.878669261932373047e-01 -2.695809118449687958e-02
4.593761563301086426e-01 6.865941286087036133e-01 -1.658024080097675323e-02
4.573392271995544434e-01 6.890270709991455078e-01 -1.891915313899517059e-02
4.544495940208435059e-01 6.938565969467163086e-01 -2.108566276729106903e-02
4.519000351428985596e-01 7.000129222869873047e-01 -1.882160827517509460e-02
4.393554329872131348e-01 6.543172001838684082e-01 -1.540957111865282059e-02
3.558520078659057617e-01 5.860198140144348145e-01 1.473168283700942993e-01
4.884244799613952637e-01 6.182649135589599609e-01 -4.613231495022773743e-02
4.544569849967956543e-01 6.863036155700683594e-01 -1.014578249305486679e-02
4.518905282020568848e-01 6.874022483825683594e-01 -1.170036196708679199e-02
4.740747511386871338e-01 6.235225200653076172e-01 -3.328808769583702087e-02
4.555726349353790283e-01 6.191458702087402344e-01 -1.875932887196540833e-02
4.721868038177490234e-01 6.197087168693542480e-01 -3.298538550734519958e-02
4.395703375339508057e-01 5.522751808166503906e-01 -1.517272670753300190e-03
4.188308715820312500e-01 5.646336674690246582e-01 3.069035476073622704e-03
4.484027922153472900e-01 5.976381301879882812e-01 -2.282541245222091675e-02
3.848679363727569580e-01 3.671365678310394287e-01 4.294750839471817017e-02
3.916409313678741455e-01 3.887280225753784180e-01 2.191026695072650909e-02
3.996151089668273926e-01 4.125353991985321045e-01 5.651286803185939789e-03
4.457632303237915039e-01 7.140612006187438965e-01 -9.381213225424289703e-03
4.567880630493164062e-01 4.177766442298889160e-01 -1.648408547043800354e-02
4.536808431148529053e-01 3.810414671897888184e-01 -7.531042676419019699e-03
4.499774873256683350e-01 3.420402705669403076e-01 3.174656769260764122e-03
4.005449414253234863e-01 5.079903006553649902e-01 2.309097535908222198e-02
3.725571632385253906e-01 5.276237726211547852e-01 4.296281561255455017e-02
4.539325237274169922e-01 5.014474987983703613e-01 1.335956808179616928e-02
3.838903307914733887e-01 4.763913750648498535e-01 3.164865076541900635e-02
4.613394141197204590e-01 5.282222628593444824e-01 -1.062509417533874512e-02
4.570468366146087646e-01 5.924064517021179199e-01 -4.695178568363189697e-02
3.602869510650634766e-01 5.403497219085693359e-01 5.781408771872520447e-02
3.806729018688201904e-01 5.409883856773376465e-01 2.971673570573329926e-02
3.966406583786010742e-01 5.478050708770751953e-01 1.613015867769718170e-02
4.208746850490570068e-01 5.444178581237792969e-01 9.386128745973110199e-03
4.387702345848083496e-01 5.365042686462402344e-01 5.711676552891731262e-03
4.521056413650512695e-01 5.273541212081909180e-01 1.856173737905919552e-03
4.778484404087066650e-01 5.024188160896301270e-01 -2.337016910314559937e-02
3.631066679954528809e-01 5.791867375373840332e-01 5.200627818703651428e-02
3.737381100654602051e-01 4.732433557510375977e-01 3.901896625757217407e-02
4.816126823425292969e-01 6.135818958282470703e-01 -6.190826371312141418e-02
4.540799558162689209e-01 5.595387220382690430e-01 -1.263621449470520020e-02
3.504273891448974609e-01 5.056102275848388672e-01 1.419888883829116821e-01
4.619480967521667480e-01 5.167196989059448242e-01 1.509052235633134842e-04
4.477308988571166992e-01 5.988725423812866211e-01 -1.014681719243526459e-02
3.908745646476745605e-01 4.897234141826629639e-01 3.471886366605758667e-02
4.569576084613800049e-01 5.799558162689208984e-01 -4.162175953388214111e-02
3.606863915920257568e-01 6.296163797378540039e-01 1.388045400381088257e-01
4.541232585906982422e-01 4.938759803771972656e-01 1.714614406228065491e-02
4.660738706588745117e-01 5.682438611984252930e-01 -5.425825342535972595e-02
3.940992355346679688e-01 7.178505659103393555e-01 4.818582162261009216e-02
3.960707187652587891e-01 7.372927665710449219e-01 7.172930240631103516e-02
3.535440564155578613e-01 5.831347703933715820e-01 9.975590556859970093e-02
3.796284198760986328e-01 6.934394240379333496e-01 6.676182895898818970e-02
3.568891286849975586e-01 4.686769843101501465e-01 8.523877710103988647e-02
4.420584142208099365e-01 7.764179706573486328e-01 3.558578900992870331e-03
4.836409687995910645e-01 6.174787282943725586e-01 -4.505307227373123169e-02
4.429556131362915039e-01 5.735702514648437500e-01 -8.124961517751216888e-03
3.618910610675811768e-01 5.042999982833862305e-01 6.436273455619812012e-02
4.109217524528503418e-01 5.006759762763977051e-01 1.791840977966785431e-02
4.221677780151367188e-01 5.027209520339965820e-01 1.407458446919918060e-02
4.458308815956115723e-01 6.933473944664001465e-01 -9.353516623377799988e-03
3.672448992729187012e-01 6.152969002723693848e-01 5.362491309642791748e-02
4.652275741100311279e-01 8.013609051704406738e-01 5.441115237772464752e-03
4.287407100200653076e-01 7.765135765075683594e-01 3.421346470713615417e-02
4.135603606700897217e-01 7.605465650558471680e-01 5.051241070032119751e-02
4.905140697956085205e-01 3.820259571075439453e-01 -1.203053165227174759e-02
4.921979308128356934e-01 8.054931163787841797e-01 9.805373701965436339e-05
4.333881437778472900e-01 5.017840266227722168e-01 1.309327408671379089e-02
4.438860714435577393e-01 4.986552894115447998e-01 1.455450989305973053e-02
4.507459104061126709e-01 4.963518679141998291e-01 1.715941540896892548e-02
3.653060197830200195e-01 4.700681567192077637e-01 5.328681692481040955e-02
4.426779448986053467e-01 4.789038896560668945e-01 1.300565246492624283e-02
4.313119947910308838e-01 4.725094437599182129e-01 1.178939081728458405e-02
4.194745421409606934e-01 4.709211587905883789e-01 1.291447877883911133e-02
4.078503549098968506e-01 4.741750657558441162e-01 1.673083379864692688e-02
4.008993208408355713e-01 4.799059033393859863e-01 2.119853347539901733e-02
3.509667515754699707e-01 4.627360999584197998e-01 1.225693151354789734e-01
4.034779071807861328e-01 4.972844421863555908e-01 2.278923802077770233e-02
4.890602231025695801e-01 6.350972056388854980e-01 -3.513607010245323181e-02
4.496775865554809570e-01 6.439600586891174316e-01 -2.135404758155345917e-02
4.594540297985076904e-01 6.071838140487670898e-01 -3.475437313318252563e-02
4.723498821258544922e-01 6.371630430221557617e-01 -3.338165953755378723e-02
4.907342195510864258e-01 4.728091359138488770e-01 -1.844749040901660919e-02
4.097066521644592285e-01 7.409653067588806152e-01 3.363240882754325867e-02
4.252710342407226562e-01 7.585949897766113281e-01 1.920497417449951172e-02
4.637481272220611572e-01 7.895812988281250000e-01 -1.033947709947824478e-02
3.826348185539245605e-01 7.108370065689086914e-01 9.850841015577316284e-02
4.506201744079589844e-01 4.878849387168884277e-01 1.556001324206590652e-02
4.690080583095550537e-01 5.327267646789550781e-01 -2.894754707813262939e-02
4.914073944091796875e-01 7.930192351341247559e-01 -1.501916162669658661e-02
4.452759325504302979e-01 7.908368110656738281e-01 1.729886606335639954e-02
3.589104413986206055e-01 6.229284405708312988e-01 9.530539810657501221e-02
4.674573242664337158e-01 6.869644522666931152e-01 -2.211607806384563446e-02
4.653985500335693359e-01 6.915035247802734375e-01 -2.471091225743293762e-02
4.633303880691528320e-01 6.989536285400390625e-01 -2.708344347774982452e-02
4.616459310054779053e-01 7.085458636283874512e-01 -2.544084377586841583e-02
4.582574069499969482e-01 7.244191169738769531e-01 -1.543392241001129150e-02
4.524335563182830811e-01 6.842365264892578125e-01 -1.141318306326866150e-02
4.483810067176818848e-01 6.831070780754089355e-01 -1.121021062135696411e-02
4.445327520370483398e-01 6.805851459503173828e-01 -1.095173135399818420e-02
4.311148822307586670e-01 6.688903570175170898e-01 -6.976111792027950287e-03
3.831244707107543945e-01 6.251949667930603027e-01 2.540239691734313965e-02
4.697780907154083252e-01 5.140805840492248535e-01 -1.606622524559497833e-02
4.636893868446350098e-01 4.789792299270629883e-01 7.391646970063447952e-03
4.560710787773132324e-01 4.828536808490753174e-01 1.311434060335159302e-02
4.552683830261230469e-01 6.817566156387329102e-01 -1.028980687260627747e-02
3.837017416954040527e-01 6.683561801910400391e-01 4.257726669311523438e-02
4.741884768009185791e-01 4.764306545257568359e-01 -9.213253855705261230e-03
4.510963857173919678e-01 7.413237690925598145e-01 -8.595125749707221985e-03
4.886720776557922363e-01 5.377011299133300781e-01 -5.381945520639419556e-02
4.774188697338104248e-01 5.225676298141479492e-01 -3.737699240446090698e-02
4.893517196178436279e-01 5.182535052299499512e-01 -4.098642989993095398e-02
4.607827663421630859e-01 5.630711317062377930e-01 -2.970442548394203186e-02
4.909965693950653076e-01 7.746905088424682617e-01 -2.125333435833454132e-02
4.907408654689788818e-01 7.520888447761535645e-01 -2.004436030983924866e-02
4.700674712657928467e-01 7.509829998016357422e-01 -1.666036807000637054e-02
4.234758317470550537e-01 7.091963291168212891e-01 5.814009811729192734e-03
4.372418224811553955e-01 6.133906841278076172e-01 -7.360384333878755569e-03
4.359834790229797363e-01 7.276505827903747559e-01 -1.267133280634880066e-03
4.084988236427307129e-01 6.093754172325134277e-01 -6.292357575148344040e-04
4.258718788623809814e-01 6.309769749641418457e-01 -5.931152496486902237e-03
3.993764519691467285e-01 6.387968063354492188e-01 8.366119116544723511e-03
4.655081629753112793e-01 7.721676826477050781e-01 -1.639005355536937714e-02
4.542196691036224365e-01 5.742451548576354980e-01 -2.077099308371543884e-02
4.128186702728271484e-01 7.218316793441772461e-01 1.862156204879283905e-02
4.286176562309265137e-01 7.412155866622924805e-01 8.795505389571189880e-03
4.136883318424224854e-01 6.872798800468444824e-01 8.784588426351547241e-03
3.719077706336975098e-01 6.460008025169372559e-01 5.626177415251731873e-02
3.985008597373962402e-01 6.887878179550170898e-01 2.272671274840831757e-02
3.666678071022033691e-01 6.596646308898925781e-01 8.704460412263870239e-02
4.172750413417816162e-01 6.548664569854736328e-01 -8.305103983730077744e-04
4.617719352245330811e-01 5.459023714065551758e-01 -2.014244347810745239e-02
4.611328542232513428e-01 6.008746623992919922e-01 -5.008424818515777588e-02
4.543111324310302734e-01 6.058191061019897461e-01 -3.606831654906272888e-02
4.652103781700134277e-01 5.877630114555358887e-01 -5.933675915002822876e-02
4.525047540664672852e-01 4.613287448883056641e-01 4.385992418974637985e-03
4.311300516128540039e-01 4.502876102924346924e-01 3.916763700544834137e-03
4.129628837108612061e-01 4.485977292060852051e-01 6.195507477968931198e-03
3.982365727424621582e-01 4.521105885505676270e-01 1.235092058777809143e-02
3.884482085704803467e-01 4.609525203704833984e-01 2.091149054467678070e-02
3.827172517776489258e-01 4.949685931205749512e-01 4.050832614302635193e-02
3.506810367107391357e-01 5.442309379577636719e-01 9.923096746206283569e-02
3.920432031154632568e-01 5.217360854148864746e-01 2.791882120072841644e-02
4.047929346561431885e-01 5.272986888885498047e-01 1.900713145732879639e-02
4.214984774589538574e-01 5.272482633590698242e-01 1.256664656102657318e-02
4.377221167087554932e-01 5.229876041412353516e-01 9.117502719163894653e-03
4.503616988658905029e-01 5.164343118667602539e-01 8.628423325717449188e-03
4.589769542217254639e-01 5.098214149475097656e-01 7.472442463040351868e-03
3.531999886035919189e-01 5.455795526504516602e-01 1.492530554533004761e-01
4.551997482776641846e-01 6.106931567192077637e-01 -2.982436306774616241e-02
4.684659540653228760e-01 5.498888492584228516e-01 -3.977884724736213684e-02
4.687981307506561279e-01 6.014770865440368652e-01 -6.084836646914482117e-02
4.761927425861358643e-01 6.104723215103149414e-01 -5.642109736800193787e-02
4.695577025413513184e-01 6.045385599136352539e-01 -5.461191385984420776e-02
4.591096639633178711e-01 6.161505579948425293e-01 -2.590131573379039764e-02
4.780379235744476318e-01 6.122254133224487305e-01 -5.998242646455764771e-02
4.799114465713500977e-01 6.161090731620788574e-01 -4.488047584891319275e-02
4.586502611637115479e-01 4.951108396053314209e-01 1.473032869398593903e-02
4.658376276493072510e-01 4.990292191505432129e-01 6.182835437357425690e-03
4.694157242774963379e-01 5.014197826385498047e-01 -3.029516898095607758e-03
3.971616327762603760e-01 4.843645393848419189e-01 2.589744329452514648e-02
3.910259306430816650e-01 4.782032966613769531e-01 2.687547914683818817e-02
4.999500811100006104e-01 5.407934188842773438e-01 -5.019105225801467896e-02
5.877968668937683105e-01 4.924771189689636230e-01 1.704449579119682312e-02
4.999151825904846191e-01 6.135680675506591797e-01 -4.585481062531471252e-02
6.380891203880310059e-01 4.257965087890625000e-01 8.139892667531967163e-02
5.496070981025695801e-01 5.107332468032836914e-01 4.073347896337509155e-03
5.628669857978820801e-01 5.119391679763793945e-01 4.460835829377174377e-03
5.754758715629577637e-01 5.108044147491455078e-01 7.767528295516967773e-03
5.921605229377746582e-01 4.996236562728881836e-01 1.858573220670223236e-02
5.383356809616088867e-01 5.059973001480102539e-01 6.561886519193649292e-03
5.664431452751159668e-01 4.590686559677124023e-01 7.630320033058524132e-04
5.520204305648803711e-01 4.608210027217864990e-01 1.388289383612573147e-03
5.799013376235961914e-01 4.621683359146118164e-01 4.531159065663814545e-03
5.891627669334411621e-01 4.692637026309967041e-01 9.186781011521816254e-03
6.026782989501953125e-01 5.128985643386840820e-01 2.461651340126991272e-02
5.401955842971801758e-01 7.600997090339660645e-01 -8.070885203778743744e-03
5.924822092056274414e-01 4.870015978813171387e-01 2.149614691734313965e-02
6.435444355010986328e-01 5.047429203987121582e-01 8.184875547885894775e-02
6.178633570671081543e-01 4.993770420551300049e-01 3.807308897376060486e-02
5.558272004127502441e-01 5.880877375602722168e-01 -1.178031135350465775e-02
5.040153264999389648e-01 6.595975160598754883e-01 -3.972476348280906677e-02
5.018351078033447266e-01 6.781410574913024902e-01 -3.423127904534339905e-02
5.200473070144653320e-01 6.668725609779357910e-01 -3.352629393339157104e-02
5.298293232917785645e-01 6.752720475196838379e-01 -2.584465965628623962e-02
5.130714774131774902e-01 6.803127527236938477e-01 -3.049175813794136047e-02
5.217406153678894043e-01 6.831361651420593262e-01 -2.296102046966552734e-02
5.475180149078369141e-01 7.040135264396667480e-01 -8.512479253113269806e-03
4.982243478298187256e-01 6.040543317794799805e-01 -6.863496452569961548e-02
4.999234080314636230e-01 5.849665403366088867e-01 -7.217521965503692627e-02
6.095866560935974121e-01 4.487574696540832520e-01 1.472334098070859909e-02
5.303267836570739746e-01 5.408563613891601562e-01 -1.014996133744716644e-02
5.289653539657592773e-01 6.000999212265014648e-01 -3.795896470546722412e-02
5.302745103836059570e-01 5.896928906440734863e-01 -3.391312435269355774e-02
5.960276722908020020e-01 5.860835313796997070e-01 3.153804456815123558e-03
4.998654127120971680e-01 5.610510706901550293e-01 -6.353082507848739624e-02
5.784231424331665039e-01 4.263717532157897949e-01 -5.427170079201459885e-03
5.966738462448120117e-01 4.337791204452514648e-01 3.864947706460952759e-03
6.244582533836364746e-01 3.919218480587005615e-01 5.741059780120849609e-02
5.198407173156738281e-01 4.423511624336242676e-01 -1.490358076989650726e-02
5.397191047668457031e-01 4.680775105953216553e-01 5.493786651641130447e-03
5.569172501564025879e-01 6.873102784156799316e-01 -5.477857775986194611e-03
6.289114952087402344e-01 6.762249469757080078e-01 1.089290976524353027e-01
5.194219350814819336e-01 6.106912493705749512e-01 -3.286267071962356567e-02
5.088348984718322754e-01 6.159188747406005859e-01 -3.358002379536628723e-02
5.410894155502319336e-01 6.884646415710449219e-01 -7.059010677039623260e-03
5.351675748825073242e-01 6.867777705192565918e-01 -1.058148406445980072e-02
6.045230031013488770e-01 4.219110906124114990e-01 1.035977713763713837e-02
5.295240879058837891e-01 6.086421012878417969e-01 -3.111009113490581512e-02
5.535418391227722168e-01 4.274251461029052734e-01 -1.201022136956453323e-02
5.560101866722106934e-01 4.122942090034484863e-01 -1.419271249324083328e-02
5.686349868774414062e-01 3.482299447059631348e-01 1.085493061691522598e-02
6.145013570785522461e-01 4.067043066024780273e-01 3.012997098267078400e-02
5.609724521636962891e-01 3.799394071102142334e-01 -2.803008537739515305e-03
6.180367469787597656e-01 4.411322772502899170e-01 2.628859505057334900e-02
6.280796527862548828e-01 4.347065091133117676e-01 5.168860405683517456e-02
5.031229257583618164e-01 6.703423857688903809e-01 -3.856186196208000183e-02
5.160471200942993164e-01 6.751798987388610840e-01 -3.286754712462425232e-02
5.257678627967834473e-01 6.795076131820678711e-01 -2.562552131712436676e-02
5.161636471748352051e-01 6.138702630996704102e-01 -2.993896044790744781e-02
5.378885269165039062e-01 6.879667639732360840e-01 -8.888190612196922302e-03
5.330660343170166016e-01 6.907594203948974609e-01 -1.665552891790866852e-02
5.340097546577453613e-01 6.855105161666870117e-01 -1.082441676408052444e-02
5.123177766799926758e-01 6.043308377265930176e-01 -5.041948333382606506e-02
5.194730162620544434e-01 6.820129156112670898e-01 -2.095403708517551422e-02
5.107750892639160156e-01 6.811558604240417480e-01 -2.550544217228889465e-02
5.005961060523986816e-01 6.808873414993286133e-01 -2.908290177583694458e-02
5.071456432342529297e-01 7.323369383811950684e-01 -1.982744596898555756e-02
5.050089955329895020e-01 7.150673866271972656e-01 -3.235891088843345642e-02
5.039926171302795410e-01 7.042504549026489258e-01 -3.380629420280456543e-02
5.028786659240722656e-01 6.946407556533813477e-01 -3.091107867658138275e-02
5.018575191497802734e-01 6.882157325744628906e-01 -2.850471436977386475e-02
5.220063924789428711e-01 6.872048377990722656e-01 -2.040231227874755859e-02
5.238470435142517090e-01 6.896456480026245117e-01 -2.272348664700984955e-02
5.266320705413818359e-01 6.945657134056091309e-01 -2.506867423653602600e-02
5.294567346572875977e-01 7.007322907447814941e-01 -2.301358245313167572e-02
5.423461794853210449e-01 6.550549268722534180e-01 -2.084252424538135529e-02
6.443037390708923340e-01 5.860232114791870117e-01 1.318413913249969482e-01
5.277715921401977539e-01 6.871955990791320801e-01 -1.486406382173299789e-02
5.300862193107604980e-01 6.883229613304138184e-01 -1.653119362890720367e-02
5.046452283859252930e-01 6.238433718681335449e-01 -3.463623672723770142e-02
5.251552462577819824e-01 6.199046373367309570e-01 -2.182965725660324097e-02
5.065817236900329590e-01 6.201010942459106445e-01 -3.433191776275634766e-02
5.442215204238891602e-01 5.520575642585754395e-01 -6.989507004618644714e-03
5.657044053077697754e-01 5.644060373306274414e-01 -4.305625800043344498e-03
5.325077176094055176e-01 5.981911420822143555e-01 -2.702726237475872040e-02
6.025692224502563477e-01 3.652189970016479492e-01 3.205113112926483154e-02
5.935091376304626465e-01 3.874461352825164795e-01 1.231541950255632401e-02
5.834922790527343750e-01 4.116020202636718750e-01 -3.042867640033364296e-03
5.375611186027526855e-01 7.150338888168334961e-01 -1.438424177467823029e-02
5.239401459693908691e-01 4.174003303050994873e-01 -1.934199407696723938e-02
5.276830792427062988e-01 3.804690241813659668e-01 -1.094668451696634293e-02
5.326099991798400879e-01 3.411581516265869141e-01 -6.381806451827287674e-04
5.861154794692993164e-01 5.069521069526672363e-01 1.331089809536933899e-02
6.168158054351806641e-01 5.269549489021301270e-01 3.063968196511268616e-02
5.309749245643615723e-01 5.008624196052551270e-01 8.984470739960670471e-03
6.034045219421386719e-01 4.754536747932434082e-01 2.026210725307464600e-02
5.210603475570678711e-01 5.281455516815185547e-01 -1.385326031595468521e-02
5.209104418754577637e-01 5.927430987358093262e-01 -5.003366619348526001e-02
6.310015916824340820e-01 5.397078990936279297e-01 4.374092817306518555e-02
6.072031855583190918e-01 5.402719974517822266e-01 1.813431270420551300e-02
5.896502733230590820e-01 5.471858978271484375e-01 6.263420917093753815e-03
5.642992258071899414e-01 5.439172387123107910e-01 1.825602608732879162e-03
5.458114147186279297e-01 5.361074209213256836e-01 3.089603069383883849e-06
5.318881273269653320e-01 5.270701646804809570e-01 -2.402484882622957230e-03
5.029327869415283203e-01 5.023540258407592773e-01 -2.475995942950248718e-02
6.277865171432495117e-01 5.790714025497436523e-01 3.802494704723358154e-02
6.146589517593383789e-01 4.721645712852478027e-01 2.661119028925895691e-02
4.941557347774505615e-01 6.137319803237915039e-01 -6.258365511894226074e-02
5.280177593231201172e-01 5.595786571502685547e-01 -1.669702865183353424e-02
6.486847996711730957e-01 5.045143365859985352e-01 1.259089261293411255e-01
5.214943289756774902e-01 5.165477991104125977e-01 -3.240960650146007538e-03
5.341131091117858887e-01 5.993846058845520020e-01 -1.436814665794372559e-02
5.964850783348083496e-01 4.886285662651062012e-01 2.391394786536693573e-02
5.218939185142517090e-01 5.801921486854553223e-01 -4.479295760393142700e-02
6.393246650695800781e-01 6.303856372833251953e-01 1.240240633487701416e-01
5.310127735137939453e-01 4.933280050754547119e-01 1.253461185842752457e-02
5.112978816032409668e-01 5.683410167694091797e-01 -5.653019994497299194e-02
5.976954698562622070e-01 7.198361754417419434e-01 3.792029619216918945e-02
5.985121726989746094e-01 7.395552992820739746e-01 6.117137521505355835e-02
6.418970823287963867e-01 5.830824375152587891e-01 8.464469015598297119e-02
6.142662763595581055e-01 6.952051520347595215e-01 5.476292222738265991e-02
6.362642049789428711e-01 4.672365188598632812e-01 7.073560357093811035e-02
5.436537265777587891e-01 7.778140306472778320e-01 -1.297488575801253319e-03
4.933030605316162109e-01 6.175751090049743652e-01 -4.546230658888816833e-02
5.399432182312011719e-01 5.736734271049499512e-01 -1.298673730343580246e-02
6.296269297599792480e-01 5.032308101654052734e-01 5.054782703518867493e-02
5.746846795082092285e-01 4.995089173316955566e-01 9.352318942546844482e-03
5.633409619331359863e-01 5.015318989753723145e-01 6.525440141558647156e-03
5.364328026771545410e-01 6.944187879562377930e-01 -1.470150332897901535e-02
6.241645216941833496e-01 6.158936023712158203e-01 4.027164727449417114e-02
5.199029445648193359e-01 8.023825883865356445e-01 2.691800938919186592e-03
5.606692433357238770e-01 7.786304354667663574e-01 2.746499143540859222e-02
5.783087015151977539e-01 7.628597617149353027e-01 4.198008030652999878e-02
5.520175695419311523e-01 5.006832480430603027e-01 6.634655874222517014e-03
5.414515733718872070e-01 4.977095723152160645e-01 9.045136161148548126e-03
5.345343947410583496e-01 4.957123994827270508e-01 1.221381593495607376e-02
6.247305274009704590e-01 4.689110517501831055e-01 3.991169854998588562e-02
5.424385666847229004e-01 4.781507253646850586e-01 7.383408490568399429e-03
5.538331270217895508e-01 4.715960621833801270e-01 5.230033304542303085e-03
5.655358433723449707e-01 4.699288904666900635e-01 5.388882011175155640e-03
5.774776935577392578e-01 4.730468690395355225e-01 8.004217408597469330e-03
5.848190188407897949e-01 4.787083268165588379e-01 1.185395661741495132e-02
6.457715034484863281e-01 4.611488580703735352e-01 1.068916693329811096e-01
5.824493765830993652e-01 4.961151182651519775e-01 1.348491292446851730e-02
5.309734344482421875e-01 6.446770429611206055e-01 -2.544919960200786591e-02
5.196081399917602539e-01 6.076673865318298340e-01 -3.729374706745147705e-02
5.062799453735351562e-01 6.375076770782470703e-01 -3.502484038472175598e-02
5.801287293434143066e-01 7.431501746177673340e-01 2.521499618887901306e-02
5.626383423805236816e-01 7.606442570686340332e-01 1.270441524684429169e-02
5.199342966079711914e-01 7.904647588729858398e-01 -1.296456996351480484e-02
6.145541071891784668e-01 7.128508090972900391e-01 8.601395785808563232e-02
5.344689488410949707e-01 4.873305857181549072e-01 1.046720985323190689e-02
5.110317468643188477e-01 5.327395200729370117e-01 -3.119643218815326691e-02
5.417187809944152832e-01 7.923995852470397949e-01 1.217429060488939285e-02
6.367743611335754395e-01 6.235834956169128418e-01 8.078055083751678467e-02
5.128310918807983398e-01 6.874585151672363281e-01 -2.511260472238063812e-02
5.147269368171691895e-01 6.919327378273010254e-01 -2.761314436793327332e-02
5.167312622070312500e-01 6.993913650512695312e-01 -3.017131239175796509e-02
5.186862349510192871e-01 7.090330719947814941e-01 -2.867677062749862671e-02
5.241128206253051758e-01 7.251039147377014160e-01 -1.904863305389881134e-02
5.295235514640808105e-01 6.852872371673583984e-01 -1.633297093212604523e-02
5.334268212318420410e-01 6.843240857124328613e-01 -1.662238501012325287e-02
5.373709201812744141e-01 6.817875504493713379e-01 -1.674598827958106995e-02
5.516495108604431152e-01 6.699359416961669922e-01 -1.371749304234981537e-02
6.052690744400024414e-01 6.256967782974243164e-01 1.418613083660602570e-02
5.118290185928344727e-01 5.139256715774536133e-01 -1.832974329590797424e-02
5.201147198677062988e-01 4.787004292011260986e-01 4.477994516491889954e-03
5.284495949745178223e-01 4.822987318038940430e-01 8.750703185796737671e-03
5.270441174507141113e-01 6.827837228775024414e-01 -1.503445953130722046e-02
6.069815754890441895e-01 6.696175336837768555e-01 3.126434609293937683e-02
5.081222653388977051e-01 4.762586951255798340e-01 -1.106770243495702744e-02
5.328307151794433594e-01 7.423422336578369141e-01 -1.236653141677379608e-02
5.016579627990722656e-01 5.225181579589843750e-01 -3.859571367502212524e-02
5.192476511001586914e-01 5.631924867630004883e-01 -3.260843828320503235e-02
5.122724175453186035e-01 7.515747547149658203e-01 -1.851757243275642395e-02
5.622101426124572754e-01 7.106631398200988770e-01 -1.125793321989476681e-03
5.452164411544799805e-01 6.137708425521850586e-01 -1.250385679304599762e-02
5.490635037422180176e-01 7.290899753570556641e-01 -6.712968926876783371e-03
5.761274099349975586e-01 6.096050739288330078e-01 -8.693611249327659607e-03
5.572115778923034668e-01 6.314454078674316406e-01 -1.248747389763593674e-02
5.868249535560607910e-01 6.395033001899719238e-01 -8.795420872047543526e-04
5.173468589782714844e-01 7.728468179702758789e-01 -1.888049766421318054e-02
5.270038247108459473e-01 5.744686126708984375e-01 -2.438734471797943115e-02
5.748583078384399414e-01 7.235870361328125000e-01 1.069313008338212967e-02
5.578750967979431152e-01 7.429152727127075195e-01 2.742683980613946915e-03
5.720915794372558594e-01 6.885520219802856445e-01 5.039941170252859592e-04
6.201981902122497559e-01 6.470554471015930176e-01 4.350371286273002625e-02
5.899157524108886719e-01 6.902793645858764648e-01 1.317740138620138168e-02
6.289056539535522461e-01 6.609573364257812500e-01 7.330203056335449219e-02
5.669708251953125000e-01 6.556758284568786621e-01 -8.341615088284015656e-03
5.193475484848022461e-01 5.459095239639282227e-01 -2.329664677381515503e-02
5.164223909378051758e-01 6.013650298118591309e-01 -5.291528627276420593e-02
5.248988270759582520e-01 6.062687039375305176e-01 -3.940698504447937012e-02
5.110991001129150391e-01 5.879949927330017090e-01 -6.136779859662055969e-02
5.307753086090087891e-01 4.609262943267822266e-01 2.477763046044856310e-04
5.521450042724609375e-01 4.496317803859710693e-01 -2.077096374705433846e-03
5.708411931991577148e-01 4.476781487464904785e-01 -1.693721045739948750e-03
5.864525437355041504e-01 4.511736333370208740e-01 2.804447198286652565e-03
5.975095033645629883e-01 4.599120616912841797e-01 1.025365293025970459e-02
6.056605577468872070e-01 4.939525127410888672e-01 2.902833744883537292e-02
6.447223424911499023e-01 5.435504317283630371e-01 8.365082740783691406e-02
5.952875614166259766e-01 5.208497047424316406e-01 1.740564778447151184e-02
5.816129446029663086e-01 5.264588594436645508e-01 9.885070845484733582e-03
5.640839338302612305e-01 5.265189409255981445e-01 4.995436873286962509e-03
5.474000573158264160e-01 5.223050713539123535e-01 3.094361396506428719e-03
5.344910621643066406e-01 5.159728527069091797e-01 4.053892567753791809e-03
5.253943204879760742e-01 5.094516873359680176e-01 3.747466485947370529e-03
6.468517184257507324e-01 5.450159311294555664e-01 1.333118528127670288e-01
5.245537757873535156e-01 6.113969683647155762e-01 -3.296884149312973022e-02
5.102246403694152832e-01 5.498994588851928711e-01 -4.206296056509017944e-02
5.072723627090454102e-01 6.018032431602478027e-01 -6.267939507961273193e-02
5.004419088363647461e-01 6.108278632164001465e-01 -5.744014307856559753e-02
5.072960257530212402e-01 6.049422025680541992e-01 -5.645903944969177246e-02
5.210257768630981445e-01 6.169538497924804688e-01 -2.860383316874504089e-02
4.981754720211029053e-01 6.124503016471862793e-01 -6.088219955563545227e-02
4.973489642143249512e-01 6.164309382438659668e-01 -4.559392854571342468e-02
5.261034965515136719e-01 4.946840107440948486e-01 1.085411384701728821e-02
5.181924104690551758e-01 4.987546205520629883e-01 3.213182790204882622e-03
5.135670900344848633e-01 5.012767314910888672e-01 -5.411841440945863724e-03
5.890344381332397461e-01 4.830848574638366699e-01 1.616373658180236816e-02
5.957585573196411133e-01 4.770777821540832520e-01 1.642126403748989105e-02
