6.132200360298156738e-01 4.237542748451232910e-01 -4.350894317030906677e-02
6.172877550125122070e-01 3.641568124294281006e-01 -7.021573930978775024e-02
6.153885126113891602e-01 3.836532831192016602e-01 -3.807177767157554626e-02
6.077767610549926758e-01 3.019543886184692383e-01 -4.987544193863868713e-02
6.183615326881408691e-01 3.448224961757659912e-01 -7.394219934940338135e-02
6.190230846405029297e-01 3.198087513446807861e-01 -6.728470325469970703e-02
6.204817891120910645e-01 2.607280015945434570e-01 -2.716731093823909760e-02
5.204358100891113281e-01 2.519749402999877930e-01 1.940599642693996429e-02
6.224129199981689453e-01 2.082260549068450928e-01 -1.538601052016019821e-02
6.238116621971130371e-01 1.821963191032409668e-01 -1.648710854351520538e-02
6.270592212677001953e-01 1.106927394866943359e-01 2.971887588500976562e-03
6.126673817634582520e-01 4.327296018600463867e-01 -4.237487167119979858e-02
6.120335459709167480e-01 4.401496350765228271e-01 -3.783331066370010376e-02
6.115551590919494629e-01 4.440413415431976318e-01 -3.199183940887451172e-02
6.110483407974243164e-01 4.497709870338439941e-01 -3.141123056411743164e-02
6.107636094093322754e-01 4.579375386238098145e-01 -3.373986482620239258e-02
6.101618409156799316e-01 4.682878851890563965e-01 -3.625869005918502808e-02
6.093780398368835449e-01 4.786765575408935547e-01 -3.384069353342056274e-02
6.078625321388244629e-01 4.956217706203460693e-01 -2.015641331672668457e-02
6.163904070854187012e-01 3.741933107376098633e-01 -6.375717371702194214e-02
6.049157381057739258e-01 3.726667463779449463e-01 -4.640448838472366333e-02
4.711500406265258789e-01 1.843488067388534546e-01 8.744328469038009644e-02
5.589884519577026367e-01 2.708334326744079590e-01 5.477384198457002640e-03
5.451604127883911133e-01 2.716910243034362793e-01 6.220317911356687546e-03
5.322099328041076660e-01 2.700006663799285889e-01 9.909891523420810699e-03
5.154489874839782715e-01 2.586601078510284424e-01 2.100526914000511169e-02
5.708749294281005859e-01 2.663103342056274414e-01 8.286654017865657806e-03
5.437425374984741211e-01 2.189045995473861694e-01 2.477987203747034073e-03
5.581604838371276855e-01 2.213476449251174927e-01 3.124201204627752304e-03
5.300669074058532715e-01 2.213211208581924438e-01 6.477328483015298843e-03
5.204200148582458496e-01 2.281065881252288818e-01 1.154799479991197586e-02
5.037379264831542969e-01 2.709035873413085938e-01 2.703600563108921051e-02
5.556555390357971191e-01 5.198068022727966309e-01 -9.517443366348743439e-03
5.159221887588500977e-01 2.467582225799560547e-01 2.397661097347736359e-02
4.616881310939788818e-01 2.606276869773864746e-01 8.647331595420837402e-02
4.886317849159240723e-01 2.558823227882385254e-01 4.131470993161201477e-02
5.492476820945739746e-01 3.472119867801666260e-01 -1.103316713124513626e-02
5.986886024475097656e-01 4.207524657249450684e-01 -4.193596914410591125e-02
6.004085540771484375e-01 4.398439824581146240e-01 -3.666156157851219177e-02
5.834361314773559570e-01 4.277586936950683594e-01 -3.570209443569183350e-02
5.738034248352050781e-01 4.365389347076416016e-01 -2.846849523484706879e-02
5.899987816810607910e-01 4.418317079544067383e-01 -3.299430012702941895e-02
5.818610191345214844e-01 4.448226094245910645e-01 -2.592939324676990509e-02
5.535648465156555176e-01 4.646821618080139160e-01 -1.178726740181446075e-02
6.064200401306152344e-01 3.632339537143707275e-01 -6.940643489360809326e-02
6.053991913795471191e-01 3.445685207843780518e-01 -7.263727486133575439e-02
4.995146691799163818e-01 2.034908235073089600e-01 1.861233636736869812e-02
5.770879387855529785e-01 3.017338514328002930e-01 -9.096487425267696381e-03
5.771605968475341797e-01 3.591983020305633545e-01 -3.805906325578689575e-02
5.760190486907958984e-01 3.492812812328338623e-01 -3.394358605146408081e-02
5.081462264060974121e-01 3.438706398010253906e-01 4.553497768938541412e-03
6.067063808441162109e-01 3.214207887649536133e-01 -6.359171122312545776e-02
5.313997864723205566e-01 1.807158738374710083e-01 -1.787969376891851425e-03
5.131457448005676270e-01 1.883132755756378174e-01 8.164883591234683990e-03
4.868924319744110107e-01 1.521023958921432495e-01 6.333170831203460693e-02
5.913738608360290527e-01 1.995547562837600708e-01 -1.240493077784776688e-02
5.705941319465637207e-01 2.289704531431198120e-01 6.987040396779775620e-03
5.453969836235046387e-01 4.480917155742645264e-01 -8.259017020463943481e-03
4.676109254360198975e-01 4.297958314418792725e-01 1.117437481880187988e-01
5.866467952728271484e-01 3.698942363262176514e-01 -3.335229307413101196e-02
5.966340303421020508e-01 3.754039406776428223e-01 -3.394337370991706848e-02
5.631703734397888184e-01 4.503797590732574463e-01 -1.068928185850381851e-02
5.694459080696105957e-01 4.485878050327301025e-01 -1.444153860211372375e-02
5.053198933601379395e-01 1.760595887899398804e-01 1.482669543474912643e-02
5.767717361450195312e-01 3.680499196052551270e-01 -3.125160932540893555e-02
5.566503405570983887e-01 1.822717487812042236e-01 -8.926352486014366150e-03
5.547344684600830078e-01 1.676597297191619873e-01 -1.085302326828241348e-02
5.461365580558776855e-01 1.133166849613189697e-01 1.573904417455196381e-02
4.958800971508026123e-01 1.644520908594131470e-01 3.501940891146659851e-02
5.517710447311401367e-01 1.412748843431472778e-01 1.457973266951739788e-03
4.910427331924438477e-01 1.956381648778915405e-01 3.053023107349872589e-02
4.808242022991180420e-01 1.915144175291061401e-01 5.664620548486709595e-02
5.993006229400634766e-01 4.315126240253448486e-01 -4.109726101160049438e-02
5.871264338493347168e-01 4.362686574459075928e-01 -3.526759147644042969e-02
5.778723359107971191e-01 4.410769045352935791e-01 -2.852391637861728668e-02
5.898681282997131348e-01 3.733522295951843262e-01 -2.995228581130504608e-02
5.665879845619201660e-01 4.500186145305633545e-01 -1.251601055264472961e-02
5.702697038650512695e-01 4.520652592182159424e-01 -2.054105140268802643e-02
5.704376101493835449e-01 4.469121694564819336e-01 -1.460747048258781433e-02
5.931010246276855469e-01 3.629007637500762939e-01 -5.073416978120803833e-02
5.844815373420715332e-01 4.443245530128479004e-01 -2.376478537917137146e-02
5.923973917961120605e-01 4.434581696987152100e-01 -2.792768552899360657e-02
6.016620397567749023e-01 4.433727264404296875e-01 -3.132155537605285645e-02
5.912996530532836914e-01 4.938488900661468506e-01 -2.073888666927814484e-02
5.942616462707519531e-01 4.762770533561706543e-01 -3.399356082081794739e-02
5.959795117378234863e-01 4.654632508754730225e-01 -3.588765114545822144e-02
5.978530049324035645e-01 4.555564224720001221e-01 -3.309348598122596741e-02
5.994179248809814453e-01 4.488701820373535156e-01 -3.077223524451255798e-02
5.809152722358703613e-01 4.480091333389282227e-01 -2.337177656590938568e-02
5.787465572357177734e-01 4.505943059921264648e-01 -2.574411965906620026e-02
5.754120945930480957e-01 4.554781317710876465e-01 -2.830116823315620422e-02
5.719548463821411133e-01 4.615730941295623779e-01 -2.640887722373008728e-02
5.613691806793212891e-01 4.150463640689849854e-01 -2.284658513963222504e-02
4.566100835800170898e-01 3.398776352405548096e-01 1.368969976902008057e-01
6.159146428108215332e-01 3.779925704002380371e-01 -4.685236513614654541e-02
5.757096409797668457e-01 4.482096731662750244e-01 -1.856514438986778259e-02
5.734256505966186523e-01 4.496185779571533203e-01 -2.019769512116909027e-02
6.003255844116210938e-01 3.834918439388275146e-01 -3.521635010838508606e-02
5.807030200958251953e-01 3.798685073852539062e-01 -2.183447405695915222e-02
5.986421108245849609e-01 3.796744048595428467e-01 -3.462095931172370911e-02
5.624604821205139160e-01 3.123785257339477539e-01 -5.844539962708950043e-03
5.397927165031433105e-01 3.237967193126678467e-01 -2.816943218931555748e-03
5.737368464469909668e-01 3.579289019107818604e-01 -2.688229084014892578e-02
5.104311704635620117e-01 1.274887323379516602e-01 3.743541613221168518e-02
5.178942084312438965e-01 1.463591605424880981e-01 1.683893613517284393e-02
5.265780687332153320e-01 1.664708256721496582e-01 8.907349547371268272e-04
5.623959302902221680e-01 4.757692813873291016e-01 -1.721957512199878693e-02
5.882995128631591797e-01 1.748785227537155151e-01 -1.640233397483825684e-02
5.865579843521118164e-01 1.447745412588119507e-01 -7.052670232951641083e-03
5.838564038276672363e-01 1.092441380023956299e-01 3.832044778391718864e-03
5.213415622711181641e-01 2.659220695495605469e-01 1.577956043183803558e-02
4.883966445922851562e-01 2.838737666606903076e-01 3.296345099806785583e-02
5.787020921707153320e-01 2.613364458084106445e-01 1.062958873808383942e-02
5.049521923065185547e-01 2.326014935970306396e-01 2.315228618681430817e-02
5.870394110679626465e-01 2.894502878189086914e-01 -1.274090167135000229e-02
5.848422646522521973e-01 3.515868484973907471e-01 -5.030006170272827148e-02
4.730464816093444824e-01 2.956436276435852051e-01 4.653912410140037537e-02
4.976236820220947266e-01 2.979730069637298584e-01 2.001933194696903229e-02
5.153653621673583984e-01 3.059522509574890137e-01 7.532025221735239029e-03
5.418104529380798340e-01 3.037090599536895752e-01 3.238640725612640381e-03
5.613494515419006348e-01 2.965812683105468750e-01 1.200236030854284763e-03
5.761795639991760254e-01 2.880874574184417725e-01 -9.518422884866595268e-04
6.070079207420349121e-01 2.646196186542510986e-01 -2.308240160346031189e-02
4.749201238155364990e-01 3.348664939403533936e-01 4.029810056090354919e-02
4.932924211025238037e-01 2.278698086738586426e-01 2.994126267731189728e-02
6.100429892539978027e-01 3.729383051395416260e-01 -6.332143396139144897e-02
5.789161920547485352e-01 3.201106786727905273e-01 -1.597308553755283356e-02
4.564115703105926514e-01 2.602746188640594482e-01 1.320981979370117188e-01
5.873289704322814941e-01 2.778470218181610107e-01 -1.680557732470333576e-03
5.720352530479431152e-01 3.594157397747039795e-01 -1.412914600223302841e-02
5.115914940834045410e-01 2.472427338361740112e-01 2.653862349689006805e-02
5.842846632003784180e-01 3.397071659564971924e-01 -4.491735622286796570e-02
4.592750370502471924e-01 3.837336897850036621e-01 1.280767321586608887e-01
5.789654850959777832e-01 2.540288269519805908e-01 1.419863104820251465e-02
5.949317812919616699e-01 3.281614482402801514e-01 -5.666864290833473206e-02
4.979318976402282715e-01 4.760800600051879883e-01 3.741179034113883972e-02
4.948930740356445312e-01 4.953351616859436035e-01 6.162551417946815491e-02
4.592921733856201172e-01 3.374205231666564941e-01 8.817365765571594238e-02
4.824615716934204102e-01 4.499906599521636963e-01 5.537417531013488770e-02
4.709744751453399658e-01 2.238143533468246460e-01 7.559043914079666138e-02
5.501297116279602051e-01 5.379623770713806152e-01 -2.315184567123651505e-03
6.110847592353820801e-01 3.769910931587219238e-01 -4.610805213451385498e-02
5.663309693336486816e-01 3.337825238704681396e-01 -1.239292975515127182e-02
4.762562513351440430e-01 2.590581476688385010e-01 5.416863039135932922e-02
5.336248278617858887e-01 2.589733898639678955e-01 1.116970460861921310e-02
5.452849864959716797e-01 2.614869475364685059e-01 8.222847245633602142e-03
5.665355324745178223e-01 4.556564390659332275e-01 -1.859303750097751617e-02
4.772496223449707031e-01 3.709413707256317139e-01 4.194892942905426025e-02
5.727753043174743652e-01 5.655229091644287109e-01 1.999368658289313316e-03
5.316758155822753906e-01 5.374244451522827148e-01 2.680431492626667023e-02
5.143704414367675781e-01 5.201405286788940430e-01 4.151969775557518005e-02
6.254501342773437500e-01 1.490647941827774048e-01 -8.375213481485843658e-03
6.023196578025817871e-01 5.710660815238952637e-01 -8.748003165237605572e-04
5.569278597831726074e-01 2.610721290111541748e-01 8.306673727929592133e-03
5.679886341094970703e-01 2.583032548427581787e-01 1.061233039945363998e-02
5.752404928207397461e-01 2.562505602836608887e-01 1.399544067680835724e-02
4.829724431037902832e-01 2.242173999547958374e-01 4.383046925067901611e-02
5.676669478416442871e-01 2.417628467082977295e-01 8.770785294473171234e-03
5.559477806091308594e-01 2.367133051156997681e-01 6.646310910582542419e-03
5.440691709518432617e-01 2.351376414299011230e-01 6.910157855600118637e-03
5.320560932159423828e-01 2.371235787868499756e-01 9.889700450003147125e-03
5.243054628372192383e-01 2.411508411169052124e-01 1.369263045489788055e-02
4.614121913909912109e-01 2.183352559804916382e-01 1.133643016219139099e-01
5.258029103279113770e-01 2.554996609687805176e-01 1.552982814610004425e-02
6.145821809768676758e-01 3.958628475666046143e-01 -3.631564602255821228e-02
5.732171535491943359e-01 4.047075808048248291e-01 -2.663625031709671021e-02
5.864049196243286133e-01 3.664987087249755859e-01 -3.766875714063644409e-02
5.977427363395690918e-01 3.975955843925476074e-01 -3.608359023928642273e-02
6.211431026458740234e-01 2.352100610733032227e-01 -1.635362766683101654e-02
5.144456624984741211e-01 5.003660917282104492e-01 2.415103465318679810e-02
5.313152074813842773e-01 5.191669464111328125e-01 1.164150610566139221e-02
5.739560723304748535e-01 5.524556636810302734e-01 -1.402480434626340866e-02
4.801303148269653320e-01 4.674039483070373535e-01 8.784287422895431519e-02
5.756299495697021484e-01 2.490179687738418579e-01 1.217536628246307373e-02
5.969007015228271484e-01 2.939917445182800293e-01 -3.040516190230846405e-02
6.037681102752685547e-01 5.578617453575134277e-01 -1.634569279849529266e-02
5.505372285842895508e-01 5.533679723739624023e-01 1.172459311783313751e-02
4.625272154808044434e-01 3.774551451206207275e-01 8.362789452075958252e-02
5.892742872238159180e-01 4.479434490203857422e-01 -2.739345654845237732e-02
5.868981480598449707e-01 4.525718688964843750e-01 -3.022671863436698914e-02
5.842081904411315918e-01 4.602593481540679932e-01 -3.290338441729545593e-02
5.814858675003051758e-01 4.698750972747802734e-01 -3.138500079512596130e-02
5.750001072883605957e-01 4.860181212425231934e-01 -2.102821134030818939e-02
5.748937726020812988e-01 4.472317099571228027e-01 -1.964519917964935303e-02
5.708566904067993164e-01 4.460695385932922363e-01 -1.994520425796508789e-02
5.667737126350402832e-01 4.434520900249481201e-01 -1.994727924466133118e-02
5.515863299369812012e-01 4.303445219993591309e-01 -1.632493548095226288e-02
4.970537424087524414e-01 3.820359408855438232e-01 1.539894845336675644e-02
5.971511602401733398e-01 2.757194638252258301e-01 -1.693988405168056488e-02
5.906035304069519043e-01 2.392488718032836914e-01 6.103598978370428085e-03
5.821075439453125000e-01 2.432430535554885864e-01 1.062926277518272400e-02
5.775266885757446289e-01 4.448118209838867188e-01 -1.837163232266902924e-02
4.926806688308715820e-01 4.253181815147399902e-01 3.170799836516380310e-02
6.029382348060607910e-01 2.373497188091278076e-01 -9.194481186568737030e-03
5.648108124732971191e-01 5.025361180305480957e-01 -1.406633947044610977e-02
6.195656061172485352e-01 2.996352314949035645e-01 -5.358446016907691956e-02
6.070186495780944824e-01 2.842929959297180176e-01 -3.762087598443031311e-02
6.199558973312377930e-01 2.809116244316101074e-01 -4.002538695931434631e-02
5.874018669128417969e-01 3.234857618808746338e-01 -3.242522478103637695e-02
6.052398085594177246e-01 5.385878682136535645e-01 -2.258657105267047882e-02
6.067364215850830078e-01 5.155794620513916016e-01 -2.106679044663906097e-02
5.850406885147094727e-01 5.127654075622558594e-01 -1.947690732777118683e-02
5.366424322128295898e-01 4.699352979660034180e-01 -3.540577134117484093e-03
5.596207380294799805e-01 3.733780086040496826e-01 -1.226199790835380554e-02
5.487948060035705566e-01 4.886271953582763672e-01 -8.934266865253448486e-03
5.278381109237670898e-01 3.675587475299835205e-01 -7.788258604705333710e-03
5.464184284210205078e-01 3.902883827686309814e-01 -1.290113478899002075e-02
5.158190727233886719e-01 3.967516124248504639e-01 -8.217658032663166523e-04
5.782696604728698730e-01 5.339517593383789062e-01 -1.991168223321437836e-02
5.795191526412963867e-01 3.346250951290130615e-01 -2.418131940066814423e-02
5.219255685806274414e-01 4.816367626190185547e-01 9.038052521646022797e-03
5.382210016250610352e-01 5.018712282180786133e-01 1.157516846433281898e-03
5.283121466636657715e-01 4.475902915000915527e-01 -1.209628069773316383e-03
4.797846078872680664e-01 4.018020927906036377e-01 4.482924193143844604e-02
5.090810656547546387e-01 4.474617242813110352e-01 1.221674960106611252e-02
4.688476324081420898e-01 4.148031473159790039e-01 7.522359490394592285e-02
5.357903242111206055e-01 4.148053824901580811e-01 -9.403358213603496552e-03
5.880315899848937988e-01 3.067450523376464844e-01 -2.272375859320163727e-02
5.890476107597351074e-01 3.597471117973327637e-01 -5.328019708395004272e-02
5.811503529548645020e-01 3.652638792991638184e-01 -3.959582000970840454e-02
5.943213701248168945e-01 3.469156920909881592e-01 -6.167337670922279358e-02
5.797422528266906738e-01 2.196892797946929932e-01 2.182492054998874664e-03
5.580227971076965332e-01 2.071575969457626343e-01 3.098098095506429672e-04
5.392554998397827148e-01 2.046162635087966919e-01 9.987333323806524277e-04
5.234103202819824219e-01 2.079821974039077759e-01 5.790279246866703033e-03
5.119537711143493652e-01 2.168237268924713135e-01 1.354217249900102615e-02
5.015363693237304688e-01 2.515399456024169922e-01 3.177889436483383179e-02
4.584940075874328613e-01 2.985563576221466064e-01 8.759681880474090576e-02
5.109556317329406738e-01 2.793680429458618164e-01 1.947822421789169312e-02
5.246729254722595215e-01 2.855639755725860596e-01 1.173323858529329300e-02
5.427994728088378906e-01 2.862141728401184082e-01 6.782865617424249649e-03
5.604254603385925293e-01 2.826012074947357178e-01 4.366178531199693680e-03
5.741996169090270996e-01 2.765687108039855957e-01 5.786306690424680710e-03
5.838984251022338867e-01 2.704227566719055176e-01 5.259510595351457596e-03
4.562893509864807129e-01 2.997911572456359863e-01 1.390696913003921509e-01
5.815213918685913086e-01 3.706113994121551514e-01 -3.315710648894309998e-02
5.968908071517944336e-01 3.105544447898864746e-01 -4.169441759586334229e-02
5.975779294967651367e-01 3.603452444076538086e-01 -6.310616433620452881e-02
6.040758490562438965e-01 3.697366714477539062e-01 -5.805176496505737305e-02
5.977274179458618164e-01 3.635397851467132568e-01 -5.693909898400306702e-02
5.850228667259216309e-01 3.764818906784057617e-01 -2.879758179187774658e-02
6.062298417091369629e-01 3.714074194431304932e-01 -6.155667826533317566e-02
6.072487831115722656e-01 3.755883574485778809e-01 -4.616270214319229126e-02
5.840967893600463867e-01 2.551563382148742676e-01 1.269709412008523941e-02
5.918623805046081543e-01 2.598893940448760986e-01 4.828212782740592957e-03
5.962505340576171875e-01 2.628473639488220215e-01 -3.645348595455288887e-03
5.196605920791625977e-01 2.442772835493087769e-01 1.825297065079212189e-02
5.131214857101440430e-01 2.355229109525680542e-01 1.896908320486545563e-02
6.306228041648864746e-01 3.034059703350067139e-01 -4.876667261123657227e-02
7.139686346054077148e-01 2.646479904651641846e-01 2.748409099876880646e-02
6.270570755004882812e-01 3.742857873439788818e-01 -4.553165659308433533e-02
7.628903388977050781e-01 2.038201540708541870e-01 9.997183084487915039e-02
6.755367517471313477e-01 2.788200378417968750e-01 1.080035790801048279e-02
6.887416839599609375e-01 2.811921834945678711e-01 1.258726604282855988e-02
7.013112306594848633e-01 2.810421586036682129e-01 1.716964133083820343e-02
7.177757024765014648e-01 2.718258500099182129e-01 2.966628223657608032e-02
6.644959449768066406e-01 2.728807628154754639e-01 1.251088920980691910e-02
6.955025196075439453e-01 2.292662113904953003e-01 9.009950794279575348e-03
6.811558604240417480e-01 2.297392785549163818e-01 8.281364105641841888e-03
7.084804177284240723e-01 2.332939356565475464e-01 1.418243814259767532e-02
7.168590426445007324e-01 2.412720620632171631e-01 1.976343989372253418e-02
7.275583744049072266e-01 2.853676676750183105e-01 3.631186112761497498e-02
6.550291776657104492e-01 5.248649716377258301e-01 -5.975296255201101303e-03
7.184986472129821777e-01 2.600541412830352783e-01 3.251456841826438904e-02
7.644720673561096191e-01 2.797545194625854492e-01 9.896427392959594727e-02
7.425372600555419922e-01 2.720955610275268555e-01 5.165702849626541138e-02
6.796622872352600098e-01 3.552599251270294189e-01 -5.890140775591135025e-03
6.276626586914062500e-01 4.224503636360168457e-01 -4.067805409431457520e-02
6.232931613922119141e-01 4.411653280258178711e-01 -3.554154187440872192e-02
6.412258148193359375e-01 4.309931397438049316e-01 -3.306305035948753357e-02
6.488299369812011719e-01 4.408299028873443604e-01 -2.500834688544273376e-02
6.327822804450988770e-01 4.443956017494201660e-01 -3.080475144088268280e-02
6.397262811660766602e-01 4.482597112655639648e-01 -2.308254316449165344e-02
6.638099551200866699e-01 4.708372950553894043e-01 -7.282744161784648895e-03
6.279571056365966797e-01 3.645581007003784180e-01 -6.857621669769287109e-02
6.307528614997863770e-01 3.461337983608245850e-01 -7.189368456602096558e-02
7.385872602462768555e-01 2.194008678197860718e-01 2.840575017035007477e-02
6.566128730773925781e-01 3.069934248924255371e-01 -5.456077866256237030e-03
6.543637514114379883e-01 3.639284968376159668e-01 -3.476614877581596375e-02
6.557360887527465820e-01 3.541637361049652100e-01 -3.047966398298740387e-02
7.182064056396484375e-01 3.570381104946136475e-01 1.303264684975147247e-02
6.308959722518920898e-01 3.229435682296752930e-01 -6.250856071710586548e-02
7.118867039680480957e-01 1.933041363954544067e-01 4.887438379228115082e-03
7.280407547950744629e-01 2.029027044773101807e-01 1.648885011672973633e-02
7.531899213790893555e-01 1.700207144021987915e-01 7.430807501077651978e-02
6.531519293785095215e-01 2.039108127355575562e-01 -1.012433879077434540e-02
6.683452129364013672e-01 2.358555495738983154e-01 1.130017358809709549e-02
6.735888719558715820e-01 4.553952813148498535e-01 -2.828436670824885368e-03
7.391554713249206543e-01 4.458222985267639160e-01 1.231877654790878296e-01
6.441462039947509766e-01 3.734084665775299072e-01 -3.086535260081291199e-02
6.340249776840209961e-01 3.777987957000732422e-01 -3.262836858630180359e-02
6.564661264419555664e-01 4.557465016841888428e-01 -6.003435235470533371e-03
6.503083109855651855e-01 4.532172679901123047e-01 -1.039357762783765793e-02
7.361965775489807129e-01 1.919543743133544922e-01 2.370867691934108734e-02
6.534354090690612793e-01 3.726857602596282959e-01 -2.793970145285129547e-02
6.880223155021667480e-01 1.914698183536529541e-01 -4.308612085878849030e-03
6.915242075920104980e-01 1.772696971893310547e-01 -5.994491279125213623e-03
7.038847804069519043e-01 1.242853999137878418e-01 2.216351032257080078e-02
7.452245354652404785e-01 1.811221092939376831e-01 4.496566578745841980e-02
6.968141794204711914e-01 1.513872444629669189e-01 6.914628669619560242e-03
7.466990947723388672e-01 2.127665132284164429e-01 4.100058600306510925e-02
7.550461292266845703e-01 2.097736597061157227e-01 6.798705458641052246e-02
6.257433295249938965e-01 4.331149458885192871e-01 -3.980612009763717651e-02
6.366553306579589844e-01 4.391589760780334473e-01 -3.294435515999794006e-02
6.444312930107116699e-01 4.448013007640838623e-01 -2.535729669034481049e-02
6.405167579650878906e-01 3.765157759189605713e-01 -2.796276472508907318e-02
6.530556678771972656e-01 4.549652934074401855e-01 -8.365185000002384186e-03
6.495226025581359863e-01 4.564489722251892090e-01 -1.698861271142959595e-02
6.492068171501159668e-01 4.514409005641937256e-01 -1.069491915404796600e-02
6.394510865211486816e-01 3.659364283084869385e-01 -4.850409924983978271e-02
6.367734670639038086e-01 4.473603367805480957e-01 -2.112086117267608643e-02
6.296629309654235840e-01 4.457189440727233887e-01 -2.595770545303821564e-02
6.210832595825195312e-01 4.445511698722839355e-01 -3.020291589200496674e-02
6.241270303726196289e-01 4.956310689449310303e-01 -1.974984444677829742e-02
6.244407892227172852e-01 4.780917167663574219e-01 -3.287471085786819458e-02
6.242769956588745117e-01 4.671189486980438232e-01 -3.465363010764122009e-02
6.235166788101196289e-01 4.570634365081787109e-01 -3.189278393983840942e-02
6.224858164787292480e-01 4.503053426742553711e-01 -2.954134717583656311e-02
6.396330595016479492e-01 4.512570500373840332e-01 -2.062910422682762146e-02
6.416056752204895020e-01 4.540562033653259277e-01 -2.301238290965557098e-02
6.444045901298522949e-01 4.593548476696014404e-01 -2.550990320742130280e-02
6.470447778701782227e-01 4.657280445098876953e-01 -2.332822978496551514e-02
6.628400087356567383e-01 4.209620952606201172e-01 -1.869736053049564362e-02
7.574666738510131836e-01 3.586366176605224609e-01 1.497401595115661621e-01
6.441225409507751465e-01 4.520771205425262451e-01 -1.505420170724391937e-02
6.465634107589721680e-01 4.536120295524597168e-01 -1.677141338586807251e-02
6.297985911369323730e-01 3.852930963039398193e-01 -3.402411192655563354e-02
6.480857729911804199e-01 3.838094770908355713e-01 -1.940981857478618622e-02
6.317719221115112305e-01 3.818035125732421875e-01 -3.348136693239212036e-02
6.695400476455688477e-01 3.192685544490814209e-01 -1.084985560737550259e-03
6.902877092361450195e-01 3.333221375942230225e-01 3.510918002575635910e-03
6.567005515098571777e-01 3.629811704158782959e-01 -2.347316220402717590e-02
7.350840568542480469e-01 1.428214758634567261e-01 4.642508178949356079e-02
7.275156974792480469e-01 1.606966555118560791e-01 2.480889484286308289e-02
7.179337143898010254e-01 1.797747910022735596e-01 7.969607599079608917e-03
6.541006565093994141e-01 4.807174205780029297e-01 -1.367172691971063614e-02
6.588816046714782715e-01 1.799114346504211426e-01 -1.402098126709461212e-02
6.634775996208190918e-01 1.501542329788208008e-01 -4.122717306017875671e-03
6.689376831054687500e-01 1.150414943695068359e-01 7.131346967071294785e-03
7.117241621017456055e-01 2.781757712364196777e-01 2.379459515213966370e-02
7.407656311988830566e-01 3.000168204307556152e-01 4.339353740215301514e-02
6.575047969818115234e-01 2.669255137443542480e-01 1.439163740724325180e-02
7.302771806716918945e-01 2.475156486034393311e-01 3.257402777671813965e-02
6.484691500663757324e-01 2.935689389705657959e-01 -9.876881726086139679e-03
6.484062075614929199e-01 3.556656241416931152e-01 -4.757560417056083679e-02
7.531947493553161621e-01 3.133876919746398926e-01 5.811180546879768372e-02
7.315124273300170898e-01 3.127653598785400391e-01 2.971205301582813263e-02
7.145308256149291992e-01 3.185729980468750000e-01 1.591170020401477814e-02
6.896518468856811523e-01 3.131525814533233643e-01 9.612191468477249146e-03
6.715312600135803223e-01 3.037998378276824951e-01 6.145898252725601196e-03
6.580932736396789551e-01 2.935790717601776123e-01 2.683494472876191139e-03
6.328322887420654297e-01 2.664952278137207031e-01 -2.189622819423675537e-02
7.480089068412780762e-01 3.520061373710632324e-01 5.173993110656738281e-02
7.414053082466125488e-01 2.440528571605682373e-01 4.032790660858154297e-02
6.227809190750122070e-01 3.738379776477813721e-01 -6.269351392984390259e-02
6.538546085357666016e-01 3.249469399452209473e-01 -1.261361781507730484e-02
7.662571668624877930e-01 2.800388932228088379e-01 1.453706175088882446e-01
6.485368609428405762e-01 2.822369337081909180e-01 1.142513472586870193e-03
6.574262380599975586e-01 3.645923435688018799e-01 -1.079397369176149368e-02
7.224781513214111328e-01 2.611663639545440674e-01 3.549747169017791748e-02
6.492246985435485840e-01 3.437721133232116699e-01 -4.205484688282012939e-02
7.509881258010864258e-01 4.014458358287811279e-01 1.404959261417388916e-01
6.576344370841979980e-01 2.595993578433990479e-01 1.806667633354663849e-02
6.408662796020507812e-01 3.311105966567993164e-01 -5.464916676282882690e-02
7.115443348884582520e-01 4.881182909011840820e-01 4.570289328694343567e-02
7.099851369857788086e-01 5.071683526039123535e-01 7.019851356744766235e-02
7.590633034706115723e-01 3.559895157814025879e-01 1.008175313472747803e-01
7.275815606117248535e-01 4.644598662853240967e-01 6.535573303699493408e-02
7.601385116577148438e-01 2.426411956548690796e-01 8.770426362752914429e-02
6.577168703079223633e-01 5.433765649795532227e-01 1.675804727710783482e-03
6.207502484321594238e-01 3.776292502880096436e-01 -4.577682912349700928e-02
6.644319891929626465e-01 3.400068879127502441e-01 -8.224531076848506927e-03
7.532217502593994141e-01 2.767197489738464355e-01 6.567706912755966187e-02
7.010755538940429688e-01 2.699758112430572510e-01 1.836808398365974426e-02
6.896508932113647461e-01 2.710904479026794434e-01 1.456532906740903854e-02
6.527565121650695801e-01 4.603889584541320801e-01 -1.470930501818656921e-02
7.418940663337707520e-01 3.874717354774475098e-01 5.296054854989051819e-02
6.318619251251220703e-01 5.685998201370239258e-01 4.068814683705568314e-03
6.730899810791015625e-01 5.446358919143676758e-01 3.235919401049613953e-02
6.904854774475097656e-01 5.293524265289306641e-01 4.849483445286750793e-02
6.783395409584045410e-01 2.693867087364196777e-01 1.366201695054769516e-02
6.679653525352478027e-01 2.652928233146667480e-01 1.535680610686540604e-02
6.611153483390808105e-01 2.623179554939270020e-01 1.823610998690128326e-02
7.506363391876220703e-01 2.416661530733108521e-01 5.487114936113357544e-02
6.693755388259887695e-01 2.487979978322982788e-01 1.349684502929449081e-02
6.810185909271240234e-01 2.451795786619186401e-01 1.203984953463077545e-02
6.927169561386108398e-01 2.448763996362686157e-01 1.351310964673757553e-02
7.043083906173706055e-01 2.482743114233016968e-01 1.716983690857887268e-02
7.113593816757202148e-01 2.532586455345153809e-01 2.163884602487087250e-02
7.671666741371154785e-01 2.384071797132492065e-01 1.261362731456756592e-01
7.087087631225585938e-01 2.674268186092376709e-01 2.326323650777339935e-02
6.529345512390136719e-01 4.093456864356994629e-01 -2.336438558995723724e-02
6.449830532073974609e-01 3.702018857002258301e-01 -3.517666086554527283e-02
6.307637691497802734e-01 3.995706140995025635e-01 -3.473262488842010498e-02
6.941801905632019043e-01 5.100328326225280762e-01 3.079136088490486145e-02
6.767821907997131348e-01 5.267325043678283691e-01 1.678542792797088623e-02
6.335943937301635742e-01 5.555762052536010742e-01 -1.200097240507602692e-02
7.249153852462768555e-01 4.814046025276184082e-01 9.791083633899688721e-02
6.613208651542663574e-01 2.550343871116638184e-01 1.635926216840744019e-02
6.401610374450683594e-01 2.969037890434265137e-01 -2.841958962380886078e-02
6.542448997497558594e-01 5.584101080894470215e-01 1.549537666141986847e-02
7.520382404327392578e-01 3.951454460620880127e-01 9.568775445222854614e-02
6.321001052856445312e-01 4.504683613777160645e-01 -2.547255158424377441e-02
6.339608430862426758e-01 4.552693665027618408e-01 -2.805523574352264404e-02
6.358354091644287109e-01 4.630535840988159180e-01 -3.070169314742088318e-02
6.373494863510131836e-01 4.729976952075958252e-01 -2.908835560083389282e-02
6.408368945121765137e-01 4.896346330642700195e-01 -1.858851127326488495e-02
6.455774307250976562e-01 4.512413740158081055e-01 -1.611216180026531219e-02
6.500054597854614258e-01 4.506233632564544678e-01 -1.607304997742176056e-02
6.541554927825927734e-01 4.484493434429168701e-01 -1.578943803906440735e-02
6.700758934020996094e-01 4.371468126773834229e-01 -1.125109195709228516e-02
7.238602638244628906e-01 3.960596323013305664e-01 2.436269633471965790e-02
6.405924558639526367e-01 2.786877751350402832e-01 -1.494138222187757492e-02
6.487128734588623047e-01 2.435897290706634521e-01 8.627000264823436737e-03
6.559730172157287598e-01 2.484982311725616455e-01 1.423468999564647675e-02
6.430408358573913574e-01 4.486151933670043945e-01 -1.501376647502183914e-02
7.224540710449218750e-01 4.392097890377044678e-01 4.086650907993316650e-02
6.381474137306213379e-01 2.399020642042160034e-01 -7.718932349234819412e-03
6.484412550926208496e-01 5.070039033889770508e-01 -1.110106520354747772e-02
6.320403814315795898e-01 2.860098481178283691e-01 -3.659947961568832397e-02
6.465744376182556152e-01 3.273752927780151367e-01 -2.989611588418483734e-02
6.281279921531677246e-01 5.151002407073974609e-01 -1.823689416050910950e-02
6.787883043289184570e-01 4.778213500976562500e-01 1.558037591166794300e-03
6.677783131599426270e-01 3.797776103019714355e-01 -8.112424053251743317e-03
6.651064753532409668e-01 4.949382245540618896e-01 -4.841831047087907791e-03
6.979821324348449707e-01 3.780792355537414551e-01 -1.547599094919860363e-03
6.787296533584594727e-01 3.982165157794952393e-01 -7.830440066754817963e-03
7.059874534606933594e-01 4.084241688251495361e-01 6.310071330517530441e-03
6.321555376052856445e-01 5.368410348892211914e-01 -1.807440817356109619e-02
6.526728272438049316e-01 3.393087983131408691e-01 -2.096717804670333862e-02
6.905082464218139648e-01 4.909350872039794922e-01 1.517276093363761902e-02
6.732405424118041992e-01 5.090508460998535156e-01 5.805213935673236847e-03
6.892953515052795410e-01 4.568159878253936768e-01 4.924044478684663773e-03
7.359842061996459961e-01 4.175646305084228516e-01 5.505516752600669861e-02
7.060294747352600098e-01 4.590522050857543945e-01 1.972376741468906403e-02
7.427017688751220703e-01 4.312599301338195801e-01 8.654770255088806152e-02
6.861327290534973145e-01 4.237454533576965332e-01 -3.551806556060910225e-03
6.467943191528320312e-01 3.106758892536163330e-01 -1.988649927079677582e-02
6.438023447990417480e-01 3.633691072463989258e-01 -5.073128640651702881e-02
6.501856446266174316e-01 3.694128394126892090e-01 -3.674805536866188049e-02
6.405779719352722168e-01 3.499219715595245361e-01 -5.957678332924842834e-02
6.612004637718200684e-01 2.254329919815063477e-01 5.546846892684698105e-03
6.834875345230102539e-01 2.158069312572479248e-01 5.226023495197296143e-03
7.018917798995971680e-01 2.158101052045822144e-01 7.519586011767387390e-03
7.164867520332336426e-01 2.210770994424819946e-01 1.373553369194269180e-02
7.260124683380126953e-01 2.311036139726638794e-01 2.240181341767311096e-02
7.311877012252807617e-01 2.664038538932800293e-01 4.135153815150260925e-02
7.637369036674499512e-01 3.176949024200439453e-01 1.005630642175674438e-01
7.204061746597290039e-01 2.927275896072387695e-01 2.820465713739395142e-02
7.071867585182189941e-01 2.972152233123779297e-01 1.944709569215774536e-02
6.898224353790283203e-01 2.958111464977264404e-01 1.303893979638814926e-02
6.731863617897033691e-01 2.901287972927093506e-01 9.351697750389575958e-03
6.605601310729980469e-01 2.825868129730224609e-01 9.524045512080192566e-03
6.519479155540466309e-01 2.753397822380065918e-01 8.374784141778945923e-03
7.617018222808837891e-01 3.190854787826538086e-01 1.522881090641021729e-01
6.488438844680786133e-01 3.747288882732391357e-01 -3.040470555424690247e-02
6.396081447601318359e-01 3.132786452770233154e-01 -3.978043049573898315e-02
6.363088488578796387e-01 3.628903031349182129e-01 -6.164371967315673828e-02
6.284452676773071289e-01 3.714968860149383545e-01 -5.718051642179489136e-02
6.353715658187866211e-01 3.660579025745391846e-01 -5.531989037990570068e-02
6.446183919906616211e-01 3.801241517066955566e-01 -2.657771110534667969e-02
6.265802383422851562e-01 3.729327023029327393e-01 -6.080677732825279236e-02
6.245535612106323242e-01 3.769047856330871582e-01 -4.561498761177062988e-02
6.529037952423095703e-01 2.602033615112304688e-01 1.582819782197475433e-02
6.454369425773620605e-01 2.639058530330657959e-01 7.281084079295396805e-03
6.415832638740539551e-01 2.662509381771087646e-01 -1.656201900914311409e-03
7.154511213302612305e-01 2.569283545017242432e-01 2.648640424013137817e-02
7.226587533950805664e-01 2.494189441204071045e-01 2.771318145096302032e-02
