5.754262208938598633e-01 7.243513464927673340e-01 -4.011969268321990967e-02
5.752443671226501465e-01 6.653520464897155762e-01 -6.858365982770919800e-02
5.745051503181457520e-01 6.836302280426025391e-01 -3.611395508050918579e-02
5.604988336563110352e-01 6.022289991378784180e-01 -5.042075738310813904e-02
5.746713876724243164e-01 6.458895206451416016e-01 -7.269948720932006836e-02
5.731943845748901367e-01 6.199321746826171875e-01 -6.688851118087768555e-02
5.693184733390808105e-01 5.573105812072753906e-01 -2.963726781308650970e-02
4.705936312675476074e-01 5.581076145172119141e-01 1.565576530992984772e-02
5.668129324913024902e-01 5.036009550094604492e-01 -1.973282918334007263e-02
5.660078525543212891e-01 4.770105481147766113e-01 -2.176971733570098877e-02
5.629282593727111816e-01 4.002201855182647705e-01 -5.585728678852319717e-03
5.755239129066467285e-01 7.333628535270690918e-01 -3.870696201920509338e-02
5.753585100173950195e-01 7.406966090202331543e-01 -3.409830480813980103e-02
5.751336216926574707e-01 7.443519234657287598e-01 -2.822133526206016541e-02
5.752859711647033691e-01 7.502090334892272949e-01 -2.654021978378295898e-02
5.756691098213195801e-01 7.587397694587707520e-01 -2.856433391571044922e-02
5.759460330009460449e-01 7.693683505058288574e-01 -3.071304596960544586e-02
5.760106444358825684e-01 7.797477245330810547e-01 -2.794467657804489136e-02
5.756614804267883301e-01 7.955650687217712402e-01 -1.399914268404245377e-02
5.750916600227355957e-01 6.752176880836486816e-01 -6.197891756892204285e-02
5.631890892982482910e-01 6.743601560592651367e-01 -4.480886459350585938e-02
4.159336686134338379e-01 4.916934967041015625e-01 7.939060777425765991e-02
5.100237727165222168e-01 5.729332566261291504e-01 2.514205174520611763e-03
4.966169595718383789e-01 5.754064321517944336e-01 3.205199725925922394e-03
4.837223887443542480e-01 5.751616954803466797e-01 6.717347074300050735e-03
4.662235081195831299e-01 5.651967525482177734e-01 1.738406904041767120e-02
5.212224125862121582e-01 5.669601559638977051e-01 5.171780474483966827e-03
4.906581640243530273e-01 5.225889682769775391e-01 -1.476521487347781658e-03
5.050262212753295898e-01 5.231325626373291016e-01 -8.715606527402997017e-04
4.774377942085266113e-01 5.266225337982177734e-01 2.528681885451078415e-03
4.685545265674591064e-01 5.344513058662414551e-01 7.549190428107976913e-03
4.557206034660339355e-01 5.788061022758483887e-01 2.356714755296707153e-02
5.272405743598937988e-01 8.238060474395751953e-01 -2.881930209696292877e-03
4.656735062599182129e-01 5.531719923019409180e-01 2.001096867024898529e-02
4.130865335464477539e-01 5.707118511199951172e-01 8.128180354833602905e-02
4.394952952861785889e-01 5.650143027305603027e-01 3.706951066851615906e-02
5.066748857498168945e-01 6.525000929832458496e-01 -1.099670678377151489e-02
5.608946681022644043e-01 7.228429317474365234e-01 -3.874360024929046631e-02
5.638305544853210449e-01 7.416185736656188965e-01 -3.313549607992172241e-02
5.463267564773559570e-01 7.312247157096862793e-01 -3.254066035151481628e-02
5.375294089317321777e-01 7.405710816383361816e-01 -2.529337070882320404e-02
5.536375045776367188e-01 7.445135712623596191e-01 -2.955348230898380280e-02
5.458676218986511230e-01 7.479990720748901367e-01 -2.252007089555263519e-02
5.200359821319580078e-01 7.697122097015380859e-01 -7.424221839755773544e-03
5.644028186798095703e-01 6.656599640846252441e-01 -6.778954714536666870e-02
5.619521141052246094e-01 6.470294594764709473e-01 -7.148643583059310913e-02
4.460690319538116455e-01 5.126039981842041016e-01 1.342923194169998169e-02
5.301358699798583984e-01 6.030171513557434082e-01 -1.066967658698558807e-02
5.347681045532226562e-01 6.631340384483337402e-01 -3.724017366766929626e-02
5.328416228294372559e-01 6.529985070228576660e-01 -3.339388594031333923e-02
4.663404524326324463e-01 6.529570221900939941e-01 3.874953836202621460e-03
5.612506866455078125e-01 6.228827834129333496e-01 -6.324875354766845703e-02
4.758210182189941406e-01 4.871763586997985840e-01 -7.088230457156896591e-03
4.583466649055480957e-01 4.964460134506225586e-01 2.734126755967736244e-03
4.287002980709075928e-01 4.579964876174926758e-01 5.480629205703735352e-02
5.359518527984619141e-01 4.988125562667846680e-01 -1.687783002853393555e-02
5.178562402725219727e-01 5.292733907699584961e-01 3.076079767197370529e-03
5.106931924819946289e-01 7.539454102516174316e-01 -4.709638655185699463e-03
4.340268373489379883e-01 7.390953302383422852e-01 1.123767569661140442e-01
5.447474122047424316e-01 6.727558970451354980e-01 -3.216896206140518188e-02
5.550306439399719238e-01 6.772716641426086426e-01 -3.246775269508361816e-02
5.278626680374145508e-01 7.545108795166015625e-01 -7.122100796550512314e-03
5.339071154594421387e-01 7.521460652351379395e-01 -1.073265168815851212e-02
4.496117234230041504e-01 4.846878051757812500e-01 8.868729695677757263e-03
5.349184274673461914e-01 6.716651320457458496e-01 -3.022231534123420715e-02
5.006984472274780273e-01 4.858881831169128418e-01 -1.388871576637029648e-02
4.976002275943756104e-01 4.711965918540954590e-01 -1.624494045972824097e-02
4.836742281913757324e-01 4.126938879489898682e-01 7.197923492640256882e-03
4.389604926109313965e-01 4.717126488685607910e-01 2.802921645343303680e-02
4.919646382331848145e-01 4.426090121269226074e-01 -5.590704269707202911e-03
4.369970560073852539e-01 5.049604177474975586e-01 2.475044503808021545e-02
4.262479543685913086e-01 4.998331069946289062e-01 4.982315748929977417e-02
5.621842145919799805e-01 7.335420250892639160e-01 -3.762859851121902466e-02
5.504778623580932617e-01 7.394027709960937500e-01 -3.190369158983230591e-02
5.417563319206237793e-01 7.447137236595153809e-01 -2.515093423426151276e-02
5.480940341949462891e-01 6.758167147636413574e-01 -2.876126579940319061e-02
5.312066078186035156e-01 7.538154125213623047e-01 -8.879545144736766815e-03
5.351195335388183594e-01 7.560791373252868652e-01 -1.631255075335502625e-02
5.347414016723632812e-01 7.503424882888793945e-01 -1.091901306062936783e-02
5.509113669395446777e-01 6.658976674079895020e-01 -4.959583654999732971e-02
5.483239293098449707e-01 7.469581961631774902e-01 -2.030706964433193207e-02
5.560708045959472656e-01 7.455902695655822754e-01 -2.445198968052864075e-02
5.652547478675842285e-01 7.446872591972351074e-01 -2.771534584462642670e-02
5.594673156738281250e-01 7.957356572151184082e-01 -1.465678401291370392e-02
5.609511733055114746e-01 7.791485786437988281e-01 -2.830879576504230499e-02
5.617634654045104980e-01 7.680972814559936523e-01 -3.053819574415683746e-02
5.627976059913635254e-01 7.576958537101745605e-01 -2.814541570842266083e-02
5.637800097465515137e-01 7.506689429283142090e-01 -2.604797482490539551e-02
5.453948974609375000e-01 7.511808276176452637e-01 -1.915234141051769257e-02
5.434611439704895020e-01 7.541058063507080078e-01 -2.129968814551830292e-02
5.405322909355163574e-01 7.594822645187377930e-01 -2.356399409472942352e-02
5.376768112182617188e-01 7.658972144126892090e-01 -2.159844338893890381e-02
5.237751007080078125e-01 7.201164364814758301e-01 -2.038474567234516144e-02
4.152187108993530273e-01 6.495304703712463379e-01 1.336400508880615234e-01
5.747563838958740234e-01 6.784772276878356934e-01 -4.503175988793373108e-02
5.402345061302185059e-01 7.515333890914916992e-01 -1.461933273822069168e-02
5.380874276161193848e-01 7.532234191894531250e-01 -1.606982946395874023e-02
5.594097375869750977e-01 6.850045919418334961e-01 -3.332420438528060913e-02
5.395730733871459961e-01 6.828063130378723145e-01 -2.061222866177558899e-02
5.573806166648864746e-01 6.813848018646240234e-01 -3.301126509904861450e-02
5.167836546897888184e-01 6.153284311294555664e-01 -7.127825636416673660e-03
4.955964088439941406e-01 6.294668316841125488e-01 -3.875059308484196663e-03
5.311984419822692871e-01 6.615502238273620605e-01 -2.618837729096412659e-02
4.498252272605895996e-01 4.309777617454528809e-01 2.887034602463245392e-02
4.592405855655670166e-01 4.515554308891296387e-01 9.833472780883312225e-03
4.698477983474731445e-01 4.730220437049865723e-01 -4.926514346152544022e-03
5.297657847404479980e-01 7.801550030708312988e-01 -1.219377014786005020e-02
5.309008955955505371e-01 4.741695225238800049e-01 -2.158997952938079834e-02
5.262731909751892090e-01 4.417094588279724121e-01 -1.400587800890207291e-02
5.203685760498046875e-01 4.039772450923919678e-01 -4.579081665724515915e-03
4.727028012275695801e-01 5.721325874328613281e-01 1.243777852505445480e-02
4.416777491569519043e-01 5.934920907020568848e-01 2.973107993602752686e-02
5.283750295639038086e-01 5.611292719841003418e-01 7.324843667447566986e-03
4.536978602409362793e-01 5.403936505317687988e-01 1.883600652217864990e-02
5.388605594635009766e-01 5.896382331848144531e-01 -1.454054564237594604e-02
5.419259071350097656e-01 6.552847027778625488e-01 -4.938827455043792725e-02
4.276134967803955078e-01 6.065064668655395508e-01 4.343079403042793274e-02
4.520657658576965332e-01 6.071594953536987305e-01 1.755085960030555725e-02
4.702512621879577637e-01 6.136067509651184082e-01 5.641688127070665359e-03
4.959385693073272705e-01 6.084726452827453613e-01 1.332768937572836876e-03
5.143609046936035156e-01 5.990453958511352539e-01 -8.199587464332580566e-04
5.280397534370422363e-01 5.888590216636657715e-01 -3.141388529911637306e-03
5.564336180686950684e-01 5.627985596656799316e-01 -2.553511597216129303e-02
4.330272674560546875e-01 6.461159586906433105e-01 3.864555060863494873e-02
4.418495297431945801e-01 5.368680953979492188e-01 2.521504461765289307e-02
5.686194896697998047e-01 6.746450662612915039e-01 -6.157817691564559937e-02
5.334200263023376465e-01 6.219745874404907227e-01 -1.671249605715274811e-02
4.078764915466308594e-01 5.691964030265808105e-01 1.258175224065780640e-01
5.381599664688110352e-01 5.774528980255126953e-01 -4.194499459117650986e-03
5.295949578285217285e-01 6.627300977706909180e-01 -1.366741675883531570e-02
4.614546000957489014e-01 5.540713667869567871e-01 2.251216582953929901e-02
5.403760075569152832e-01 6.428675651550292969e-01 -4.442434385418891907e-02
4.217367172241210938e-01 6.934256553649902344e-01 1.266618669033050537e-01
5.279375314712524414e-01 5.535793304443359375e-01 1.058838609606027603e-02
5.500841140747070312e-01 6.305674314498901367e-01 -5.628713965415954590e-02
4.680438339710235596e-01 7.846221327781677246e-01 4.138228297233581543e-02
4.667498767375946045e-01 8.029426336288452148e-01 6.569885462522506714e-02
4.177927672863006592e-01 6.487439274787902832e-01 8.575236052274703979e-02
4.506407380104064941e-01 7.597923874855041504e-01 5.795503035187721252e-02
4.191959202289581299e-01 5.328623652458190918e-01 6.936644017696380615e-02
5.235659480094909668e-01 8.417661786079406738e-01 4.793722648173570633e-03
5.698489546775817871e-01 6.780728101730346680e-01 -4.434927180409431458e-02
5.221613049507141113e-01 6.369963884353637695e-01 -1.274739205837249756e-02
4.274598062038421631e-01 5.690660476684570312e-01 4.971208795905113220e-02
4.842739105224609375e-01 5.638948678970336914e-01 7.787312380969524384e-03
4.959121644496917725e-01 5.650647282600402832e-01 4.858170170336961746e-03
5.317593812942504883e-01 7.598822116851806641e-01 -1.433656737208366394e-02
4.385755360126495361e-01 6.821356415748596191e-01 4.173848032951354980e-02
5.474351048469543457e-01 8.660126924514770508e-01 9.970296174287796021e-03
5.058694481849670410e-01 8.419564366340637207e-01 3.301947936415672302e-02
4.877081513404846191e-01 8.261706233024597168e-01 4.677705094218254089e-02
5.646482110023498535e-01 4.411990046501159668e-01 -1.521351747214794159e-02
5.759336948394775391e-01 8.679256439208984375e-01 7.451625075191259384e-03
5.072743296623229980e-01 5.631890892982482910e-01 4.973967093974351883e-03
5.178275108337402344e-01 5.590968728065490723e-01 7.136015687137842178e-03
5.246261358261108398e-01 5.561263561248779297e-01 1.035039313137531281e-02
4.312577843666076660e-01 5.337154865264892578e-01 3.857943415641784668e-02
5.159555077552795410e-01 5.418101549148559570e-01 5.090350285172462463e-03
5.041344761848449707e-01 5.377584099769592285e-01 2.864159643650054932e-03
4.922831654548645020e-01 5.375822186470031738e-01 3.044811310246586800e-03
4.806346893310546875e-01 5.412396192550659180e-01 5.998141132295131683e-03
4.733504056930541992e-01 5.463979244232177734e-01 9.877766482532024384e-03
4.092167019844055176e-01 5.265998840332031250e-01 1.059456095099449158e-01
4.762684106826782227e-01 5.611910223960876465e-01 1.200099848210811615e-02
5.745781660079956055e-01 6.958495974540710449e-01 -3.396484255790710449e-02
5.343647003173828125e-01 7.087913155555725098e-01 -2.442684955894947052e-02
5.443554520606994629e-01 6.696944832801818848e-01 -3.663346916437149048e-02
5.580899119377136230e-01 6.995424628257751465e-01 -3.378131240606307983e-02
5.677292943000793457e-01 5.307985544204711914e-01 -1.983956992626190186e-02
4.860729575157165527e-01 8.074591755867004395e-01 2.927399612963199615e-02
5.039637684822082520e-01 8.246706724166870117e-01 1.777311228215694427e-02
5.474879741668701172e-01 8.539628982543945312e-01 -6.031846161931753159e-03
4.497174620628356934e-01 7.759624123573303223e-01 9.020964056253433228e-02
5.243291854858398438e-01 5.487064123153686523e-01 8.437743410468101501e-03
5.490795969963073730e-01 5.942575335502624512e-01 -3.167521208524703979e-02
5.764337778091430664e-01 8.557189702987670898e-01 -8.109807968139648438e-03
5.252062678337097168e-01 8.561799526214599609e-01 1.892813295125961304e-02
4.246110618114471436e-01 6.887052059173583984e-01 8.281153440475463867e-02
5.536973476409912109e-01 7.505633831024169922e-01 -2.295874804258346558e-02
5.517723560333251953e-01 7.556924819946289062e-01 -2.557173185050487518e-02
5.496703386306762695e-01 7.638676166534423828e-01 -2.782752178609371185e-02
5.478413105010986328e-01 7.738044857978820801e-01 -2.612719684839248657e-02
5.429183244705200195e-01 7.894507646560668945e-01 -1.547588873654603958e-02
5.392012596130371094e-01 7.506552338600158691e-01 -1.618520356714725494e-02
5.351942777633666992e-01 7.499514818191528320e-01 -1.652958057820796967e-02
5.310394167900085449e-01 7.477269768714904785e-01 -1.667169108986854553e-02
5.154541134834289551e-01 7.361008524894714355e-01 -1.343923341482877731e-02
4.588833451271057129e-01 6.920698881149291992e-01 1.600757427513599396e-02
5.477023720741271973e-01 5.748678445816040039e-01 -1.909845508635044098e-02
5.381697416305541992e-01 5.377908349037170410e-01 2.323014196008443832e-03
5.301138162612915039e-01 5.424367189407348633e-01 6.709435489028692245e-03
5.415379405021667480e-01 7.478350996971130371e-01 -1.487750560045242310e-02
4.584437906742095947e-01 7.351709008216857910e-01 3.369741141796112061e-02
5.501403212547302246e-01 5.348798036575317383e-01 -1.266071107238531113e-02
5.345743298530578613e-01 8.062086105346679688e-01 -7.943593896925449371e-03
5.718951225280761719e-01 5.985348224639892578e-01 -5.408904328942298889e-02
5.581775903701782227e-01 5.836035609245300293e-01 -3.917507082223892212e-02
5.705747604370117188e-01 5.787531733512878418e-01 -4.153825715184211731e-02
5.421217679977416992e-01 6.253733038902282715e-01 -3.267046064138412476e-02
5.764563679695129395e-01 8.372139334678649902e-01 -1.473278086632490158e-02
5.761550664901733398e-01 8.148394823074340820e-01 -1.400531642138957977e-02
5.550093650817871094e-01 8.146013021469116211e-01 -1.260480377823114395e-02
5.044723749160766602e-01 7.762463688850402832e-01 8.840495720505714417e-04
5.186516642570495605e-01 6.779828071594238281e-01 -1.144841033965349197e-02
5.178608298301696777e-01 7.937277555465698242e-01 -3.535199910402297974e-03
4.875423610210418701e-01 6.753092408180236816e-01 -7.173004094511270523e-03
5.073497891426086426e-01 6.964684128761291504e-01 -1.142417732626199722e-02
4.783266484737396240e-01 7.055077552795410156e-01 6.721499375998973846e-04
5.502510070800781250e-01 8.358932733535766602e-01 -1.239708159118890762e-02
5.351339578628540039e-01 6.370958089828491211e-01 -2.423510700464248657e-02
4.915155172348022461e-01 7.888620495796203613e-01 1.377163548022508621e-02
5.090147852897644043e-01 8.074032664299011230e-01 7.007339037954807281e-03
4.944269061088562012e-01 7.548381686210632324e-01 2.229661215096712112e-03
4.438498914241790771e-01 7.126054167747497559e-01 4.572293534874916077e-02
4.761431217193603516e-01 7.561358213424682617e-01 1.546047441661357880e-02
4.341773092746734619e-01 7.256494164466857910e-01 7.610591500997543335e-02
4.990332126617431641e-01 7.218342423439025879e-01 -7.285054307430982590e-03
5.413773059844970703e-01 6.078012585639953613e-01 -2.370850928127765656e-02
5.467122793197631836e-01 6.632563471794128418e-01 -5.214440450072288513e-02
5.391803979873657227e-01 6.689404845237731934e-01 -3.848039358854293823e-02
5.511413812637329102e-01 6.501752138137817383e-01 -6.064735725522041321e-02
5.261321663856506348e-01 5.195834040641784668e-01 -1.960522495210170746e-03
5.038841366767883301e-01 5.098431110382080078e-01 -4.160436801612377167e-03
4.852212667465209961e-01 5.096113681793212891e-01 -3.568989690393209457e-03
4.699001908302307129e-01 5.145909786224365234e-01 1.265959348529577255e-03
4.593532383441925049e-01 5.243855118751525879e-01 8.984675630927085876e-03
4.519034326076507568e-01 5.593969821929931641e-01 2.773570269346237183e-02
4.133771061897277832e-01 6.095013618469238281e-01 8.374810963869094849e-02
4.636138677597045898e-01 5.867624282836914062e-01 1.645262725651264191e-02
4.776341617107391357e-01 5.918000936508178711e-01 9.008927270770072937e-03
4.955143034458160400e-01 5.904735326766967773e-01 4.203357733786106110e-03
5.123707056045532227e-01 5.848010778427124023e-01 1.863786485046148300e-03
5.252755880355834961e-01 5.771439671516418457e-01 3.032158361747860909e-03
5.341600775718688965e-01 5.699458718299865723e-01 2.397750969976186752e-03
4.112347066402435303e-01 6.089359521865844727e-01 1.341787576675415039e-01
5.397703051567077637e-01 6.739848852157592773e-01 -3.203852474689483643e-02
5.504904985427856445e-01 6.117625236511230469e-01 -4.218797385692596436e-02
5.553906559944152832e-01 6.635043621063232422e-01 -6.183830276131629944e-02
5.623235702514648438e-01 6.718479394912719727e-01 -5.648349970579147339e-02
5.556120872497558594e-01 6.663837432861328125e-01 -5.559619143605232239e-02
5.435742139816284180e-01 6.792919039726257324e-01 -2.751505188643932343e-02
5.646922588348388672e-01 6.735876202583312988e-01 -5.984597280621528625e-02
5.658777356147766113e-01 6.770587563514709473e-01 -4.453008994460105896e-02
5.330631136894226074e-01 5.543121695518493652e-01 9.120655246078968048e-03
5.410481691360473633e-01 5.584527254104614258e-01 1.606679288670420647e-03
5.456576347351074219e-01 5.612878203392028809e-01 -6.527382414788007736e-03
4.690593779087066650e-01 5.501439571380615234e-01 1.430444419384002686e-02
4.619573950767517090e-01 5.424901247024536133e-01 1.497356966137886047e-02
5.829231739044189453e-01 6.008083820343017578e-01 -4.924468323588371277e-02
6.601791977882385254e-01 5.464023947715759277e-01 2.412455715239048004e-02
5.855442285537719727e-01 6.730434894561767578e-01 -4.386097192764282227e-02
7.026256322860717773e-01 4.743337631225585938e-01 9.206847846508026123e-02
6.237053275108337402e-01 5.663438439369201660e-01 8.065729402005672455e-03
6.367422938346862793e-01 5.669712424278259277e-01 9.880328550934791565e-03
6.490144729614257812e-01 5.650733709335327148e-01 1.435488555580377579e-02
6.643075346946716309e-01 5.528768301010131836e-01 2.639259956777095795e-02
6.125409007072448730e-01 5.618597269058227539e-01 9.523534215986728668e-03
6.397745609283447266e-01 5.139017105102539062e-01 5.224565509706735611e-03
6.257157921791076660e-01 5.161849856376647949e-01 4.448000807315111160e-03
6.527337431907653809e-01 5.162649750709533691e-01 1.037950906902551651e-02
6.614654064178466797e-01 5.229544043540954590e-01 1.602091453969478607e-02
6.748350858688354492e-01 5.651975274085998535e-01 3.328402712941169739e-02
6.227021813392639160e-01 8.166757822036743164e-01 9.912338573485612869e-04
6.643553972244262695e-01 5.409164428710937500e-01 2.888542786240577698e-02
7.100926637649536133e-01 5.517653226852416992e-01 9.418249130249023438e-02
6.884949803352355957e-01 5.493822693824768066e-01 4.780443757772445679e-02
6.340963840484619141e-01 6.441314816474914551e-01 -5.371795501559972763e-03
5.893138051033020020e-01 7.209033370018005371e-01 -3.727186843752861023e-02
5.863564014434814453e-01 7.400187849998474121e-01 -3.176487609744071960e-02
6.029659509658813477e-01 7.271718978881835938e-01 -2.953232824802398682e-02
6.107919216156005859e-01 7.353637218475341797e-01 -2.126953937113285065e-02
5.957135558128356934e-01 7.416284680366516113e-01 -2.696810476481914520e-02
6.025019288063049316e-01 7.441129088401794434e-01 -1.913183555006980896e-02
6.270983815193176270e-01 7.621996998786926270e-01 -2.307250630110502243e-03
5.856214165687561035e-01 6.643483042716979980e-01 -6.689891219139099121e-02
5.869085788726806641e-01 6.454469561576843262e-01 -7.068980485200881958e-02
6.809621453285217285e-01 4.985527396202087402e-01 2.339832112193107605e-02
6.079325079917907715e-01 5.982654094696044922e-01 -6.846345961093902588e-03
6.111229658126831055e-01 6.580770015716552734e-01 -3.362156078219413757e-02
6.116013526916503906e-01 6.476410627365112305e-01 -2.968330867588520050e-02
6.710112690925598145e-01 6.396970152854919434e-01 1.299301721155643463e-02
5.849661827087402344e-01 6.213792562484741211e-01 -6.209801509976387024e-02
6.528780460357666016e-01 4.772143959999084473e-01 -2.880527463275939226e-04
6.694157719612121582e-01 4.841364026069641113e-01 1.115705631673336029e-02
6.909052133560180664e-01 4.423468708992004395e-01 6.603727489709854126e-02
5.962775349617004395e-01 4.955425262451171875e-01 -1.466795057058334351e-02
6.135860681533813477e-01 5.239291191101074219e-01 7.514979224652051926e-03
6.352707743644714355e-01 7.452448606491088867e-01 1.492362469434738159e-03
6.960008740425109863e-01 7.209007143974304199e-01 1.242042034864425659e-01
6.019716858863830566e-01 6.688942313194274902e-01 -2.955493703484535217e-02
5.924606323242187500e-01 6.747677326202392578e-01 -3.107647784054279327e-02
6.189764142036437988e-01 7.481728196144104004e-01 -1.688224263489246368e-03
6.127991676330566406e-01 7.466474175453186035e-01 -6.057779304683208466e-03
6.764914989471435547e-01 4.716709852218627930e-01 1.791081018745899200e-02
6.108320355415344238e-01 6.664389967918395996e-01 -2.665432728826999664e-02
6.293494701385498047e-01 4.787710905075073242e-01 -9.236571379005908966e-03
6.316613554954528809e-01 4.638127088546752930e-01 -1.143419928848743439e-02
6.393476724624633789e-01 4.038324654102325439e-01 1.367926970124244690e-02
6.842139959335327148e-01 4.571098983287811279e-01 3.801674023270606995e-02
6.346683502197265625e-01 4.345562160015106201e-01 -4.526934571913443506e-05
6.882725358009338379e-01 4.900342822074890137e-01 3.541540354490280151e-02
6.959321498870849609e-01 4.835517108440399170e-01 6.139024719595909119e-02
5.882232189178466797e-01 7.318084239959716797e-01 -3.618387132883071899e-02
5.990989208221435547e-01 7.359868884086608887e-01 -2.917366102337837219e-02
6.068448424339294434e-01 7.400764226913452148e-01 -2.148545905947685242e-02
5.986976027488708496e-01 6.723746061325073242e-01 -2.665621601045131683e-02
6.156193017959594727e-01 7.479248046875000000e-01 -4.054107237607240677e-03
6.124749779701232910e-01 7.505286335945129395e-01 -1.220619864761829376e-02
6.117014288902282715e-01 7.449943423271179199e-01 -6.347563583403825760e-03
5.969880819320678711e-01 6.631365418434143066e-01 -4.717928171157836914e-02
5.994542837142944336e-01 7.433269619941711426e-01 -1.717648096382617950e-02
5.926517248153686523e-01 7.430821061134338379e-01 -2.212880924344062805e-02
5.843620896339416504e-01 7.434041500091552734e-01 -2.642551250755786896e-02
5.913874506950378418e-01 7.934553027153015137e-01 -1.347819063812494278e-02
5.905055403709411621e-01 7.771356701850891113e-01 -2.699314989149570465e-02
5.895244479179382324e-01 7.662630677223205566e-01 -2.908470667898654938e-02
5.879733562469482422e-01 7.560930848121643066e-01 -2.671329677104949951e-02
5.863641500473022461e-01 7.491495013236999512e-01 -2.461323142051696777e-02
6.026806831359863281e-01 7.470909357070922852e-01 -1.595959439873695374e-02
6.048213243484497070e-01 7.497277259826660156e-01 -1.820446923375129700e-02
6.080042719841003418e-01 7.547211647033691406e-01 -2.032067254185676575e-02
6.110268831253051758e-01 7.607192397117614746e-01 -1.793599314987659454e-02
6.228373646736145020e-01 7.132243514060974121e-01 -1.565683633089065552e-02
7.078996896743774414e-01 6.302889585494995117e-01 1.468940228223800659e-01
6.068347096443176270e-01 7.468196749687194824e-01 -1.053461991250514984e-02
6.093522906303405762e-01 7.481511831283569336e-01 -1.211563777178525925e-02
5.888688564300537109e-01 6.829058527946472168e-01 -3.207838535308837891e-02
6.064645648002624512e-01 6.779764890670776367e-01 -1.789537444710731506e-02
5.905711650848388672e-01 6.790880560874938965e-01 -3.178361803293228149e-02
6.213890314102172852e-01 6.087843179702758789e-01 -2.052828902378678322e-03
6.424474120140075684e-01 6.201417446136474609e-01 2.842887770384550095e-03
6.131892800331115723e-01 6.559694409370422363e-01 -2.251017093658447266e-02
6.711870431900024414e-01 4.180072546005249023e-01 3.790109604597091675e-02
6.652020215988159180e-01 4.396506547927856445e-01 1.789675466716289520e-02
6.576214432716369629e-01 4.624167084693908691e-01 2.249813172966241837e-03
6.186930537223815918e-01 7.737170457839965820e-01 -8.130154572427272797e-03
6.000339388847351074e-01 4.705474376678466797e-01 -1.922984607517719269e-02
6.019394397735595703e-01 4.375128448009490967e-01 -1.109548565000295639e-02
6.043633222579956055e-01 3.991516828536987305e-01 -1.277701347135007381e-03
6.589339971542358398e-01 5.605492591857910156e-01 2.076973207294940948e-02
6.887544989585876465e-01 5.779330730438232422e-01 4.060184210538864136e-02
6.053070425987243652e-01 5.567651391029357910e-01 1.120588649064302444e-02
6.749079823493957520e-01 5.270746946334838867e-01 2.850768156349658966e-02
5.990909337997436523e-01 5.860500931739807129e-01 -1.151830703020095825e-02
6.047516465187072754e-01 6.513532400131225586e-01 -4.647602885961532593e-02
7.016567587852478027e-01 5.889366269111633301e-01 5.550503730773925781e-02
6.806782484054565430e-01 5.927052497863769531e-01 2.775535173714160919e-02
6.646627783775329590e-01 6.013185977935791016e-01 1.440666895359754562e-02
6.401644945144653320e-01 5.994712114334106445e-01 8.108536712825298309e-03
6.219821572303771973e-01 5.924823880195617676e-01 4.453398287296295166e-03
6.082189083099365234e-01 5.840566158294677734e-01 7.093628519214689732e-04
5.817771553993225098e-01 5.614475607872009277e-01 -2.434026077389717102e-02
6.991475820541381836e-01 6.288852095603942871e-01 5.062453448772430420e-02
6.854414343833923340e-01 5.219793319702148438e-01 3.585423901677131653e-02
5.813289284706115723e-01 6.739702224731445312e-01 -6.088519841432571411e-02
6.069713234901428223e-01 6.173044443130493164e-01 -1.309597399085760117e-02
7.111799120903015137e-01 5.497229695320129395e-01 1.395179778337478638e-01
5.980815291404724121e-01 5.740681290626525879e-01 -1.237438875250518322e-03
6.138169169425964355e-01 6.569368243217468262e-01 -9.933058172464370728e-03
6.681861281394958496e-01 5.414632558822631836e-01 3.179256618022918701e-02
6.044949889183044434e-01 6.387667059898376465e-01 -4.141273722052574158e-02
7.043575048446655273e-01 6.743328571319580078e-01 1.395690590143203735e-01
6.049439907073974609e-01 5.492785573005676270e-01 1.463708188384771347e-02
5.954068899154663086e-01 6.277216672897338867e-01 -5.413864552974700928e-02
6.729010343551635742e-01 7.699325680732727051e-01 5.018895864486694336e-02
6.724672317504882812e-01 7.877864837646484375e-01 7.461401820182800293e-02
7.098723053932189941e-01 6.293851733207702637e-01 9.879509359598159790e-02
6.864696145057678223e-01 7.434054613113403320e-01 6.841835379600524902e-02
7.031619548797607422e-01 5.151920914649963379e-01 8.177358657121658325e-02
6.264600753784179688e-01 8.339279890060424805e-01 9.048005566000938416e-03
5.795586705207824707e-01 6.774764657020568848e-01 -4.397486150264739990e-02
6.183302402496337891e-01 6.307703852653503418e-01 -8.239001967012882233e-03
6.991485357284545898e-01 5.519492030143737793e-01 6.157052516937255859e-02
6.479257941246032715e-01 5.539573431015014648e-01 1.530130766332149506e-02
6.368420124053955078e-01 5.566629171371459961e-01 1.158197969198226929e-02
6.158809065818786621e-01 7.539172172546386719e-01 -9.816093370318412781e-03
6.954998970031738281e-01 6.652930378913879395e-01 5.327748134732246399e-02
6.037698984146118164e-01 8.616856932640075684e-01 1.222862582653760910e-02
6.406370997428894043e-01 8.315996527671813965e-01 3.889857977628707886e-02
6.557411551475524902e-01 8.134660720825195312e-01 5.413574725389480591e-02
6.257155537605285645e-01 5.563708543777465820e-01 1.058809366077184677e-02
6.152278780937194824e-01 5.535105466842651367e-01 1.210377924144268036e-02
6.084440946578979492e-01 5.514566302299499512e-01 1.475722622126340866e-02
6.942061185836791992e-01 5.174834728240966797e-01 4.998783022165298462e-02
6.156923174858093262e-01 5.361496806144714355e-01 9.940812364220619202e-03
6.268101930618286133e-01 5.306206941604614258e-01 8.443022146821022034e-03
6.383777856826782227e-01 5.288018584251403809e-01 9.879427962005138397e-03
6.499618887901306152e-01 5.308140516281127930e-01 1.354707591235637665e-02
6.571360230445861816e-01 5.349710583686828613e-01 1.803902164101600647e-02
7.091073989868164062e-01 5.079702138900756836e-01 1.190515905618667603e-01
6.551907062530517578e-01 5.501229166984558105e-01 2.006684243679046631e-02
6.127716302871704102e-01 7.031551599502563477e-01 -2.074195444583892822e-02
6.025871038436889648e-01 6.659576296806335449e-01 -3.405569866299629211e-02
5.906978249549865723e-01 6.972095966339111328e-01 -3.223470225930213928e-02
6.581811308860778809e-01 7.948603630065917969e-01 3.644123300909996033e-02
6.430251002311706543e-01 8.142072558403015137e-01 2.331397496163845062e-02
6.046659350395202637e-01 8.496433496475219727e-01 -3.880176460370421410e-03
6.848209500312805176e-01 7.591939568519592285e-01 1.007096618413925171e-01
6.082682013511657715e-01 5.439622402191162109e-01 1.279073022305965424e-02
5.914931297302246094e-01 5.917575955390930176e-01 -2.962230145931243896e-02
6.241482496261596680e-01 8.483883142471313477e-01 2.297829464077949524e-02
7.054297924041748047e-01 6.697944402694702148e-01 9.524872153997421265e-02
5.954969525337219238e-01 7.477464079856872559e-01 -2.067563124001026154e-02
5.977930426597595215e-01 7.525449395179748535e-01 -2.297141402959823608e-02
6.002672314643859863e-01 7.602441310882568359e-01 -2.528384886682033539e-02
6.024932265281677246e-01 7.699238061904907227e-01 -2.342174388468265533e-02
6.068205833435058594e-01 7.848616242408752441e-01 -1.259922236204147339e-02
6.082241535186767578e-01 7.457591891288757324e-01 -1.207194849848747253e-02
6.124134063720703125e-01 7.445526719093322754e-01 -1.201408728957176208e-02
6.162822246551513672e-01 7.417625188827514648e-01 -1.181643921881914139e-02
6.307238340377807617e-01 7.281010150909423828e-01 -7.688730955123901367e-03
6.789610981941223145e-01 6.775280237197875977e-01 2.565028145909309387e-02
5.902873873710632324e-01 5.723980665206909180e-01 -1.701495610177516937e-02
5.950409770011901855e-01 5.347741842269897461e-01 4.912301432341337204e-03
6.025164127349853516e-01 5.384173989295959473e-01 1.047388184815645218e-02
6.054599881172180176e-01 7.433720827102661133e-01 -1.093471609055995941e-02
6.802543401718139648e-01 7.201687693595886230e-01 4.359010979533195496e-02
5.845919847488403320e-01 5.330654978752136230e-01 -1.116645708680152893e-02
6.151368618011474609e-01 8.002647161483764648e-01 -4.621094558387994766e-03
5.827863812446594238e-01 5.821684002876281738e-01 -3.809847310185432434e-02
6.003683209419250488e-01 6.218014359474182129e-01 -2.999397367238998413e-02
5.965341329574584961e-01 8.115593194961547852e-01 -1.120961178094148636e-02
6.417410373687744141e-01 7.665479779243469238e-01 6.673229392617940903e-03
6.248763203620910645e-01 6.705746650695800781e-01 -6.824587006121873856e-03
6.300665140151977539e-01 7.856290340423583984e-01 1.066456199623644352e-03
6.532696485519409180e-01 6.644445657730102539e-01 -1.769469672581180930e-04
6.364420056343078613e-01 6.877020001411437988e-01 -5.732076242566108704e-03
6.629430055618286133e-01 6.932817101478576660e-01 8.684192784130573273e-03
6.020401716232299805e-01 8.320473432540893555e-01 -1.044626068323850632e-02
6.071426868438720703e-01 6.324473619461059570e-01 -2.078952454030513763e-02
6.536807417869567871e-01 7.772549986839294434e-01 2.051396854221820831e-02
6.386340856552124023e-01 7.979224324226379395e-01 1.213591359555721283e-02
6.502478122711181641e-01 7.440266609191894531e-01 9.192197583615779877e-03
6.916668415069580078e-01 6.960676908493041992e-01 5.661821365356445312e-02
6.661307811737060547e-01 7.430063486099243164e-01 2.370219491422176361e-02
6.988080739974975586e-01 7.075482606887817383e-01 8.790871500968933105e-02
6.450558304786682129e-01 7.119636535644531250e-01 -5.912032793276011944e-04
5.990107059478759766e-01 6.042991280555725098e-01 -2.074632793664932251e-02
6.009942889213562012e-01 6.600505709648132324e-01 -4.955146461725234985e-02
6.075650453567504883e-01 6.643611192703247070e-01 -3.549450263381004333e-02
5.967709422111511230e-01 6.473911404609680176e-01 -5.853984132409095764e-02
6.057484745979309082e-01 5.152035355567932129e-01 1.485652057453989983e-03
6.267922520637512207e-01 5.028731822967529297e-01 8.552595973014831543e-04
6.449111104011535645e-01 5.004853010177612305e-01 3.110474906861782074e-03
6.596474051475524902e-01 5.035300254821777344e-01 9.382631629705429077e-03
6.696118116378784180e-01 5.118919610977172852e-01 1.799054443836212158e-02
6.770624518394470215e-01 5.455155372619628906e-01 3.758635744452476501e-02
7.119502425193786621e-01 5.901477336883544922e-01 9.721076488494873047e-02
6.683927178382873535e-01 5.739609599113464355e-01 2.559044957160949707e-02
6.559259891510009766e-01 5.806638002395629883e-01 1.710531488060951233e-02
6.389493942260742188e-01 5.817544460296630859e-01 1.078348699957132339e-02
6.224132776260375977e-01 5.782355666160583496e-01 7.165279239416122437e-03
6.096091270446777344e-01 5.722851753234863281e-01 6.980959326028823853e-03
6.006991863250732422e-01 5.662469863891601562e-01 5.626444239169359207e-03
7.093732357025146484e-01 5.897017717361450195e-01 1.477979719638824463e-01
6.066226363182067871e-01 6.694884300231933594e-01 -2.910065278410911560e-02
5.924496054649353027e-01 6.091380119323730469e-01 -4.009273275732994080e-02
5.937539339065551758e-01 6.612643003463745117e-01 -6.019383296370506287e-02
5.867217779159545898e-01 6.704295873641967773e-01 -5.555107071995735168e-02
5.930435061454772949e-01 6.641457676887512207e-01 -5.394675210118293762e-02
6.029167771339416504e-01 6.751387715339660645e-01 -2.507588826119899750e-02
5.849948525428771973e-01 6.724439859390258789e-01 -5.901611223816871643e-02
5.832460522651672363e-01 6.760271191596984863e-01 -4.392374679446220398e-02
6.004099249839782715e-01 5.507159829139709473e-01 1.245654374361038208e-02
5.934965610504150391e-01 5.557070970535278320e-01 4.135039169341325760e-03
5.900954008102416992e-01 5.589789152145385742e-01 -4.468189086765050888e-03
6.612877845764160156e-01 5.381914377212524414e-01 2.287707664072513580e-02
6.675532460212707520e-01 5.300625562667846680e-01 2.383371815085411072e-02
