4.872318506240844727e-01 7.870446443557739258e-01 -3.383136168122291565e-02
4.859977662563323975e-01 7.324472069740295410e-01 -6.368254870176315308e-02
4.862381219863891602e-01 7.490893602371215820e-01 -3.242980316281318665e-02
4.751195609569549561e-01 6.748175024986267090e-01 -4.847886413335800171e-02
4.856574237346649170e-01 7.147224545478820801e-01 -6.808935850858688354e-02
4.851794242858886719e-01 6.911719441413879395e-01 -6.351272016763687134e-02
4.843405783176422119e-01 6.342029571533203125e-01 -3.189685940742492676e-02
3.985252678394317627e-01 6.296542286872863770e-01 1.479922328144311905e-02
4.835129082202911377e-01 5.891743302345275879e-01 -2.452475577592849731e-02
4.831112325191497803e-01 5.651230216026306152e-01 -2.787198871374130249e-02
4.813576638698577881e-01 4.806937575340270996e-01 -1.590669527649879456e-02
4.874374270439147949e-01 7.951869964599609375e-01 -3.234488889575004578e-02
4.876065552234649658e-01 8.010001778602600098e-01 -2.791948243975639343e-02
4.877660572528839111e-01 8.032615184783935547e-01 -2.232894115149974823e-02
4.880708158016204834e-01 8.079952597618103027e-01 -2.102839201688766479e-02
4.882842898368835449e-01 8.148546218872070312e-01 -2.264000847935676575e-02
4.884508848190307617e-01 8.234640955924987793e-01 -2.450736798346042633e-02
4.886812269687652588e-01 8.321770429611206055e-01 -2.192281372845172882e-02
4.887926876544952393e-01 8.450385332107543945e-01 -8.541132323443889618e-03
4.860492646694183350e-01 7.409376502037048340e-01 -5.735968798398971558e-02
4.767549932003021240e-01 7.395012974739074707e-01 -4.079504683613777161e-02
3.534523248672485352e-01 5.628591775894165039e-01 7.168533653020858765e-02
4.330843687057495117e-01 6.453986167907714844e-01 2.201772760599851608e-03
4.210070967674255371e-01 6.468436717987060547e-01 3.005977952852845192e-03
4.096552133560180664e-01 6.459046006202697754e-01 6.488778162747621536e-03
3.946513533592224121e-01 6.363860964775085449e-01 1.680443063378334045e-02
4.432480037212371826e-01 6.408333778381347656e-01 3.688748460263013840e-03
4.172584414482116699e-01 6.022911071777343750e-01 -2.737775910645723343e-03
4.298511147499084473e-01 6.032356023788452148e-01 -2.835449296981096268e-03
4.056121110916137695e-01 6.049715280532836914e-01 1.384137431159615517e-03
3.977253437042236328e-01 6.107385158538818359e-01 6.414900068193674088e-03
3.848530352115631104e-01 6.478921175003051758e-01 2.314790710806846619e-02
4.477622210979461670e-01 8.693930506706237793e-01 4.318536259233951569e-03
3.945567309856414795e-01 6.252933740615844727e-01 1.883369125425815582e-02
3.495796918869018555e-01 6.377882361412048340e-01 7.740962505340576172e-02
3.712367415428161621e-01 6.355282068252563477e-01 3.534927219152450562e-02
4.283478856086730957e-01 7.173430323600769043e-01 -7.915841415524482727e-03
4.746789932250976562e-01 7.848855853080749512e-01 -3.216980025172233582e-02
4.773411154747009277e-01 8.008984327316284180e-01 -2.631603553891181946e-02
4.622357189655303955e-01 7.904204726219177246e-01 -2.546984329819679260e-02
4.542748034000396729e-01 7.974822521209716797e-01 -1.782561838626861572e-02
4.684849679470062256e-01 8.023377060890197754e-01 -2.224837243556976318e-02
4.613341689109802246e-01 8.042503595352172852e-01 -1.492979750037193298e-02
4.402879476547241211e-01 8.216558694839477539e-01 4.634529177565127611e-04
4.767792224884033203e-01 7.320787906646728516e-01 -6.269197911024093628e-02
4.748331904411315918e-01 7.152228355407714844e-01 -6.672621518373489380e-02
3.777523636817932129e-01 5.917783975601196289e-01 1.083639170974493027e-02
4.502072632312774658e-01 6.735318303108215332e-01 -1.028434839099645615e-02
4.523665010929107666e-01 7.280610203742980957e-01 -3.306392207741737366e-02
4.512221515178680420e-01 7.186377048492431641e-01 -2.962564490735530853e-02
3.918327987194061279e-01 7.164227962493896484e-01 7.137203589081764221e-03
4.748908877372741699e-01 6.933671832084655762e-01 -5.981518700718879700e-02
4.052798151969909668e-01 5.729338526725769043e-01 -1.075013913214206696e-02
3.889916539192199707e-01 5.789883136749267578e-01 -9.486692724749445915e-04
3.642303943634033203e-01 5.318546295166015625e-01 4.685720056295394897e-02
4.577741324901580811e-01 5.858396291732788086e-01 -2.092562802135944366e-02
4.411090016365051270e-01 6.085672378540039062e-01 8.584245806559920311e-04
4.315658211708068848e-01 8.070760965347290039e-01 2.870684256777167320e-03
3.689869642257690430e-01 7.926734685897827148e-01 1.131022721529006958e-01
4.609758555889129639e-01 7.371317744255065918e-01 -2.811973169445991516e-02
4.702946543693542480e-01 7.417545318603515625e-01 -2.909984998404979706e-02
4.457227289676666260e-01 8.076102137565612793e-01 7.114066393114626408e-04
4.506874382495880127e-01 8.060868978500366211e-01 -2.708156360313296318e-03
3.817641735076904297e-01 5.671383142471313477e-01 4.667161032557487488e-03
4.527324140071868896e-01 7.353974580764770508e-01 -2.619522809982299805e-02
4.275025427341461182e-01 5.737600922584533691e-01 -1.775678992271423340e-02
4.249111413955688477e-01 5.591259002685546875e-01 -2.053551562130451202e-02
4.114044904708862305e-01 4.907726049423217773e-01 -9.163242066279053688e-04
3.730418682098388672e-01 5.489174723625183105e-01 2.230304852128028870e-02
4.193390011787414551e-01 5.241488814353942871e-01 -1.201388798654079437e-02
3.699656128883361816e-01 5.836623311042785645e-01 2.129433304071426392e-02
3.615357279777526855e-01 5.739908814430236816e-01 4.442745819687843323e-02
4.758314192295074463e-01 7.943047881126403809e-01 -3.074092231690883636e-02
4.657655060291290283e-01 7.978264093399047852e-01 -2.466678619384765625e-02
4.578487277030944824e-01 8.011964559555053711e-01 -1.742108352482318878e-02
4.641481041908264160e-01 7.398725152015686035e-01 -2.556296996772289276e-02
4.484024643898010254e-01 8.071690797805786133e-01 -1.054282300174236298e-03
4.522939324378967285e-01 8.093631267547607422e-01 -8.072634227573871613e-03
4.515764117240905762e-01 8.047756552696228027e-01 -3.062389325350522995e-03
4.656767845153808594e-01 7.314884662628173828e-01 -4.508472606539726257e-02
4.635528624057769775e-01 8.030132055282592773e-01 -1.291927136480808258e-02
4.707818031311035156e-01 8.028069734573364258e-01 -1.744773983955383301e-02
4.788933396339416504e-01 8.029683232307434082e-01 -2.113720960915088654e-02
4.748030900955200195e-01 8.451887369155883789e-01 -8.480985648930072784e-03
4.757871925830841064e-01 8.311325311660766602e-01 -2.150586247444152832e-02
4.761412739753723145e-01 8.217741847038269043e-01 -2.361662313342094421e-02
4.768210351467132568e-01 8.135023117065429688e-01 -2.150564827024936676e-02
4.777334034442901611e-01 8.076393604278564453e-01 -1.971509307622909546e-02
4.611572623252868652e-01 8.063929677009582520e-01 -1.197153143584728241e-02
4.596253633499145508e-01 8.083592057228088379e-01 -1.384900789707899094e-02
4.574056267738342285e-01 8.126490116119384766e-01 -1.556641794741153717e-02
4.552905261516571045e-01 8.181041479110717773e-01 -1.341932546347379684e-02
4.429280459880828857e-01 7.783666849136352539e-01 -1.376406196504831314e-02
3.525242209434509277e-01 7.104666829109191895e-01 1.296953856945037842e-01
4.860863685607910156e-01 7.439354658126831055e-01 -4.120014235377311707e-02
4.566191136837005615e-01 8.061854243278503418e-01 -6.891038734465837479e-03
4.546655118465423584e-01 8.072254657745361328e-01 -8.051740936934947968e-03
4.738780558109283447e-01 7.491960525512695312e-01 -2.931619808077812195e-02
4.571550786495208740e-01 7.453169822692871094e-01 -1.706317625939846039e-02
4.721777439117431641e-01 7.456843852996826172e-01 -2.945097722113132477e-02
4.380442500114440918e-01 6.840063333511352539e-01 -5.949861370027065277e-03
4.186647236347198486e-01 6.960332989692687988e-01 -2.165485639125108719e-03
4.499017000198364258e-01 7.260660529136657715e-01 -2.255937084555625916e-02
3.823356628417968750e-01 5.073617696762084961e-01 2.102649398148059845e-02
3.911093473434448242e-01 5.314857959747314453e-01 3.905208781361579895e-03
4.004104733467102051e-01 5.584406852722167969e-01 -9.052827954292297363e-03
4.490427374839782715e-01 8.307751417160034180e-01 -4.256561398506164551e-03
4.534086883068084717e-01 5.624989271163940430e-01 -2.649046294391155243e-02
4.488021135330200195e-01 5.230051279067993164e-01 -2.107945270836353302e-02
4.434285759925842285e-01 4.829784929752349854e-01 -1.354460138827562332e-02
4.000415503978729248e-01 6.426390409469604492e-01 1.192402094602584839e-02
3.721669316291809082e-01 6.606813073158264160e-01 2.988232672214508057e-02
4.498883187770843506e-01 6.361522674560546875e-01 5.386533215641975403e-03
3.841652572154998779e-01 6.148671507835388184e-01 1.739062368869781494e-02
4.580825865268707275e-01 6.619127392768859863e-01 -1.468010619282722473e-02
4.581159055233001709e-01 7.216102480888366699e-01 -4.498151689767837524e-02
3.599762618541717529e-01 6.718758940696716309e-01 4.361542314291000366e-02
3.806640505790710449e-01 6.737598776817321777e-01 1.889290288090705872e-02
3.965976238250732422e-01 6.804174184799194336e-01 7.611929439008235931e-03
4.196489453315734863e-01 6.768995523452758789e-01 2.350515220314264297e-03
4.363710582256317139e-01 6.691544055938720703e-01 -3.760134859476238489e-04
4.487749338150024414e-01 6.605556011199951172e-01 -3.729555290192365646e-03
4.732512831687927246e-01 6.388361454010009766e-01 -2.731839939951896667e-02
3.636481165885925293e-01 7.086385488510131836e-01 4.051924496889114380e-02
3.736970424652099609e-01 6.118035912513732910e-01 2.323759719729423523e-02
4.807061254978179932e-01 7.401878833770751953e-01 -5.668907985091209412e-02
4.527689814567565918e-01 6.908532977104187012e-01 -1.501354947686195374e-02
3.466152548789978027e-01 6.354907155036926270e-01 1.189811304211616516e-01
4.578679203987121582e-01 6.507894396781921387e-01 -5.542111117392778397e-03
4.489226043224334717e-01 7.269431948661804199e-01 -1.055095903575420380e-02
3.909911811351776123e-01 6.267229914665222168e-01 2.131633274257183075e-02
4.574219584465026855e-01 7.102687954902648926e-01 -4.060284793376922607e-02
3.582864999771118164e-01 7.509446740150451660e-01 1.247758120298385620e-01
4.499621391296386719e-01 6.291620135307312012e-01 8.237273432314395905e-03
4.655876159667968750e-01 6.998494863510131836e-01 -5.244703218340873718e-02
3.973233401775360107e-01 8.340383172035217285e-01 4.726912453770637512e-02
3.980876207351684570e-01 8.497529625892639160e-01 7.063306868076324463e-02
3.525073528289794922e-01 7.101884484291076660e-01 8.489321917295455933e-02
3.812650442123413086e-01 8.120262622833251953e-01 6.247260421514511108e-02
3.550142049789428711e-01 6.034682989120483398e-01 6.439826637506484985e-02
4.458049833774566650e-01 8.835374116897583008e-01 1.212400849908590317e-02
4.820236265659332275e-01 7.433416247367858887e-01 -4.035745561122894287e-02
4.426840543746948242e-01 7.037295103073120117e-01 -1.039818301796913147e-02
3.608729839324951172e-01 6.384041905403137207e-01 4.760809987783432007e-02
4.101407229900360107e-01 6.353772878646850586e-01 7.404962554574012756e-03
4.204573929309844971e-01 6.371511220932006836e-01 4.359706770628690720e-03
4.496182203292846680e-01 8.126958608627319336e-01 -6.057733669877052307e-03
3.683403432369232178e-01 7.420157790184020996e-01 4.472866281867027283e-02
4.666633605957031250e-01 9.027190208435058594e-01 1.686141826212406158e-02
4.324480295181274414e-01 8.830448985099792480e-01 3.954914957284927368e-02
4.169049859046936035e-01 8.698884248733520508e-01 5.282625928521156311e-02
4.823026061058044434e-01 5.232697129249572754e-01 -2.334855683147907257e-02
4.899401962757110596e-01 9.050894975662231445e-01 1.359916198998689651e-02
4.307466745376586914e-01 6.361676454544067383e-01 3.944545052945613861e-03
4.404472410678863525e-01 6.331977844238281250e-01 5.647636950016021729e-03
4.467998147010803223e-01 6.311710476875305176e-01 8.151275105774402618e-03
3.646370470523834229e-01 6.079367995262145996e-01 3.578148409724235535e-02
4.394591748714447021e-01 6.167377233505249023e-01 3.292767796665430069e-03
4.289197325706481934e-01 6.118810772895812988e-01 1.354208099655807018e-03
4.182355403900146484e-01 6.109704971313476562e-01 1.867320039309561253e-03
4.076903164386749268e-01 6.139751672744750977e-01 5.001827143132686615e-03
4.012543559074401855e-01 6.187608838081359863e-01 9.083147160708904266e-03
3.478269875049591064e-01 5.954880118370056152e-01 9.814760088920593262e-02
4.032137095928192139e-01 6.325436830520629883e-01 1.140576135367155075e-02
4.866227507591247559e-01 7.606770992279052734e-01 -2.969472110271453857e-02
4.526206254959106445e-01 7.686647176742553711e-01 -1.883279718458652496e-02
4.603979587554931641e-01 7.345840334892272949e-01 -3.283507376909255981e-02
4.725816547870635986e-01 7.626747488975524902e-01 -2.884385176002979279e-02
4.839364290237426758e-01 6.110709309577941895e-01 -2.356069162487983704e-02
4.138713479042053223e-01 8.540965914726257324e-01 3.587827458977699280e-02
4.293504059314727783e-01 8.688507080078125000e-01 2.471891604363918304e-02
4.657866060733795166e-01 8.943146467208862305e-01 1.206905581057071686e-03
3.827102482318878174e-01 8.259745240211486816e-01 9.326273947954177856e-02
4.467682242393493652e-01 6.240698099136352539e-01 6.170875392854213715e-03
4.662236869335174561e-01 6.668235063552856445e-01 -3.101443685591220856e-02
4.899581968784332275e-01 8.959313631057739258e-01 -1.453111530281603336e-03
4.486363530158996582e-01 8.945349454879760742e-01 2.571339718997478485e-02
3.584732413291931152e-01 7.470920085906982422e-01 8.356328308582305908e-02
4.686268568038940430e-01 8.068360090255737305e-01 -1.622978411614894867e-02
4.670758545398712158e-01 8.108378052711486816e-01 -1.835880614817142487e-02
4.655439555644989014e-01 8.173077702522277832e-01 -2.015819028019905090e-02
4.643197953701019287e-01 8.255981802940368652e-01 -1.828654110431671143e-02
4.606309235095977783e-01 8.390689492225646973e-01 -8.147705346345901489e-03
4.551266431808471680e-01 8.053976893424987793e-01 -8.521620184183120728e-03
4.517239630222320557e-01 8.046030998229980469e-01 -8.737894706428050995e-03
4.483450949192047119e-01 8.025434017181396484e-01 -8.866596035659313202e-03
4.352476298809051514e-01 7.918411493301391602e-01 -6.188804749399423599e-03
3.849608004093170166e-01 7.520310282707214355e-01 2.001147717237472534e-02
4.657549262046813965e-01 6.491590142250061035e-01 -2.010498568415641785e-02
4.587697386741638184e-01 6.163527965545654297e-01 -5.711785634048283100e-04
4.516709148883819580e-01 6.198504567146301270e-01 3.943146206438541412e-03
4.573045969009399414e-01 8.030499815940856934e-01 -7.227614987641572952e-03
3.861870765686035156e-01 7.905557751655578613e-01 3.854966163635253906e-02
4.688390195369720459e-01 6.144387125968933105e-01 -1.555493380874395370e-02
4.534891545772552490e-01 8.544591069221496582e-01 -8.499899413436651230e-04
4.849301278591156006e-01 6.718561649322509766e-01 -5.258288234472274780e-02
4.739386439323425293e-01 6.578034162521362305e-01 -3.918437659740447998e-02
4.846359491348266602e-01 6.538360714912414551e-01 -4.192206636071205139e-02
4.595678150653839111e-01 6.946295499801635742e-01 -3.036034107208251953e-02
4.897523820400238037e-01 8.814042806625366211e-01 -8.359766565263271332e-03
4.892762601375579834e-01 8.623491525650024414e-01 -8.187189698219299316e-03
4.709131419658660889e-01 8.621948361396789551e-01 -6.286873016506433487e-03
4.276352226734161377e-01 8.276546001434326172e-01 8.278161287307739258e-03
4.392380118370056152e-01 7.402384281158447266e-01 -7.782352622598409653e-03
4.395151436328887939e-01 8.431999683380126953e-01 3.999173641204833984e-03
4.104315638542175293e-01 7.376139163970947266e-01 -3.203226020559668541e-03
4.286000728607177734e-01 7.568712234497070312e-01 -6.523848976939916611e-03
4.021494984626770020e-01 7.645944952964782715e-01 6.017345469444990158e-03
4.672181904315948486e-01 8.804903626441955566e-01 -5.536356475204229355e-03
4.538754820823669434e-01 7.045962810516357422e-01 -2.164913155138492584e-02
4.172728359699249268e-01 8.382154703140258789e-01 2.082838118076324463e-02
4.325022697448730469e-01 8.546846508979797363e-01 1.411289162933826447e-02
4.179774820804595947e-01 8.084903955459594727e-01 9.081272408366203308e-03
3.735562264919281006e-01 7.699407935142517090e-01 4.942399635910987854e-02
4.024377465248107910e-01 8.093057274818420410e-01 2.177892252802848816e-02
3.669806718826293945e-01 7.809424400329589844e-01 7.861217111349105835e-02
4.208495914936065674e-01 7.793633937835693359e-01 -1.274137990549206734e-03
4.596261680126190186e-01 6.785029768943786621e-01 -2.246461622416973114e-02
4.620071053504943848e-01 7.290112972259521484e-01 -4.756019264459609985e-02
4.558556079864501953e-01 7.335357666015625000e-01 -3.421452641487121582e-02
4.657544493675231934e-01 7.175515294075012207e-01 -5.631062015891075134e-02
4.487028419971466064e-01 6.020491123199462891e-01 -4.902819637209177017e-03
4.292333722114562988e-01 5.936005115509033203e-01 -7.019036915153264999e-03
4.126896262168884277e-01 5.923283100128173828e-01 -5.988440476357936859e-03
3.988821208477020264e-01 5.948588252067565918e-01 -9.245721739716827869e-04
3.891992270946502686e-01 6.019102334976196289e-01 6.930290255695581436e-03
3.823309838771820068e-01 6.309174299240112305e-01 2.639257535338401794e-02
3.491635322570800781e-01 6.737071275711059570e-01 8.168793469667434692e-02
3.915654122829437256e-01 6.556385755538940430e-01 1.691227406263351440e-02
4.039029181003570557e-01 6.607441902160644531e-01 9.481150656938552856e-03
4.197875261306762695e-01 6.605207920074462891e-01 4.467235878109931946e-03
4.349093735218048096e-01 6.562544107437133789e-01 2.024731365963816643e-03
4.466620683670043945e-01 6.500387787818908691e-01 1.736475154757499695e-03
4.546552002429962158e-01 6.439443826675415039e-01 8.527368190698325634e-04
3.492802381515502930e-01 6.726377606391906738e-01 1.284726262092590332e-01
4.567036330699920654e-01 7.377855181694030762e-01 -2.811725251376628876e-02
4.665816426277160645e-01 6.828376650810241699e-01 -4.004660621285438538e-02
4.692859351634979248e-01 7.296563982963562012e-01 -5.691638216376304626e-02
4.757336974143981934e-01 7.371458411216735840e-01 -5.186674743890762329e-02
4.696522355079650879e-01 7.320632934570312500e-01 -5.098659917712211609e-02
4.603340625762939453e-01 7.425827980041503906e-01 -2.383101172745227814e-02
4.774619340896606445e-01 7.389563918113708496e-01 -5.500253662467002869e-02
4.788860380649566650e-01 7.421039938926696777e-01 -4.057679697871208191e-02
4.541509747505187988e-01 6.304401755332946777e-01 6.544432137161493301e-03
4.609269797801971436e-01 6.341038942337036133e-01 -7.275994867086410522e-04
4.646037518978118896e-01 6.368496417999267578e-01 -8.933556266129016876e-03
3.975285291671752930e-01 6.222405433654785156e-01 1.334818638861179352e-02
3.915798068046569824e-01 6.168920993804931641e-01 1.373417302966117859e-02
4.948539435863494873e-01 6.743866205215454102e-01 -4.829667508602142334e-02
5.704708099365234375e-01 6.252284049987792969e-01 1.654970832169055939e-02
4.953386187553405762e-01 7.392590641975402832e-01 -4.060459509491920471e-02
6.130578517913818359e-01 5.569037199020385742e-01 7.451216876506805420e-02
5.364944338798522949e-01 6.428017616271972656e-01 3.114687046036124229e-03
5.487009286880493164e-01 6.435907483100891113e-01 4.282962996512651443e-03
5.599918961524963379e-01 6.421152353286743164e-01 7.840994745492935181e-03
5.744473934173583984e-01 6.317688822746276855e-01 1.857688650488853455e-02
5.260300040245056152e-01 6.386281847953796387e-01 4.469689913094043732e-03
5.508602261543273926e-01 5.983340740203857422e-01 -1.448081689886748791e-03
5.379049181938171387e-01 5.999276638031005859e-01 -1.880310825072228909e-03
5.628064274787902832e-01 6.005403995513916016e-01 2.966461004689335823e-03
5.709313154220581055e-01 6.059679985046386719e-01 8.095122873783111572e-03
5.845978260040283203e-01 6.429685354232788086e-01 2.498959936201572418e-02
5.312680602073669434e-01 8.674941658973693848e-01 5.249947309494018555e-03
5.742343664169311523e-01 6.205549836158752441e-01 2.061599493026733398e-02
6.192183494567871094e-01 6.311140060424804688e-01 8.033599704504013062e-02
5.977389812469482422e-01 6.297418475151062012e-01 3.759453445672988892e-02
5.436109900474548340e-01 7.147148847579956055e-01 -7.051686290651559830e-03
4.999357163906097412e-01 7.844669818878173828e-01 -3.210816532373428345e-02
4.982250332832336426e-01 8.005281090736389160e-01 -2.629344351589679718e-02
5.130439400672912598e-01 7.897186279296875000e-01 -2.537257224321365356e-02
5.215851068496704102e-01 7.964202761650085449e-01 -1.745744049549102783e-02
5.073250532150268555e-01 8.018571734428405762e-01 -2.219760417938232422e-02
5.148372054100036621e-01 8.033123612403869629e-01 -1.481054816395044327e-02
5.371119379997253418e-01 8.197049498558044434e-01 1.229917397722601891e-03
4.951671659946441650e-01 7.317025661468505859e-01 -6.252071261405944824e-02
4.965520203113555908e-01 7.146811485290527344e-01 -6.655059754848480225e-02
5.903736352920532227e-01 5.856669545173645020e-01 1.289180759340524673e-02
5.200699567794799805e-01 6.719112992286682129e-01 -9.778304025530815125e-03
5.195890665054321289e-01 7.266792654991149902e-01 -3.245541453361511230e-02
5.203946828842163086e-01 7.171685695648193359e-01 -2.905012480914592743e-02
5.801687836647033691e-01 7.119345664978027344e-01 8.747585117816925049e-03
4.956749379634857178e-01 6.928694844245910645e-01 -5.952218919992446899e-02
5.620412826538085938e-01 5.678164958953857422e-01 -9.011640213429927826e-03
5.786967873573303223e-01 5.733368396759033203e-01 1.089124241843819618e-03
6.012895703315734863e-01 5.262960791587829590e-01 4.941144585609436035e-02
5.092707872390747070e-01 5.839751362800598145e-01 -2.029224112629890442e-02
5.268087983131408691e-01 6.060133576393127441e-01 1.658410998061299324e-03
5.451642870903015137e-01 8.048400878906250000e-01 4.008082672953605652e-03
6.045118570327758789e-01 7.864006161689758301e-01 1.160749420523643494e-01
5.112043619155883789e-01 7.362622022628784180e-01 -2.783812955021858215e-02
5.020183324813842773e-01 7.412931919097900391e-01 -2.888334169983863831e-02
5.311800241470336914e-01 8.061044812202453613e-01 1.583216013386845589e-03
5.261354446411132812e-01 8.046653866767883301e-01 -2.129061380401253700e-03
5.855906009674072266e-01 5.612204670906066895e-01 6.801988463848829269e-03
5.195363163948059082e-01 7.340494990348815918e-01 -2.569777518510818481e-02
5.394018888473510742e-01 5.699303746223449707e-01 -1.654788851737976074e-02
5.414963960647583008e-01 5.551261901855468750e-01 -1.936340145766735077e-02
5.518944859504699707e-01 4.874407052993774414e-01 5.464482237584888935e-04
5.934438109397888184e-01 5.431974530220031738e-01 2.455146983265876770e-02
5.455476641654968262e-01 5.205064415931701660e-01 -1.061778329312801361e-02
5.978278517723083496e-01 5.774756669998168945e-01 2.360732294619083405e-02
6.057207584381103516e-01 5.679752826690673828e-01 4.690702632069587708e-02
4.993725717067718506e-01 7.940571308135986328e-01 -3.072867169976234436e-02
5.098926424980163574e-01 7.973146438598632812e-01 -2.456265315413475037e-02
5.182854533195495605e-01 8.002199530601501465e-01 -1.729454286396503448e-02
5.081412792205810547e-01 7.391212582588195801e-01 -2.524196170270442963e-02
5.283852219581604004e-01 8.057416677474975586e-01 -4.452366556506603956e-04
5.246202945709228516e-01 8.080027699470520020e-01 -7.731303572654724121e-03
5.250760912895202637e-01 8.034848570823669434e-01 -2.490372629836201668e-03
5.062928795814514160e-01 7.307980656623840332e-01 -4.472319036722183228e-02
5.125132799148559570e-01 8.021060228347778320e-01 -1.283866912126541138e-02
5.050612092018127441e-01 8.023240566253662109e-01 -1.741874963045120239e-02
4.967806339263916016e-01 8.026907444000244141e-01 -2.113451436161994934e-02
5.031240582466125488e-01 8.446604609489440918e-01 -8.366391062736511230e-03
5.017997622489929199e-01 8.307377099990844727e-01 -2.153812721371650696e-02
5.009591579437255859e-01 8.214702606201171875e-01 -2.363247238099575043e-02
4.997725188732147217e-01 8.132956027984619141e-01 -2.153765596449375153e-02
4.986172318458557129e-01 8.075255751609802246e-01 -1.979455351829528809e-02
5.154462456703186035e-01 8.055284619331359863e-01 -1.186432596296072006e-02
5.171169638633728027e-01 8.074265718460083008e-01 -1.380322035402059555e-02
5.195473432540893555e-01 8.115400671958923340e-01 -1.531611941754817963e-02
5.219106674194335938e-01 8.168219327926635742e-01 -1.306243054568767548e-02
5.320222973823547363e-01 7.766512632369995117e-01 -1.320129167288541794e-02
6.179083585739135742e-01 7.034999132156372070e-01 1.330052316188812256e-01
5.200482606887817383e-01 8.050586581230163574e-01 -6.482028402388095856e-03
5.220730900764465332e-01 8.060763478279113770e-01 -7.780774496495723724e-03
4.987777769565582275e-01 7.487410902976989746e-01 -2.913619577884674072e-02
5.154967904090881348e-01 7.441738247871398926e-01 -1.671682111918926239e-02
5.002287030220031738e-01 7.451232075691223145e-01 -2.931472659111022949e-02
5.326160192489624023e-01 6.818435788154602051e-01 -5.200212355703115463e-03
5.525785684585571289e-01 6.929311156272888184e-01 -1.010878360830247402e-03
5.219973921775817871e-01 7.245641946792602539e-01 -2.213783748447895050e-02
5.819054841995239258e-01 5.024551153182983398e-01 2.309443056583404541e-02
5.744686126708984375e-01 5.263670682907104492e-01 5.841697100549936295e-03
5.662893652915954590e-01 5.531011223793029785e-01 -7.354726083576679230e-03
5.287221670150756836e-01 8.291257619857788086e-01 -3.697594860568642616e-03
5.129399299621582031e-01 5.603439211845397949e-01 -2.563202381134033203e-02
5.158140063285827637e-01 5.211895704269409180e-01 -2.028734236955642700e-02
5.194554328918457031e-01 4.811572432518005371e-01 -1.269210036844015121e-02
5.693745613098144531e-01 6.384466290473937988e-01 1.344034820795059204e-02
5.977516770362854004e-01 6.551948785781860352e-01 3.212136775255203247e-02
5.191776752471923828e-01 6.341951489448547363e-01 6.103822495788335800e-03
5.844965577125549316e-01 6.095736026763916016e-01 1.931868307292461395e-02
5.118167400360107422e-01 6.606225967407226562e-01 -1.427590195089578629e-02
5.135399103164672852e-01 7.205283641815185547e-01 -4.452746361494064331e-02
6.101855635643005371e-01 6.657189130783081055e-01 4.618442431092262268e-02
5.897020101547241211e-01 6.686727404594421387e-01 2.085248939692974091e-02
5.741159319877624512e-01 6.761245727539062500e-01 9.102545678615570068e-03
5.509280562400817871e-01 6.738047599792480469e-01 3.520594444125890732e-03
5.338379740715026855e-01 6.668289899826049805e-01 4.629415052477270365e-04
5.211108922958374023e-01 6.587969064712524414e-01 -3.201028099283576012e-03
4.957528412342071533e-01 6.381857395172119141e-01 -2.713927254080772400e-02
6.076783537864685059e-01 7.025794386863708496e-01 4.303322732448577881e-02
5.947784185409545898e-01 6.059619784355163574e-01 2.548687718808650970e-02
4.914539456367492676e-01 7.400524020195007324e-01 -5.652615427970886230e-02
5.180413126945495605e-01 6.894140243530273438e-01 -1.458913460373878479e-02
6.216301321983337402e-01 6.286497116088867188e-01 1.221209689974784851e-01
5.116615891456604004e-01 6.494764685630798340e-01 -5.097772460430860519e-03
5.230069160461425781e-01 7.253106236457824707e-01 -1.001285389065742493e-02
5.778305530548095703e-01 6.218572854995727539e-01 2.327412366867065430e-02
5.138442516326904297e-01 7.090356945991516113e-01 -4.022576659917831421e-02
6.134680509567260742e-01 7.442004680633544922e-01 1.280565112829208374e-01
5.187913179397583008e-01 6.271606683731079102e-01 9.069608524441719055e-03
5.053074955940246582e-01 6.989277005195617676e-01 -5.207874253392219543e-02
5.792892575263977051e-01 8.294960856437683105e-01 4.938967525959014893e-02
5.786612629890441895e-01 8.451052904129028320e-01 7.282762229442596436e-02
6.183895468711853027e-01 7.033739686012268066e-01 8.794643729925155640e-02
5.937803983688354492e-01 8.065313696861267090e-01 6.507097929716110229e-02
6.128742694854736328e-01 5.970870256423950195e-01 6.709109991788864136e-02
5.336312055587768555e-01 8.814029693603515625e-01 1.316246204078197479e-02
4.901408553123474121e-01 7.432105541229248047e-01 -4.033938795328140259e-02
5.286084413528442383e-01 7.017867565155029297e-01 -9.764241054654121399e-03
6.081318259239196777e-01 6.321622133255004883e-01 5.010860785841941833e-02
5.591671466827392578e-01 6.316131353378295898e-01 8.855476975440979004e-03
5.489547252655029297e-01 6.338181495666503906e-01 5.661365576088428497e-03
5.274912118911743164e-01 8.112564682960510254e-01 -5.529511254280805588e-03
6.040033102035522461e-01 7.361361980438232422e-01 4.713273793458938599e-02
5.131118297576904297e-01 9.016638398170471191e-01 1.730733178555965424e-02
5.464656949043273926e-01 8.803620338439941406e-01 4.088038951158523560e-02
5.612543225288391113e-01 8.663196563720703125e-01 5.460512265563011169e-02
5.385529994964599609e-01 6.332533955574035645e-01 5.022743251174688339e-03
5.286801457405090332e-01 6.307206749916076660e-01 6.601547356694936752e-03
5.221389532089233398e-01 6.290909647941589355e-01 8.998970501124858856e-03
6.035715341567993164e-01 6.016901731491088867e-01 3.809934109449386597e-02
5.291497111320495605e-01 6.141603589057922363e-01 4.218800459057092667e-03
5.395138859748840332e-01 6.086647510528564453e-01 2.382988808676600456e-03
5.501683950424194336e-01 6.072998642921447754e-01 3.224555170163512230e-03
5.607769489288330078e-01 6.098346114158630371e-01 6.448619067668914795e-03
5.673480629920959473e-01 6.142739653587341309e-01 1.066204253584146500e-02
6.194355487823486328e-01 5.889779925346374512e-01 1.011930927634239197e-01
5.659512281417846680e-01 6.284258961677551270e-01 1.302863750606775284e-02
5.214479565620422363e-01 7.673321962356567383e-01 -1.843466982245445251e-02
5.117498636245727539e-01 7.336233854293823242e-01 -3.238822519779205322e-02
5.009738802909851074e-01 7.622116804122924805e-01 -2.868447266519069672e-02
5.639412403106689453e-01 8.505674004554748535e-01 3.756051138043403625e-02
5.492218732833862305e-01 8.660615086555480957e-01 2.607894688844680786e-02
5.141038894653320312e-01 8.932594656944274902e-01 1.666617114096879959e-03
5.923882126808166504e-01 8.203695416450500488e-01 9.573537856340408325e-02
5.218682289123535156e-01 6.218901276588439941e-01 6.971654482185840607e-03
5.037786960601806641e-01 6.659867763519287109e-01 -3.071291372179985046e-02
5.310132503509521484e-01 8.925974965095520020e-01 2.674141339957714081e-02
6.135541200637817383e-01 7.404190301895141602e-01 8.643679320812225342e-02
5.079146027565002441e-01 8.063526749610900879e-01 -1.633364148437976837e-02
5.096544027328491211e-01 8.102532029151916504e-01 -1.835339143872261047e-02
5.115529298782348633e-01 8.165789246559143066e-01 -2.009159512817859650e-02
5.131859779357910156e-01 8.247675299644470215e-01 -1.816578581929206848e-02
5.173729062080383301e-01 8.379345536231994629e-01 -7.912597618997097015e-03
5.214537978172302246e-01 8.042268753051757812e-01 -8.235447108745574951e-03
5.247418284416198730e-01 8.034563660621643066e-01 -8.291910402476787567e-03
5.280718803405761719e-01 8.012166023254394531e-01 -8.259927853941917419e-03
5.405917763710021973e-01 7.897833585739135742e-01 -5.308408290147781372e-03
5.881405472755432129e-01 7.469619512557983398e-01 2.188474871218204498e-02
5.036569833755493164e-01 6.482075452804565430e-01 -1.980316825211048126e-02
5.094045996665954590e-01 6.148517131805419922e-01 -1.657604152569547296e-04
5.166165232658386230e-01 6.179570555686950684e-01 4.600092303007841110e-03
5.190788507461547852e-01 8.019706010818481445e-01 -6.949697155505418777e-03
5.884335637092590332e-01 7.854837179183959961e-01 4.074575752019882202e-02
4.991542100906372070e-01 6.135737299919128418e-01 -1.534291449934244156e-02
5.250112414360046387e-01 8.528391122817993164e-01 -2.648294903337955475e-04
4.955508410930633545e-01 6.573515534400939941e-01 -3.898682072758674622e-02
5.112042427062988281e-01 6.934912204742431641e-01 -2.999025583267211914e-02
5.079017877578735352e-01 8.614870309829711914e-01 -6.047052331268787384e-03
5.497206449508666992e-01 8.250148296356201172e-01 9.412759914994239807e-03
5.335159897804260254e-01 7.381482124328613281e-01 -7.269548252224922180e-03
5.385626554489135742e-01 8.411771655082702637e-01 4.856521263718605042e-03
5.624878406524658203e-01 7.340815067291259766e-01 -1.927435980178415775e-03
5.452510714530944824e-01 7.543414831161499023e-01 -5.604544188827276230e-03
5.719343423843383789e-01 7.606300115585327148e-01 7.525457069277763367e-03
5.124101042747497559e-01 8.794857859611511230e-01 -4.944157786667346954e-03
5.172976255416870117e-01 7.032384872436523438e-01 -2.115075290203094482e-02
5.601980686187744141e-01 8.349419236183166504e-01 2.223253995180130005e-02
5.458495616912841797e-01 8.521086573600769043e-01 1.527791935950517654e-02
5.585218667984008789e-01 8.053041696548461914e-01 1.047061197459697723e-02
5.999451875686645508e-01 7.642657756805419922e-01 5.180153995752334595e-02
5.735039710998535156e-01 8.051919341087341309e-01 2.349697984755039215e-02
6.065392494201660156e-01 7.745742797851562500e-01 8.142502605915069580e-02
5.542868375778198242e-01 7.764150500297546387e-01 -2.860827953554689884e-04
5.107845067977905273e-01 6.773821711540222168e-01 -2.197309210896492004e-02
5.099244713783264160e-01 7.282046675682067871e-01 -4.715444520115852356e-02
5.162404775619506836e-01 7.323794364929199219e-01 -3.385589644312858582e-02
5.057218074798583984e-01 7.167753577232360840e-01 -5.598634108901023865e-02
5.188375711441040039e-01 5.998627543449401855e-01 -4.307787399739027023e-03
5.381997823715209961e-01 5.901808738708496094e-01 -5.959569010883569717e-03
5.551735162734985352e-01 5.880047082901000977e-01 -4.467817023396492004e-03
5.692918300628662109e-01 5.900471806526184082e-01 9.081554599106311798e-04
5.791569948196411133e-01 5.967141389846801758e-01 8.876367472112178802e-03
5.866142511367797852e-01 6.256687641143798828e-01 2.838183194398880005e-02
6.208115816116333008e-01 6.669193506240844727e-01 8.477055281400680542e-02
5.782353878021240234e-01 6.510037183761596680e-01 1.848995313048362732e-02
5.661935210227966309e-01 6.567940115928649902e-01 1.093925815075635910e-02
5.502522587776184082e-01 6.573185324668884277e-01 5.490627139806747437e-03
5.349057912826538086e-01 6.536732316017150879e-01 2.905906876549124718e-03
5.229766964912414551e-01 6.481186747550964355e-01 2.359694102779030800e-03
5.146513581275939941e-01 6.423428654670715332e-01 1.353949890471994877e-03
6.199972629547119141e-01 6.658324599266052246e-01 1.316487938165664673e-01
5.154873132705688477e-01 7.367255091667175293e-01 -2.770843729376792908e-02
5.038343667984008789e-01 6.819976568222045898e-01 -3.972043469548225403e-02
5.027005672454833984e-01 7.290557622909545898e-01 -5.662744864821434021e-02
4.963492155075073242e-01 7.368453145027160645e-01 -5.166113376617431641e-02
5.023273825645446777e-01 7.315359115600585938e-01 -5.069867148995399475e-02
5.120953917503356934e-01 7.416976690292358398e-01 -2.359690517187118530e-02
4.946995675563812256e-01 7.386527061462402344e-01 -5.487173795700073242e-02
4.933262765407562256e-01 7.418977022171020508e-01 -4.046242684125900269e-02
5.146839022636413574e-01 6.287801265716552734e-01 7.087660022079944611e-03
5.079315900802612305e-01 6.328717470169067383e-01 -3.286160354036837816e-04
5.043393969535827637e-01 6.357921957969665527e-01 -8.543672971427440643e-03
5.711817741394042969e-01 6.176332235336303711e-01 1.512720063328742981e-02
5.770796537399291992e-01 6.119217276573181152e-01 1.561524812132120132e-02
