4.580142796039581299e-01 6.611085534095764160e-01 -3.387535735964775085e-02
4.576071798801422119e-01 6.067813634872436523e-01 -6.218451634049415588e-02
4.586750566959381104e-01 6.229008436203002930e-01 -3.244009241461753845e-02
4.488936364650726318e-01 5.474875569343566895e-01 -4.578253999352455139e-02
4.576203227043151855e-01 5.889748334884643555e-01 -6.632497161626815796e-02
4.582215547561645508e-01 5.650943517684936523e-01 -6.151537969708442688e-02
4.604017138481140137e-01 5.067699551582336426e-01 -2.933477237820625305e-02
3.770022988319396973e-01 4.954095780849456787e-01 2.199699357151985168e-02
4.614298343658447266e-01 4.567768573760986328e-01 -2.064130641520023346e-02
4.615922272205352783e-01 4.320340156555175781e-01 -2.292185463011264801e-02
4.630091190338134766e-01 3.551385402679443359e-01 -1.065317820757627487e-02
4.578883647918701172e-01 6.694242358207702637e-01 -3.211567550897598267e-02
4.579190313816070557e-01 6.756864786148071289e-01 -2.783813327550888062e-02
4.581346809864044189e-01 6.783770322799682617e-01 -2.245495840907096863e-02
4.578004181385040283e-01 6.837856769561767578e-01 -2.153008058667182922e-02
4.576633870601654053e-01 6.910688877105712891e-01 -2.330560423433780670e-02
4.575006961822509766e-01 7.000600695610046387e-01 -2.563064172863960266e-02
4.574957787990570068e-01 7.087213397026062012e-01 -2.370351180434226990e-02
4.578641057014465332e-01 7.203586101531982422e-01 -1.235263142734766006e-02
4.578689038753509521e-01 6.154939532279968262e-01 -5.605072155594825745e-02
4.481185078620910645e-01 6.134370565414428711e-01 -3.940337523818016052e-02
3.401004672050476074e-01 4.268869757652282715e-01 8.233115077018737793e-02
4.108844697475433350e-01 5.129046440124511719e-01 7.271945942193269730e-03
3.992154598236083984e-01 5.136585235595703125e-01 9.207786060869693756e-03
3.880659341812133789e-01 5.123717784881591797e-01 1.336274202913045883e-02
3.731879591941833496e-01 5.011608004570007324e-01 2.438290044665336609e-02
4.205912947654724121e-01 5.089956521987915039e-01 8.251952007412910461e-03
3.957337141036987305e-01 4.658235609531402588e-01 4.297761246562004089e-03
4.083769619464874268e-01 4.681112766265869141e-01 3.273605369031429291e-03
3.838708698749542236e-01 4.676540493965148926e-01 9.193474426865577698e-03
3.758926987648010254e-01 4.734944999217987061e-01 1.440187636762857437e-02
3.641825020313262939e-01 5.123234987258911133e-01 3.106706775724887848e-02
4.159682989120483398e-01 7.385060787200927734e-01 4.900334402918815613e-03
3.729465007781982422e-01 4.906190037727355957e-01 2.633308619260787964e-02
3.335329592227935791e-01 4.993212521076202393e-01 8.667529374361038208e-02
3.522347509860992432e-01 4.979452490806579590e-01 4.412724822759628296e-02
4.017868041992187500e-01 5.859835147857666016e-01 -3.766637295484542847e-03
4.444381296634674072e-01 6.583245992660522461e-01 -3.122369758784770966e-02
4.467154443264007568e-01 6.751402616500854492e-01 -2.536452934145927429e-02
4.308141469955444336e-01 6.635394096374511719e-01 -2.349226176738739014e-02
4.225398302078247070e-01 6.699055433273315430e-01 -1.479735691100358963e-02
4.372640848159790039e-01 6.760833859443664551e-01 -2.034627832472324371e-02
4.300008118152618408e-01 6.775382161140441895e-01 -1.238578371703624725e-02
4.080727100372314453e-01 6.924678087234497070e-01 3.702875925227999687e-03
4.481404721736907959e-01 6.059200763702392578e-01 -6.062570959329605103e-02
4.463990330696105957e-01 5.888103842735290527e-01 -6.422546505928039551e-02
3.585795462131500244e-01 4.509782195091247559e-01 2.083564549684524536e-02
4.255316555500030518e-01 5.434815883636474609e-01 -6.539295427501201630e-03
4.233937561511993408e-01 5.997309684753417969e-01 -2.996638044714927673e-02
4.226188063621520996e-01 5.900329351425170898e-01 -2.642156556248664856e-02
3.677174448966979980e-01 5.815349221229553223e-01 1.431472785770893097e-02
4.474934339523315430e-01 5.665760040283203125e-01 -5.708254128694534302e-02
3.840723335742950439e-01 4.321238696575164795e-01 -1.181817380711436272e-03
3.689641058444976807e-01 4.380129575729370117e-01 9.558361023664474487e-03
3.502246737480163574e-01 3.976256847381591797e-01 5.796556174755096436e-02
4.348125457763671875e-01 4.496962726116180420e-01 -1.530704181641340256e-02
4.192754030227661133e-01 4.750065803527832031e-01 5.769948009401559830e-03
3.997738957405090332e-01 6.771556138992309570e-01 7.352494169026613235e-03
3.483324646949768066e-01 6.529689431190490723e-01 1.178943440318107605e-01
4.320668280124664307e-01 6.096581220626831055e-01 -2.640146389603614807e-02
4.412016570568084717e-01 6.150537729263305664e-01 -2.791193500161170959e-02
4.134942293167114258e-01 6.797201633453369141e-01 4.690248984843492508e-03
4.190632998943328857e-01 6.786029934883117676e-01 6.600831402465701103e-04
3.627812266349792480e-01 4.258927106857299805e-01 1.524535194039344788e-02
4.234504103660583496e-01 6.071725487709045410e-01 -2.352377586066722870e-02
4.050530791282653809e-01 4.341590404510498047e-01 -1.004508323967456818e-02
4.029148817062377930e-01 4.200042486190795898e-01 -1.231263671070337296e-02
3.950380384922027588e-01 3.610138893127441406e-01 8.930941112339496613e-03
3.561292886734008789e-01 4.119620025157928467e-01 3.327806666493415833e-02
4.000102579593658447e-01 3.909371495246887207e-01 -2.728836145251989365e-03
3.519895076751708984e-01 4.428955614566802979e-01 3.139547631144523621e-02
3.457237780094146729e-01 4.362621009349822998e-01 5.486083403229713440e-02
4.452248215675354004e-01 6.680730581283569336e-01 -2.973053418099880219e-02
4.342809021472930908e-01 6.713305115699768066e-01 -2.253697812557220459e-02
4.261866211891174316e-01 6.741061806678771973e-01 -1.466438360512256622e-02
4.349735975265502930e-01 6.127949953079223633e-01 -2.373734675347805023e-02
4.163900017738342285e-01 6.796219944953918457e-01 2.623375970870256424e-03
4.202296137809753418e-01 6.824994087219238281e-01 -5.301653407514095306e-03
4.202956259250640869e-01 6.772606372833251953e-01 3.011978697031736374e-04
4.372495412826538086e-01 6.045703887939453125e-01 -4.242439568042755127e-02
4.327001273632049561e-01 6.764671206474304199e-01 -1.055883150547742844e-02
4.399435520172119141e-01 6.768345832824707031e-01 -1.588272117078304291e-02
4.484593272209167480e-01 6.775258183479309082e-01 -2.036048099398612976e-02
4.429390728473663330e-01 7.195212841033935547e-01 -1.112317014485597610e-02
4.435382783412933350e-01 7.068324089050292969e-01 -2.227510139346122742e-02
4.442915320396423340e-01 6.974579095840454102e-01 -2.370483241975307465e-02
4.454727768898010254e-01 6.889505386352539062e-01 -2.126384153962135315e-02
4.467330873012542725e-01 6.828547716140747070e-01 -1.951898261904716492e-02
4.300057291984558105e-01 6.802918910980224609e-01 -1.020679157227277756e-02
4.280495941638946533e-01 6.824198961257934570e-01 -1.214298605918884277e-02
4.252579510211944580e-01 6.866385340690612793e-01 -1.393737643957138062e-02
4.227384924888610840e-01 6.918135881423950195e-01 -1.173519436269998550e-02
4.118626713752746582e-01 6.493315100669860840e-01 -1.050433143973350525e-02
3.365491032600402832e-01 5.702128410339355469e-01 1.362738758325576782e-01
4.583368003368377686e-01 6.182737946510314941e-01 -4.054642096161842346e-02
4.254382252693176270e-01 6.794477701187133789e-01 -4.367542453110218048e-03
4.230955541133880615e-01 6.804954409599304199e-01 -5.562189500778913498e-03
4.446948468685150146e-01 6.225950717926025391e-01 -2.859040535986423492e-02
4.274070262908935547e-01 6.175345778465270996e-01 -1.549766771495342255e-02
4.430194497108459473e-01 6.190766096115112305e-01 -2.843713015317916870e-02
4.134070873260498047e-01 5.528745651245117188e-01 -1.521112746559083462e-03
3.942093849182128906e-01 5.633742809295654297e-01 3.568767337128520012e-03
4.210944771766662598e-01 5.973376035690307617e-01 -1.967239752411842346e-02
3.673504590988159180e-01 3.750525712966918945e-01 3.184359148144721985e-02
3.730456531047821045e-01 3.957844376564025879e-01 1.439023949205875397e-02
3.797506392002105713e-01 4.181129038333892822e-01 7.027689716778695583e-04
4.168289601802825928e-01 7.024394869804382324e-01 -2.533507067710161209e-03
4.311504662036895752e-01 4.261371791362762451e-01 -1.984906569123268127e-02
4.288935363292694092e-01 3.929250240325927734e-01 -1.341772172600030899e-02
4.260118901729583740e-01 3.555871248245239258e-01 -5.725019145756959915e-03
3.785618245601654053e-01 5.082813501358032227e-01 1.924522221088409424e-02
3.518519997596740723e-01 5.242435932159423828e-01 3.824540227651596069e-02
4.268393516540527344e-01 5.046055912971496582e-01 9.425990283489227295e-03
3.639433383941650391e-01 4.771169424057006836e-01 2.599722333252429962e-02
4.335266351699829102e-01 5.325475335121154785e-01 -1.117722876369953156e-02
4.295587241649627686e-01 5.937799811363220215e-01 -4.191442951560020447e-02
3.402368128299713135e-01 5.342943668365478516e-01 5.255533382296562195e-02
3.591221570968627930e-01 5.380739569664001465e-01 2.667998149991035461e-02
3.739074766635894775e-01 5.460407137870788574e-01 1.447669602930545807e-02
3.964211344718933105e-01 5.440664887428283691e-01 8.141786791384220123e-03
4.128096997737884521e-01 5.374897122383117676e-01 4.174400586634874344e-03
4.249954521656036377e-01 5.299392342567443848e-01 2.741304633673280478e-04
4.491388797760009766e-01 5.104819536209106445e-01 -2.400597371160984039e-02
3.420124053955078125e-01 5.709283947944641113e-01 4.917812347412109375e-02
3.548828363418579102e-01 4.728485047817230225e-01 3.252385184168815613e-02
4.522530138492584229e-01 6.143795251846313477e-01 -5.501972138881683350e-02
4.265164434909820557e-01 5.614710450172424316e-01 -1.184960920363664627e-02
3.332023322582244873e-01 4.963535070419311523e-01 1.271636486053466797e-01
4.340732395648956299e-01 5.210160017013549805e-01 -1.886044745333492756e-03
4.202924370765686035e-01 5.979802012443542480e-01 -8.179886266589164734e-03
3.695826232433319092e-01 4.905437827110290527e-01 2.905285172164440155e-02
4.292128086090087891e-01 5.820857882499694824e-01 -3.752623870968818665e-02
3.402144312858581543e-01 6.105623841285705566e-01 1.305698156356811523e-01
4.269535839557647705e-01 4.979089796543121338e-01 1.242248341441154480e-02
4.378892481327056885e-01 5.722646117210388184e-01 -4.945611953735351562e-02
3.699922263622283936e-01 6.980831027030944824e-01 5.142256990075111389e-02
3.717825114727020264e-01 7.130126357078552246e-01 7.370306551456451416e-02
3.332655131816864014e-01 5.708238482475280762e-01 9.287175536155700684e-02
3.562181591987609863e-01 6.746828556060791016e-01 6.764161586761474609e-02
3.394302427768707275e-01 4.657025635242462158e-01 7.422131299972534180e-02
4.139818549156188965e-01 7.518754005432128906e-01 1.264489907771348953e-02
4.539352059364318848e-01 6.174239516258239746e-01 -3.954109922051429749e-02
4.162487089633941650e-01 5.735397338867187500e-01 -6.956188473850488663e-03
3.428245782852172852e-01 5.002783536911010742e-01 5.677670612931251526e-02
3.886421024799346924e-01 5.018732547760009766e-01 1.410926878452301025e-02
3.988793492317199707e-01 5.040301680564880371e-01 1.061662472784519196e-02
4.172093570232391357e-01 6.854965090751647949e-01 -3.012363333255052567e-03
3.453269600868225098e-01 6.042698025703430176e-01 5.251340568065643311e-02
4.343760907649993896e-01 7.734074592590332031e-01 1.506922114640474319e-02
4.021751284599304199e-01 7.493946552276611328e-01 4.053788632154464722e-02
3.882428705692291260e-01 7.347138524055480957e-01 5.489465594291687012e-02
4.621583819389343262e-01 3.954814374446868896e-01 -1.806979626417160034e-02
4.578903615474700928e-01 7.783601284027099609e-01 9.900865145027637482e-03
4.087757468223571777e-01 5.035851001739501953e-01 9.444191120564937592e-03
4.180018603801727295e-01 5.011641979217529297e-01 1.049340330064296722e-02
4.239884614944458008e-01 4.994976520538330078e-01 1.263608224689960480e-02
3.470820784568786621e-01 4.685889780521392822e-01 4.527388140559196472e-02
4.172103106975555420e-01 4.872452914714813232e-01 8.209260180592536926e-03
4.071170091629028320e-01 4.826099276542663574e-01 7.097018882632255554e-03
3.966447412967681885e-01 4.810798764228820801e-01 8.387945592403411865e-03
3.861919641494750977e-01 4.827657938003540039e-01 1.207144651561975479e-02
3.795638084411621094e-01 4.860767722129821777e-01 1.630442589521408081e-02
3.346853256225585938e-01 4.579904675483703613e-01 1.076261997222900391e-01
3.817749023437500000e-01 4.988270401954650879e-01 1.841256767511367798e-02
4.584632813930511475e-01 6.345773935317993164e-01 -3.017499297857284546e-02
4.215857684612274170e-01 6.405321359634399414e-01 -1.674856245517730713e-02
4.317181706428527832e-01 6.070836186408996582e-01 -3.055713512003421783e-02
4.430043697357177734e-01 6.360598206520080566e-01 -2.826686948537826538e-02
4.612321257591247559e-01 4.817502498626708984e-01 -2.066816948354244232e-02
3.847092390060424805e-01 7.193156480789184570e-01 3.890934213995933533e-02
3.989126682281494141e-01 7.352862358093261719e-01 2.642342634499073029e-02
4.329999387264251709e-01 7.652181386947631836e-01 1.262424775632098317e-04
3.591513633728027344e-01 6.876454353332519531e-01 9.724187850952148438e-02
4.239593446254730225e-01 4.936667680740356445e-01 1.082810200750827789e-02
4.407506585121154785e-01 5.385984182357788086e-01 -2.788576856255531311e-02
4.574120342731475830e-01 7.692739963531494141e-01 -4.581001121550798416e-03
4.168969392776489258e-01 7.629755735397338867e-01 2.568698860704898834e-02
3.374755978584289551e-01 6.077650189399719238e-01 9.063071757555007935e-02
4.373963177204132080e-01 6.813420653343200684e-01 -1.517138443887233734e-02
4.354754388332366943e-01 6.855184435844421387e-01 -1.725535467267036438e-02
4.334000349044799805e-01 6.920474171638488770e-01 -1.935254037380218506e-02
4.316954612731933594e-01 7.002662420272827148e-01 -1.760821975767612457e-02
4.283083379268646240e-01 7.120953798294067383e-01 -8.255426771938800812e-03
4.235811829566955566e-01 6.782622337341308594e-01 -5.355644039809703827e-03
4.198830723762512207e-01 6.771253347396850586e-01 -5.159551743417978287e-03
4.164125025272369385e-01 6.746630668640136719e-01 -4.996494390070438385e-03
4.040094912052154541e-01 6.622275710105895996e-01 -1.744092791341245174e-03
3.600210547447204590e-01 6.160755157470703125e-01 2.712717838585376740e-02
4.414833486080169678e-01 5.204010605812072754e-01 -1.682992093265056610e-02
4.360496401786804199e-01 4.846851825714111328e-01 2.975728595629334450e-03
4.291337430477142334e-01 4.880689084529876709e-01 8.377570658922195435e-03
4.263775944709777832e-01 6.759239435195922852e-01 -4.303397610783576965e-03
3.603034615516662598e-01 6.543701887130737305e-01 4.453607648611068726e-02
4.459344446659088135e-01 4.836914539337158203e-01 -1.212055236101150513e-02
4.216143190860748291e-01 7.250639200210571289e-01 -9.655538015067577362e-04
4.590248465538024902e-01 5.452632308006286621e-01 -5.056680366396903992e-02
4.486440718173980713e-01 5.300987362861633301e-01 -3.616179153323173523e-02
4.596703946590423584e-01 5.269109606742858887e-01 -3.969195485115051270e-02
4.327456057071685791e-01 5.660995841026306152e-01 -2.748688310384750366e-02
4.573334753513336182e-01 7.548387646675109863e-01 -1.120184734463691711e-02
4.575874507427215576e-01 7.364549636840820312e-01 -1.145377755165100098e-02
4.388162493705749512e-01 7.348397970199584961e-01 -8.124498650431632996e-03
3.964993357658386230e-01 6.961437463760375977e-01 1.193542871624231339e-02
4.103022217750549316e-01 6.104435920715332031e-01 -4.876058548688888550e-03
4.078645408153533936e-01 7.125259637832641602e-01 5.650668870657682419e-03
3.839442133903503418e-01 6.046872138977050781e-01 2.032635034993290901e-03
3.996605277061462402e-01 6.259971261024475098e-01 -2.544773975387215614e-03
3.751583695411682129e-01 6.306811571121215820e-01 1.165148243308067322e-02
4.345957934856414795e-01 7.518720030784606934e-01 -6.483963225036859512e-03
4.264799654483795166e-01 5.756540894508361816e-01 -1.874231360852718353e-02
3.873174190521240234e-01 7.047641873359680176e-01 2.443692460656166077e-02
4.015320241451263428e-01 7.221922278404235840e-01 1.600645110011100769e-02
3.875930309295654297e-01 6.763406395912170410e-01 1.408670563250780106e-02
3.494487404823303223e-01 6.324481368064880371e-01 5.625904724001884460e-02
3.739561736583709717e-01 6.749750971794128418e-01 2.709728479385375977e-02
3.442041873931884766e-01 6.422549486160278320e-01 8.481990545988082886e-02
3.914696872234344482e-01 6.476078033447265625e-01 3.463411936536431313e-03
4.338308870792388916e-01 5.497661232948303223e-01 -1.928823068737983704e-02
4.334804117679595947e-01 6.016931533813476562e-01 -4.459043219685554504e-02
4.269601702690124512e-01 6.056045889854431152e-01 -3.156249225139617920e-02
4.372690916061401367e-01 5.903704762458801270e-01 -5.324420332908630371e-02
4.262349009513854980e-01 4.670675396919250488e-01 -3.593766086851246655e-05
4.074033498764038086e-01 4.558693170547485352e-01 -1.476197649026289582e-04
3.911009430885314941e-01 4.535375237464904785e-01 2.292020246386528015e-03
3.776410520076751709e-01 4.558866620063781738e-01 8.228624239563941956e-03
3.685469329357147217e-01 4.632563591003417969e-01 1.622876524925231934e-02
3.621567189693450928e-01 4.941724240779876709e-01 3.454028815031051636e-02
3.316040635108947754e-01 5.347901582717895508e-01 9.054654836654663086e-02
3.701286315917968750e-01 5.206261873245239258e-01 2.411281690001487732e-02
3.819308280944824219e-01 5.268571972846984863e-01 1.614264212548732758e-02
3.974450528621673584e-01 5.274981856346130371e-01 1.027533784508705139e-02
4.121241271495819092e-01 5.241034030914306641e-01 6.683177314698696136e-03
4.235325753688812256e-01 5.188288688659667969e-01 5.895076319575309753e-03
4.313496053218841553e-01 5.133922696113586426e-01 4.464381374418735504e-03
3.349774479866027832e-01 5.327845811843872070e-01 1.357588320970535278e-01
4.275818765163421631e-01 6.100038886070251465e-01 -2.580937743186950684e-02
4.401465654373168945e-01 5.549519062042236328e-01 -3.710575401782989502e-02
4.406062960624694824e-01 6.030389070510864258e-01 -5.433510988950729370e-02
4.471574723720550537e-01 6.110836863517761230e-01 -5.006146430969238281e-02
4.411936998367309570e-01 6.054641008377075195e-01 -4.862502962350845337e-02
4.308656454086303711e-01 6.151453852653503418e-01 -2.214611694216728210e-02
4.489248096942901611e-01 6.129250526428222656e-01 -5.321853235363960266e-02
4.504619240760803223e-01 6.161020398139953613e-01 -3.944588825106620789e-02
4.311072528362274170e-01 4.991819858551025391e-01 1.026584021747112274e-02
4.376779198646545410e-01 5.038746595382690430e-01 2.758824964985251427e-03
4.410946369171142578e-01 5.072851777076721191e-01 -5.421488545835018158e-03
3.757755160331726074e-01 4.886428117752075195e-01 2.066706679761409760e-02
3.702245354652404785e-01 4.798649847507476807e-01 2.166904695332050323e-02
4.692382216453552246e-01 5.482655167579650879e-01 -4.744894057512283325e-02
5.477566719055175781e-01 5.015282034873962402e-01 9.589123539626598358e-03
4.690580070018768311e-01 6.141412258148193359e-01 -4.061232879757881165e-02
5.959342718124389648e-01 4.342796206474304199e-01 6.313652545213699341e-02
5.130458474159240723e-01 5.166237354278564453e-01 -6.278934888541698456e-04
5.248266458511352539e-01 5.180032253265380859e-01 -3.242624225094914436e-04
5.364945530891418457e-01 5.175259113311767578e-01 2.410865621641278267e-03
5.522487759590148926e-01 5.076799392700195312e-01 1.127069629728794098e-02
5.032239556312561035e-01 5.121343135833740234e-01 1.812513917684555054e-03
5.292236804962158203e-01 4.708608090877532959e-01 -5.746335722506046295e-03
5.164918303489685059e-01 4.720924496650695801e-01 -4.650057293474674225e-03
5.411886572837829590e-01 4.737861156463623047e-01 -2.444618847221136093e-03
5.493157505989074707e-01 4.801964461803436279e-01 1.872367924079298973e-03
5.623621940612792969e-01 5.195674300193786621e-01 1.674459129571914673e-02
5.008757710456848145e-01 7.438735961914062500e-01 -7.306598126888275146e-04
5.522333979606628418e-01 4.971895217895507812e-01 1.328263524919748306e-02
6.010488271713256836e-01 5.089893937110900879e-01 6.691682338714599609e-02
5.765932202339172363e-01 5.063031315803527832e-01 2.800460346043109894e-02
5.195962190628051758e-01 5.902067422866821289e-01 -1.158782187849283218e-02
4.717647731304168701e-01 6.591021418571472168e-01 -3.317164629697799683e-02
4.694176614284515381e-01 6.759420633316040039e-01 -2.703839167952537537e-02
4.859490096569061279e-01 6.654657125473022461e-01 -2.737012691795825958e-02
4.945367574691772461e-01 6.724275946617126465e-01 -2.021018974483013153e-02
4.795568883419036865e-01 6.776232123374938965e-01 -2.371939644217491150e-02
4.872995316982269287e-01 6.795367598533630371e-01 -1.693793013691902161e-02
5.099028944969177246e-01 6.970221400260925293e-01 -3.507145680487155914e-03
4.673865735530853271e-01 6.065377593040466309e-01 -6.167111173272132874e-02
4.691143035888671875e-01 5.894418358802795410e-01 -6.548026204109191895e-02
5.685149431228637695e-01 4.599385857582092285e-01 5.654524080455303192e-03
4.966646730899810791e-01 5.458827614784240723e-01 -1.149377692490816116e-02
4.954385757446289062e-01 6.021286249160766602e-01 -3.450881317257881165e-02
4.968527853488922119e-01 5.925407409667968750e-01 -3.111083805561065674e-02
5.561728477478027344e-01 5.884871482849121094e-01 8.409919682890176773e-04
4.692516028881072998e-01 5.672684907913208008e-01 -5.870743468403816223e-02
5.407570600509643555e-01 4.392626285552978516e-01 -1.190902385860681534e-02
5.568571686744689941e-01 4.463656842708587646e-01 -3.751624142751097679e-03
5.833884477615356445e-01 4.038952589035034180e-01 4.071990400552749634e-02
4.883501529693603516e-01 4.523411989212036133e-01 -1.893261633813381195e-02
5.055129528045654297e-01 4.780886769294738770e-01 -6.215344183146953583e-04
5.187473297119140625e-01 6.820911765098571777e-01 -1.527986023575067520e-03
5.858455896377563477e-01 6.651915311813354492e-01 1.001604944467544556e-01
4.867351055145263672e-01 6.114592552185058594e-01 -2.940648980438709259e-02
4.770522713661193848e-01 6.162219643592834473e-01 -2.940677292644977570e-02
5.043773651123046875e-01 6.831932663917541504e-01 -2.901735948398709297e-03
4.991444647312164307e-01 6.814925670623779297e-01 -5.928616970777511597e-03
5.640544891357421875e-01 4.347980022430419922e-01 1.261974335648119450e-03
4.958637654781341553e-01 6.096323728561401367e-01 -2.786526456475257874e-02
5.187844634056091309e-01 4.393746852874755859e-01 -1.721321605145931244e-02
5.210582613945007324e-01 4.252765178680419922e-01 -1.972475089132785797e-02
5.332913398742675781e-01 3.642690777778625488e-01 -1.115924213081598282e-03
5.738577246665954590e-01 4.194343090057373047e-01 1.778192818164825439e-02
5.258414745330810547e-01 3.949686288833618164e-01 -1.121858600527048111e-02
5.766841173171997070e-01 4.519765377044677734e-01 1.520347129553556442e-02
5.865516662597656250e-01 4.444552063941955566e-01 3.734576702117919922e-02
4.707517027854919434e-01 6.689240932464599609e-01 -3.151672333478927612e-02
4.822873771190643311e-01 6.730089783668518066e-01 -2.620673924684524536e-02
4.908973872661590576e-01 6.763290166854858398e-01 -1.965221576392650604e-02
4.837523996829986572e-01 6.142625212669372559e-01 -2.644121833145618439e-02
5.015096068382263184e-01 6.827096343040466309e-01 -4.504746291786432266e-03
4.972344636917114258e-01 6.855100393295288086e-01 -1.110465079545974731e-02
4.982033371925354004e-01 6.802454590797424316e-01 -6.146682891994714737e-03
4.803931713104248047e-01 6.059413552284240723e-01 -4.554731398820877075e-02
4.851613640785217285e-01 6.782498955726623535e-01 -1.493056863546371460e-02
4.773645102977752686e-01 6.782217621803283691e-01 -1.894617825746536255e-02
4.681465029716491699e-01 6.781790256500244141e-01 -2.199607715010643005e-02
4.728269875049591064e-01 7.210429906845092773e-01 -1.281540375202894211e-02
4.716119468212127686e-01 7.081742286682128906e-01 -2.396621741354465485e-02
4.709973633289337158e-01 6.986550092697143555e-01 -2.543281950056552887e-02
4.700389802455902100e-01 6.899454593658447266e-01 -2.304462715983390808e-02
4.691247642040252686e-01 6.838212013244628906e-01 -2.113461121916770935e-02
4.874400496482849121e-01 6.824983358383178711e-01 -1.449893694370985031e-02
4.891254305839538574e-01 6.847690343856811523e-01 -1.641609892249107361e-02
4.916382133960723877e-01 6.893804669380187988e-01 -1.837922446429729462e-02
4.940653741359710693e-01 6.948974132537841797e-01 -1.650220341980457306e-02
5.063247084617614746e-01 6.527540683746337891e-01 -1.683681644499301910e-02
6.014050245285034180e-01 5.814099907875061035e-01 1.162899956107139587e-01
4.925270974636077881e-01 6.819738149642944336e-01 -9.828249923884868622e-03
4.946436882019042969e-01 6.833065152168273926e-01 -1.106962468475103378e-02
4.730507433414459229e-01 6.234558224678039551e-01 -3.017049655318260193e-02
4.918698072433471680e-01 6.195873618125915527e-01 -1.910164952278137207e-02
4.749513864517211914e-01 6.200536489486694336e-01 -3.000245243310928345e-02
5.090979337692260742e-01 5.562196373939514160e-01 -8.411670103669166565e-03
5.284883975982666016e-01 5.681805610656738281e-01 -5.950141232460737228e-03
4.987523853778839111e-01 6.000755429267883301e-01 -2.463302202522754669e-02
5.636492967605590820e-01 3.798329830169677734e-01 1.771095767617225647e-02
5.548043251037597656e-01 4.020567834377288818e-01 1.912437728606164455e-03
5.455127954483032227e-01 4.253417253494262695e-01 -1.041530631482601166e-02
5.005546808242797852e-01 7.066136002540588379e-01 -8.444144390523433685e-03
4.921309053897857666e-01 4.291652441024780273e-01 -2.370882034301757812e-02
4.958470761775970459e-01 3.949335813522338867e-01 -1.783996820449829102e-02
5.008621215820312500e-01 3.571037054061889648e-01 -1.075289119035005569e-02
5.464999675750732422e-01 5.141458511352539062e-01 6.978610530495643616e-03
5.756809115409851074e-01 5.323610901832580566e-01 2.232567593455314636e-02
4.969717860221862793e-01 5.073764920234680176e-01 3.900019684806466103e-03
5.627443194389343262e-01 4.849960207939147949e-01 1.140203978866338730e-02
4.883691668510437012e-01 5.344856977462768555e-01 -1.520084869116544724e-02
4.882868826389312744e-01 5.957475900650024414e-01 -4.561689496040344238e-02
5.891363620758056641e-01 5.436042547225952148e-01 3.450339287519454956e-02
5.666751861572265625e-01 5.453993678092956543e-01 1.190227735787630081e-02
5.504960417747497559e-01 5.522094368934631348e-01 1.864282530732452869e-03
5.270774960517883301e-01 5.486946105957031250e-01 -1.541913137771189213e-03
5.103574395179748535e-01 5.409144163131713867e-01 -3.050392726436257362e-03
4.979667067527770996e-01 5.325104594230651855e-01 -5.097543820738792419e-03
4.720343053340911865e-01 5.113487839698791504e-01 -2.578530460596084595e-02
5.861030817031860352e-01 5.804830193519592285e-01 3.122277185320854187e-02
5.735123157501220703e-01 4.812852144241333008e-01 1.677831821143627167e-02
4.636811017990112305e-01 6.147564053535461426e-01 -5.582681670784950256e-02
4.947598576545715332e-01 5.637568235397338867e-01 -1.663376577198505402e-02
6.056849956512451172e-01 5.058828592300415039e-01 1.063445061445236206e-01
4.888246357440948486e-01 5.229269862174987793e-01 -6.095698568969964981e-03
5.002856254577636719e-01 6.006824374198913574e-01 -1.321544777601957321e-02
5.562496781349182129e-01 4.975716173648834229e-01 1.533608045428991318e-02
4.894730150699615479e-01 5.840224027633666992e-01 -4.131585732102394104e-02
5.962852239608764648e-01 6.224865317344665527e-01 1.114551723003387451e-01
4.972988665103912354e-01 5.007222294807434082e-01 6.559923756867647171e-03
4.796920716762542725e-01 5.736696124076843262e-01 -5.224990099668502808e-02
5.542216897010803223e-01 7.080925703048706055e-01 3.812400251626968384e-02
5.547491908073425293e-01 7.240151166915893555e-01 6.011347100138664246e-02
5.997578501701354980e-01 5.819361805915832520e-01 7.342893630266189575e-02
5.711646080017089844e-01 6.856160163879394531e-01 5.210717022418975830e-02
5.943487286567687988e-01 4.743223786354064941e-01 5.548300966620445251e-02
5.032988190650939941e-01 7.579126954078674316e-01 6.399424280971288681e-03
4.628894627094268799e-01 6.176894307136535645e-01 -4.005646333098411560e-02
5.053632855415344238e-01 5.767013430595397949e-01 -1.290492806583642960e-02
5.878212451934814453e-01 5.092619061470031738e-01 3.900511935353279114e-02
5.354162454605102539e-01 5.069015622138977051e-01 3.314171219244599342e-03
5.250443220138549805e-01 5.083512067794799805e-01 1.060409937053918839e-03
5.002598762512207031e-01 6.888546347618103027e-01 -9.295548312366008759e-03
5.823377966880798340e-01 6.142286658287048340e-01 3.544209524989128113e-02
4.819478690624237061e-01 7.768508791923522949e-01 1.162006892263889313e-02
5.182645320892333984e-01 7.576224803924560547e-01 3.191206976771354675e-02
5.347945690155029297e-01 7.443970441818237305e-01 4.398009181022644043e-02
5.151179432868957520e-01 5.073198080062866211e-01 1.266858307644724846e-03
5.059767961502075195e-01 5.044147372245788574e-01 3.412101650610566139e-03
5.002039670944213867e-01 5.025228261947631836e-01 6.319177336990833282e-03
5.832074880599975586e-01 4.772906601428985596e-01 2.825304493308067322e-02
5.071877241134643555e-01 4.906108975410461426e-01 1.208051573485136032e-03
5.172791481018066406e-01 4.866427779197692871e-01 -1.198714133352041245e-03
5.275515317916870117e-01 4.859792292118072510e-01 -1.151603995822370052e-03
5.381364822387695312e-01 4.882897436618804932e-01 1.021806150674819946e-03
5.449078083038330078e-01 4.921092092990875244e-01 4.332700744271278381e-03
6.030924916267395020e-01 4.663642644882202148e-01 8.734974265098571777e-02
5.425990223884582520e-01 5.043222904205322266e-01 6.645327433943748474e-03
4.965398311614990234e-01 6.430925726890563965e-01 -2.146807685494422913e-02
4.868472516536712646e-01 6.088380217552185059e-01 -3.365999832749366760e-02
4.740805029869079590e-01 6.369458436965942383e-01 -3.013754636049270630e-02
5.368219017982482910e-01 7.285585403442382812e-01 2.819622866809368134e-02
5.206123590469360352e-01 7.434076666831970215e-01 1.810197345912456512e-02
4.822190701961517334e-01 7.686209082603454590e-01 -3.266391344368457794e-03
5.712541341781616211e-01 6.994277238845825195e-01 8.129458874464035034e-02
5.003376603126525879e-01 4.966274499893188477e-01 4.370778333395719528e-03
4.793343544006347656e-01 5.399870276451110840e-01 -3.063673153519630432e-02
5.011490583419799805e-01 7.691024541854858398e-01 1.924942433834075928e-02
5.946126580238342285e-01 6.192741394042968750e-01 7.204913347959518433e-02
4.791729152202606201e-01 6.831148862838745117e-01 -1.832027547061443329e-02
4.808983206748962402e-01 6.873425841331481934e-01 -2.043683081865310669e-02
4.826335608959197998e-01 6.942558288574218750e-01 -2.273454703390598297e-02
4.841073751449584961e-01 7.026898860931396484e-01 -2.125357650220394135e-02
4.882182776927947998e-01 7.152206301689147949e-01 -1.242744084447622299e-02
4.942820370197296143e-01 6.807068586349487305e-01 -1.101514138281345367e-02
4.976811110973358154e-01 6.799020767211914062e-01 -1.141653582453727722e-02
5.012424588203430176e-01 6.776139140129089355e-01 -1.177964825183153152e-02
5.142970085144042969e-01 6.664421558380126953e-01 -9.891157969832420349e-03
5.644286274909973145e-01 6.243773698806762695e-01 1.279653981328010559e-02
4.801229238510131836e-01 5.217797160148620605e-01 -1.963484659790992737e-02
4.879839420318603516e-01 4.869067668914794922e-01 -5.331144202500581741e-04
4.951408505439758301e-01 4.905201196670532227e-01 2.899054437875747681e-03
4.919744431972503662e-01 6.782743930816650391e-01 -9.855976328253746033e-03
5.646133422851562500e-01 6.636652350425720215e-01 3.007404878735542297e-02
4.770972132682800293e-01 4.850142002105712891e-01 -1.433177944272756577e-02
4.951581954956054688e-01 7.294331789016723633e-01 -5.752060562372207642e-03
4.708112776279449463e-01 5.309427380561828613e-01 -3.764985501766204834e-02
4.869560897350311279e-01 5.679202079772949219e-01 -3.095189481973648071e-02
4.766348600387573242e-01 7.372310161590576172e-01 -1.036070287227630615e-02
5.223419666290283203e-01 7.024016976356506348e-01 3.367542987689375877e-03
5.100631117820739746e-01 6.139404177665710449e-01 -1.103653199970722198e-02
5.100485086441040039e-01 7.181785702705383301e-01 -1.117924344725906849e-03
5.377120375633239746e-01 6.105543971061706543e-01 -8.222203701734542847e-03
5.202776789665222168e-01 6.305494308471679688e-01 -1.046639680862426758e-02
5.468845367431640625e-01 6.377488374710083008e-01 -1.520536461612209678e-04
4.803583621978759766e-01 7.547882795333862305e-01 -9.599491022527217865e-03
4.940364956855773926e-01 5.779237747192382812e-01 -2.310442924499511719e-02
5.328358411788940430e-01 7.126578688621520996e-01 1.439330447465181351e-02
5.171061754226684570e-01 7.291520833969116211e-01 8.411814458668231964e-03
5.320294499397277832e-01 6.827476620674133301e-01 3.835010807961225510e-03
5.777540206909179688e-01 6.425593495368957520e-01 3.995198011398315430e-02
5.479702949523925781e-01 6.831498742103576660e-01 1.492613926529884338e-02
5.863560438156127930e-01 6.538434028625488281e-01 6.729834526777267456e-02
5.283076763153076172e-01 6.530923843383789062e-01 -5.781395360827445984e-03
4.869267344474792480e-01 5.515620708465576172e-01 -2.309906110167503357e-02
4.841218888759613037e-01 6.034512519836425781e-01 -4.796482622623443604e-02
4.916438162326812744e-01 6.077023744583129883e-01 -3.546603024005889893e-02
4.793931543827056885e-01 5.918192863464355469e-01 -5.569270253181457520e-02
4.979984760284423828e-01 4.701327681541442871e-01 -5.007393658161163330e-03
5.171352624893188477e-01 4.604845046997070312e-01 -7.779176812618970871e-03
5.336559414863586426e-01 4.592363238334655762e-01 -7.986337877810001373e-03
5.474944114685058594e-01 4.627670645713806152e-01 -4.106990527361631393e-03
5.573320984840393066e-01 4.708884060382843018e-01 2.505865413695573807e-03
5.649933218955993652e-01 5.018191933631896973e-01 1.979781873524188995e-02
6.022597551345825195e-01 5.452442169189453125e-01 7.043539732694625854e-02
5.554066300392150879e-01 5.272560119628906250e-01 1.084220316261053085e-02
5.428534150123596191e-01 5.325105786323547363e-01 4.583766683936119080e-03
5.265830755233764648e-01 5.320813655853271484e-01 7.358126458711922169e-04
5.115051269531250000e-01 5.276649594306945801e-01 -8.345806854777038097e-04
5.000740289688110352e-01 5.216345191001892090e-01 2.290272968821227551e-04
4.921928942203521729e-01 5.156623125076293945e-01 -1.899040653370320797e-04
6.038675904273986816e-01 5.431319475173950195e-01 1.151186376810073853e-01
4.912912547588348389e-01 6.121689677238464355e-01 -2.954283915460109711e-02
4.786449372768402100e-01 5.563014745712280273e-01 -3.985732793807983398e-02
4.757716059684753418e-01 6.042625904083251953e-01 -5.652281641960144043e-02
4.695429205894470215e-01 6.119056344032287598e-01 -5.133519694209098816e-02
4.758554697036743164e-01 6.067106127738952637e-01 -5.085285753011703491e-02
4.880604445934295654e-01 6.170632839202880859e-01 -2.534479461610317230e-02
4.673947393894195557e-01 6.136118769645690918e-01 -5.427607893943786621e-02
4.666053950786590576e-01 6.166771650314331055e-01 -4.028551653027534485e-02
4.929481148719787598e-01 5.016934871673583984e-01 5.395108368247747421e-03
4.859383106231689453e-01 5.057157278060913086e-01 -1.014919602312147617e-03
4.818606078624725342e-01 5.088005065917968750e-01 -8.441611193120479584e-03
5.489983558654785156e-01 4.949107468128204346e-01 8.257638663053512573e-03
5.554943680763244629e-01 4.870682954788208008e-01 8.368193171918392181e-03
