5.440365353017106997e-01 -2.111573956783663775e+01 -1.451365181326595533e+01
0.000000000000000000e+00 0.000000000000000000e+00 0.000000000000000000e+00
2.362202264908166427e-01 -6.787655019489658770e+00 -1.634301978544280942e+01
-5.775534130879869998e+00 2.352506728576003070e+01 -9.457017325516748230e+00
-1.122759422543277708e-01 7.290566895340870879e+00 2.078307869699008936e+00
-1.818494122696059367e-01 1.684686080103139716e+01 -8.897282329390445721e-01
-2.546872153812127504e-01 3.964502188459514542e+01 -1.941143720381928617e+01
-4.801526429450353106e+01 4.211396845302850522e+01 -4.491292458047574598e+01
-3.034230491381453287e-01 5.848230286724816551e+01 -2.434755168133634129e+01
-3.787509388813798950e-01 6.820537180504763342e+01 -2.321480105653463610e+01
-8.893804403178455775e-01 1.004759748461994349e+02 -3.160513097316144737e+01
5.877258636227051802e-01 -2.449630515365287309e+01 -1.515419099142691017e+01
6.225298524698854585e-01 -2.734030974522285362e+01 -1.742343052031783657e+01
6.799742988671314547e-01 -2.874826673519336140e+01 -2.037161697121993242e+01
9.239001193992442129e-01 -3.180045701363977528e+01 -2.130870500339102591e+01
9.785611462812024985e-01 -3.499889465276660161e+01 -2.028497667120387860e+01
1.068804073245006148e+00 -3.899439484413012025e+01 -1.917731260233341573e+01
1.147244837390204886e+00 -4.289932934791927011e+01 -2.060034561284695442e+01
1.304752686926790695e+00 -4.846671332872317350e+01 -2.767357626894177969e+01
6.824084773558342087e-02 -3.631508587532632948e+00 -3.262154976881921353e+00
-5.410589023258170371e+00 -3.176643951131014276e+00 -1.214116119762909740e+01
-7.127954422120181732e+01 6.860462629960112224e+01 -7.778436098042834601e+01
-2.893848330272075486e+01 3.567383255692391941e+01 -3.769802431447942581e+01
-3.546479345605803957e+01 3.513425720686851861e+01 -3.822561290299827164e+01
-4.171964868911442892e+01 3.544729871222158124e+01 -4.018485381978489812e+01
-5.013087957468493272e+01 3.955993662565352764e+01 -4.584831924421050786e+01
-2.347135257127802532e+01 3.746492068035728806e+01 -3.859934419235602121e+01
-3.767293247355217289e+01 5.416291421035989373e+01 -3.584596303828797659e+01
-3.063684356047158275e+01 5.348011495493006606e+01 -3.575677248966233890e+01
-4.424167618618705689e+01 5.323340858848886370e+01 -3.806331143515280502e+01
-4.867189006027599163e+01 5.077393950906105147e+01 -4.072975488895087182e+01
-5.524291897319263711e+01 3.479911854449608200e+01 -4.914449343434469597e+01
-2.208324258835384413e+01 -5.764747446291363531e+01 -3.419388856850130765e+01
-5.029737970770732858e+01 4.399210848735572910e+01 -4.721745458683997754e+01
-7.379985621989125377e+01 3.877825560254675707e+01 -7.888082735475850882e+01
-6.245429036833930780e+01 4.008094541786926612e+01 -5.608270791029710978e+01
-3.202280653740275795e+01 6.309563430462556077e+00 -3.056254449878835189e+01
-6.655079531621495015e+00 -2.029820187479602112e+01 -1.554360158381340717e+01
-5.105550873675730017e+00 -2.748770905466273362e+01 -1.834813294639036130e+01
-1.381147620266989406e+01 -2.318761664548370049e+01 -1.905993977736381950e+01
-1.800679340409504903e+01 -2.664695543431464486e+01 -2.315614266697278012e+01
-1.002281791137367506e+01 -2.842350278285866239e+01 -2.052801167451720232e+01
-1.374197348294325671e+01 -2.970047409741516731e+01 -2.446523406475495577e+01
-2.576130627047374944e+01 -3.765256106117602997e+01 -3.261491313763566069e+01
-5.240761675917644524e+00 1.066216908960968823e-01 -5.597801390662670018e-01
-6.271781636970310103e+00 7.142798430580135083e+00 1.275350702437778150e+00
-5.891268540581676660e+01 5.907299324928226270e+01 -4.382149595922098229e+01
-1.980331716045724733e+01 2.396393103278223435e+01 -3.020061038034975098e+01
-1.930872051674659318e+01 1.681660361251959390e+00 -1.665811118732918672e+01
-1.994460777029757637e+01 5.547557698276800231e+00 -1.867421945567201647e+01
-5.155431720001943319e+01 6.929891628502897305e+00 -3.898063219184423644e+01
-6.089214639314239008e+00 1.602673624466458691e+01 -2.960588492876020439e+00
-4.407409597267135837e+01 6.689484479444067233e+01 -3.249124710009030537e+01
-5.287302491104847491e+01 6.443489953469344300e+01 -3.782734029977244461e+01
-6.535613774714815349e+01 8.097204757690592203e+01 -6.502999346593476560e+01
-1.512006181002399430e+01 6.051372674472045077e+01 -2.646639745127661669e+01
-2.451265738523275672e+01 5.093318623724843519e+01 -3.754086619642997391e+01
-3.039854451502099053e+01 -3.142324260517724710e+01 -3.420578173088369311e+01
-6.413486305998775094e+01 -2.437116750081613858e+01 -9.412687223118382462e+01
-1.439929908518013058e+01 -2.178877785936842670e+00 -1.904666201341906273e+01
-9.165223066078109326e+00 -4.068812731590746523e+00 -1.838401529541158297e+01
-2.226538053726092414e+01 -3.201976593346282129e+01 -3.297012480360115916e+01
-1.916887812157782633e+01 -3.134007428215825897e+01 -3.101522253395213724e+01
-5.664110969372560334e+01 6.918799369259805587e+01 -4.112298988581896708e+01
-1.913023510361903590e+01 -1.422245806894628872e+00 -2.017746883771282640e+01
-3.195664249178935279e+01 6.619978353804000903e+01 -2.846979696697312789e+01
-3.318407410035165839e+01 7.197269243667744831e+01 -2.728816636196924961e+01
-3.942582200329027131e+01 9.704695990931736560e+01 -3.978504332717982805e+01
-6.103943464116661488e+01 7.513494386158386362e+01 -5.115628922753607810e+01
-3.565800204592786571e+01 8.460827603211514258e+01 -3.296926522610849020e+01
-6.292798764756672369e+01 6.218390875423278885e+01 -4.973667675487330087e+01
-6.718984470815885857e+01 6.493582326598034626e+01 -6.263417749497372711e+01
-6.009420381996058325e+00 -2.433508059954801439e+01 -1.609165574455649761e+01
-1.175451124079262577e+01 -2.634869873928116846e+01 -1.935547995730640736e+01
-1.592034537840871877e+01 -2.829512898157092593e+01 -2.320109793482675542e+01
-1.263647240664824700e+01 -3.355732161026574012e+00 -2.047778528690555788e+01
-2.061479935479924208e+01 -3.184509428708448908e+01 -3.193342469072242906e+01
-1.862539238391042318e+01 -3.284281174698357120e+01 -2.808744229982922391e+01
-1.862767193623248829e+01 -3.067114144415031873e+01 -3.088616643003627971e+01
-1.164135354808725609e+01 1.263511778229273741e-01 -1.015762431774169805e+01
-1.234104139430193392e+01 -2.936566221477397320e+01 -2.550490773427167213e+01
-8.641755989672528671e+00 -2.892916178602687083e+01 -2.304775759711683492e+01
-4.214592276895805512e+00 -2.874709610127270665e+01 -2.102576572051654935e+01
-6.701808175746133855e+00 -4.824578961808227717e+01 -2.769287838258584600e+01
-6.249398853204081838e+00 -4.234362333023002378e+01 -2.083395425449596061e+01
-5.897358926066870843e+00 -3.821633949682727405e+01 -1.976150756457824187e+01
-5.372071822136966546e+00 -3.432245130104302433e+01 -2.097795694713876458e+01
-4.754584975388636003e+00 -3.170104916180838828e+01 -2.199496378362255555e+01
-1.347867575870480650e+01 -3.135971425653461608e+01 -2.618460762735802660e+01
-1.450195106886058838e+01 -3.237286300638078984e+01 -2.508252965773271725e+01
-1.600906920229850883e+01 -3.432914688244232337e+01 -2.408398004447189678e+01
-1.741892531072824823e+01 -3.669319533994305971e+01 -2.516764000096333831e+01
-2.440497479621666344e+01 -1.886646012055264165e+01 -2.571019978893827229e+01
-7.250281538504764001e+01 9.293213465736057444e+00 -1.052296852357729477e+02
1.021815903115809165e-01 -4.888871677652623760e+00 -1.180998511631483971e+01
-1.587424570363031506e+01 -3.129015291528730813e+01 -2.884569127288574109e+01
-1.709531626260646675e+01 -3.185366287536711738e+01 -2.814497889779574891e+01
-7.132904994018391065e+00 -6.942271579914843116e+00 -1.803520761198620548e+01
-1.671000579321154689e+01 -5.559960241819043247e+00 -2.480620814958114195e+01
-8.103328763795328626e+00 -5.589958594188640717e+00 -1.810179508780674240e+01
-2.648729490725242997e+01 1.982283276337388145e+01 -3.236869274500814697e+01
-3.702168499730066031e+01 1.509234100255965316e+01 -3.435127552253186423e+01
-2.069965632145908785e+01 2.430111687372419560e+00 -2.232519222225547395e+01
-5.540232142823170847e+01 9.068482513285069047e+01 -5.143074487079999102e+01
-5.120803144323329548e+01 8.208957036331885604e+01 -4.145849879975595798e+01
-4.662547391439243682e+01 7.255421372819523640e+01 -3.371142254900355084e+01
-2.103968143026268933e+01 -4.171092430832406706e+01 -2.996468063222952694e+01
-1.730438044145015652e+01 6.988962054074033858e+01 -2.401113012450178275e+01
-1.926699039038205186e+01 8.442516918291320849e+01 -2.802725400046760029e+01
-2.176089024334068256e+01 9.981654293680693968e+01 -3.296680316744581063e+01
-4.708005068300519014e+01 3.685203594997499010e+01 -4.317308561647680420e+01
-6.202926837483916245e+01 2.963238997653440876e+01 -5.254436003131883837e+01
-1.994750653876620206e+01 3.932693752474420990e+01 -3.956262768419451703e+01
-5.570276657680126675e+01 4.894165500506422717e+01 -4.673077021060956326e+01
-1.535926916705549239e+01 2.861864613900655030e+01 -2.805935174950240452e+01
-1.593146252644929817e+01 4.365216051032740907e+00 -1.036299020672937132e+01
-6.863418602000530200e+01 2.509852283880000456e+01 -5.971878646231628096e+01
-5.756741037999463373e+01 2.429865126427501210e+01 -4.622933128848129769e+01
-4.900358252470574882e+01 2.148826489439345977e+01 -3.991988022354360766e+01
-3.640128080474926975e+01 2.283497923104731342e+01 -3.712097971238210903e+01
-2.726898591600915012e+01 2.588195572375593656e+01 -3.567409935587357239e+01
-2.047320839088360600e+01 2.925066707668162280e+01 -3.404987777868898036e+01
-6.604222796880717894e+00 3.786955639435533527e+01 -2.186322584982691808e+01
-6.679829952702209539e+01 1.020740716776623458e+01 -5.724010799128564031e+01
-6.109440741079254877e+01 5.028965847663019417e+01 -5.005873861996059304e+01
-3.018886668355733605e+00 -3.317964535671821924e+00 -3.648078591391403336e+00
-1.871485036979746752e+01 1.690000575365926494e+01 -2.718373855397993211e+01
-7.518727164560154108e+01 3.949542518190786922e+01 -1.014463821921265207e+02
-1.544184647072688854e+01 3.311804533662194672e+01 -3.328957121636508987e+01
-2.128810589433418343e+01 2.037856103390132567e+00 -2.870483033851781229e+01
-5.230239405361908211e+01 4.373121121047814341e+01 -4.851398182328034636e+01
-1.633497057751776893e+01 9.036562695051033600e+00 -1.292946092096733679e+01
-6.966935569958137364e+01 -7.156351339071097328e+00 -1.015623680982628798e+02
-1.995431451018344404e+01 4.207355126119425393e+01 -4.130331854597582719e+01
-1.148661355468540712e+01 1.338346452087971628e+01 -6.760871389760584549e+00
-4.955281529626404335e+01 -4.202962634856626778e+01 -5.782575239859493621e+01
-4.937863618576812996e+01 -4.862758420840463458e+01 -6.995278836159786806e+01
-7.278538575118291476e+01 9.556907220027104799e+00 -8.109493474936569157e+01
-5.779069729242699793e+01 -3.249756474087469371e+01 -6.647941213488847723e+01
-7.073850561879511645e+01 5.274433806676406533e+01 -7.269416245061643167e+01
-2.341669341672075078e+01 -6.389965980102338250e+01 -3.807668244677290659e+01
-2.266101217871544726e+00 -4.639913808963973096e+00 -1.224965643303531238e+01
-2.427405106923559330e+01 1.168473469033938450e+01 -2.941468817268546587e+01
-6.791325132133835041e+01 3.885905294510461516e+01 -6.270862140110232019e+01
-4.148889416920916773e+01 3.973390796735488095e+01 -4.079271465094791438e+01
-3.578162355155740215e+01 3.906503851509105374e+01 -3.913394441166148852e+01
-2.031606379728021849e+01 -3.421565107889749413e+01 -2.911900487117481973e+01
-6.431699209699328890e+01 -3.413187782409186966e+00 -5.863044683029883686e+01
-1.173332081653608583e+01 -7.296840458638286009e+01 -4.004279442633904296e+01
-3.114163506120492642e+01 -6.351792704115918298e+01 -5.268119353765892754e+01
-3.955165670693088487e+01 -5.751006124535342678e+01 -6.007108262311511027e+01
-6.367943017159234387e-01 8.397432248997193938e+01 -2.668887771448883939e+01
1.928684433721093772e+00 -7.443555953376340995e+01 -3.816943518218627673e+01
-3.023316179917901536e+01 3.942368469529109376e+01 -3.888974869778861887e+01
-2.505178079401115099e+01 4.055607948934098061e+01 -3.985652087043678904e+01
-2.166319814174622849e+01 4.130709212715514411e+01 -4.129125451665489521e+01
-6.575128511073927484e+01 5.172229269347649705e+01 -5.693010231260122112e+01
-2.552685585461706452e+01 4.653581255702479069e+01 -3.875571668120831248e+01
-3.120005825482280315e+01 4.836612947867035928e+01 -3.780715623905759060e+01
-3.700852866696639154e+01 4.886558713668764398e+01 -3.813397926163325025e+01
-4.280942161398304791e+01 4.792807577121063645e+01 -3.985522722781699656e+01
-4.646827126716256373e+01 4.625600901380946794e+01 -4.197127083463208663e+01
-7.441896475947056899e+01 5.552557182317207918e+01 -9.124439718746052108e+01
-4.535602218756041282e+01 4.087061766640314886e+01 -4.299954614743258929e+01
3.435702918935889527e-01 -1.108166348771139020e+01 -1.748389983132470604e+01
-1.927459264511366044e+01 -1.482746512391494953e+01 -2.323397742606021765e+01
-1.469669965385443966e+01 -1.099312492698940158e+00 -1.667879021359218328e+01
-7.828430346749786217e+00 -1.199658503548899091e+01 -1.795415894852322225e+01
-2.488437355212227420e-01 4.911781809063796800e+01 -2.437544250757939324e+01
-4.095677583839028557e+01 -5.069979622253624285e+01 -5.126907454729966673e+01
-3.254820344683486155e+01 -5.728562978883368118e+01 -4.497126250332097896e+01
-1.211315860299747271e+01 -6.891600676502470435e+01 -3.198241066663803878e+01
-5.717879386120144858e+01 -3.837303798565034896e+01 -8.263548023347651394e+01
-2.166408627383092877e+01 4.388564173820434888e+01 -4.031930716092460187e+01
-1.082455055860260806e+01 2.666086074908741566e+01 -1.913673806519884479e+01
1.874956427226449840e+00 -7.025289286316184700e+01 -3.044698839407751123e+01
-2.211148630021433803e+01 -6.894075730128012935e+01 -4.508605937007667563e+01
-6.975082293147173118e+01 -5.463021068366080257e+00 -7.943517310005650245e+01
-9.591513370843966158e+00 -3.140597807818963716e+01 -2.390568516440956870e+01
-1.058604115591718475e+01 -3.327945710513854749e+01 -2.267356757137938317e+01
-1.168412678135241656e+01 -3.629170750912893340e+01 -2.161746182653445914e+01
-1.257288163984580187e+01 -3.997019061520532546e+01 -2.257786173597693846e+01
-1.467526901473047474e+01 -4.548194426582711714e+01 -2.788090338298285431e+01
-1.684289289072064477e+01 -3.066404383804354339e+01 -2.794243060142465396e+01
-1.894647819512355369e+01 -3.030119304274282399e+01 -2.787145140516882691e+01
-2.098689490801532287e+01 -2.935477428304027114e+01 -2.786550062108762660e+01
-2.835277186632270841e+01 -2.473402344884708981e+01 -2.961531103983603685e+01
-5.518691972125746759e+01 -7.566034100575749655e+00 -4.514685389261115489e+01
-1.095005637006960519e+01 3.372764026611363164e+01 -2.540156805083372049e+01
-1.480540093910259891e+01 4.731077214149196664e+01 -3.659242437027938877e+01
-1.882371372261900078e+01 4.597247628111011153e+01 -3.918155618341751989e+01
-1.550944108330830851e+01 -2.967466218523580324e+01 -2.858835250808864714e+01
-5.488578634110910315e+01 -2.358230345678435924e+01 -5.417132701691898689e+01
-8.946580003967770978e+00 4.793393681346059054e+01 -2.858432646496522267e+01
-1.873754701465359673e+01 -5.146949729510776450e+01 -3.161018620037631877e+01
-1.953038582931424516e-01 2.463394882781373951e+01 -7.249750083113450039e+00
-6.343553687783154871e+00 3.029509672577589896e+01 -1.499250531137987785e+01
-2.218781489097844117e-01 3.183527630334664238e+01 -1.348622888492298344e+01
-1.490371432164408105e+01 1.541759917047814632e+01 -1.877051845716070488e+01
1.748354250834046386e+00 -6.372947076354778773e+01 -2.712194615366535899e+01
1.529326199319079205e+00 -5.561038913967521324e+01 -2.756009557803590226e+01
-8.925754423919306291e+00 -5.509286143871233321e+01 -2.868059982454283841e+01
-3.298989313272692669e+01 -3.974582452132483468e+01 -3.684275934531424923e+01
-2.653996494810187912e+01 -3.290947511775025980e+00 -3.003215056906651625e+01
-2.658705339034630200e+01 -4.648766338800025721e+01 -3.429494681890105312e+01
-4.154797506857840972e+01 -1.850146546217404264e+00 -3.280924237611776562e+01
-3.211252869565363710e+01 -9.949392036863427435e+00 -3.036753052666031749e+01
-4.604011958571680907e+01 -1.294891084056643571e+01 -3.714070149238215635e+01
-1.114993527161399278e+01 -6.266694478334640905e+01 -2.877279552663400253e+01
-1.831671183975457495e+01 1.128666652631532763e+01 -2.325644851567083649e+01
-3.888741037478021667e+01 -4.405430732632602542e+01 -4.343801593256957005e+01
-3.059827501667637861e+01 -5.123137955599781179e+01 -3.956024544540560584e+01
-3.796212427571003190e+01 -3.158030146529629789e+01 -3.771507478030641636e+01
-6.163164441526191695e+01 -1.490344252776748846e+01 -6.044927018575516087e+01
-4.642690983291804940e+01 -3.170065556719808697e+01 -4.467362986578439887e+01
-6.529035267061436798e+01 -1.942725315097788652e+01 -7.588332860679065561e+01
-3.612382781300446766e+01 -1.927866208357860955e+01 -3.273360864593734476e+01
-1.472399572131612011e+01 2.189765047926194441e+01 -2.343357434946150519e+01
-1.370160268439495965e+01 1.224258666531777839e+00 -8.909937963795986349e+00
-1.727986409187426631e+01 -6.025834016303184271e-01 -1.587540391928195405e+01
-1.150417844607820683e+01 6.097676191301739657e+00 -4.368311075140232980e+00
-2.032887318776604957e+01 5.380872189783681137e+01 -3.462072726577613935e+01
-3.098830304399304580e+01 5.795748530218549632e+01 -3.382164532319156081e+01
-4.014946577455780385e+01 5.874843378212838729e+01 -3.451634314713270868e+01
-4.776974664125155812e+01 5.766613285540270084e+01 -3.729020554353529349e+01
-5.302759024073685623e+01 5.458880318177995861e+01 -4.139673589661557429e+01
-5.665516614518129757e+01 4.198911560960667799e+01 -5.125159133728173089e+01
-7.432796364863781946e+01 2.429440006321144452e+01 -8.027894511301953173e+01
-5.169767972425851355e+01 3.161668642464327661e+01 -4.548010415841586962e+01
-4.494212193571141256e+01 2.942700410583508130e+01 -4.140234443856048330e+01
-3.623545885005817269e+01 2.949500967936557672e+01 -3.860098726038225436e+01
-2.799413470227365508e+01 3.117917019564061931e+01 -3.724136265248113631e+01
-2.162406531748127847e+01 3.359615786374529023e+01 -3.726130309178391542e+01
-1.721248860764651667e+01 3.596447976628052601e+01 -3.685216627862759964e+01
-7.394598682232907549e+01 2.452561231380397544e+01 -1.055863360695128392e+02
-1.681929520521421395e+01 -2.426291142702770465e+00 -1.908787780130903045e+01
-1.073690365630723953e+01 2.022971192037477550e+01 -1.384190478188916096e+01
-9.549054948183755442e+00 1.012266129580504881e+00 -3.773702548116153466e+00
-5.913873342536294153e+00 -2.220919089457769946e+00 -6.256573307049518640e+00
-9.341437306111080474e+00 -9.049074539876172940e-02 -6.915536595382510754e+00
-1.484705767814224409e+01 -4.428766416110371473e+00 -2.124549998466419609e+01
-4.896017764026034946e+00 -2.863972004487087553e+00 -4.545348004376346118e+00
-4.158306993331096102e+00 -4.198887085568757449e+00 -1.220758956924929706e+01
-1.759423070595175531e+01 4.162207322492040618e+01 -4.031517610817057573e+01
-1.372367060916132786e+01 3.990035545686878748e+01 -3.621604938201186741e+01
-1.159250239203749366e+01 3.872460043092190318e+01 -3.175791950365545802e+01
-4.861339236528051089e+01 4.502317971242993622e+01 -4.424715297453182217e+01
-5.195515968422779451e+01 4.804585963333818199e+01 -4.459448674566576898e+01
5.423759911200599859e+00 2.354881095076477138e+01 -9.446034020662651187e+00
4.749517748302692866e+01 4.216082014142475032e+01 -4.493370973175819927e+01
5.590757410524903825e+00 -3.132342795276268799e+00 -1.217405536954728440e+01
7.050278113231365751e+01 6.908049705659141182e+01 -7.786746083731488000e+01
2.858459795802794901e+01 3.572617746367902924e+01 -3.758031001176129138e+01
3.518680616022090391e+01 3.523832503782517023e+01 -3.815794989481900501e+01
4.145781108768690615e+01 3.563028803836424885e+01 -4.010925088372724190e+01
4.976129843296660482e+01 3.965178398351768863e+01 -4.591221504244423102e+01
2.299301457883470690e+01 3.746256166944568378e+01 -3.849636918706919886e+01
3.708382764866028936e+01 5.415061873577086970e+01 -3.578744848767360054e+01
2.995100584035673563e+01 5.349025184148640477e+01 -3.570874341872245594e+01
4.367326260420065864e+01 5.319612803185888339e+01 -3.809803851881125070e+01
4.814697337330901661e+01 5.076524984498322368e+01 -4.074397043507937610e+01
5.503494240516782554e+01 3.502159895954643076e+01 -4.905187229556609196e+01
2.544752812732671998e+01 -5.762640053259877959e+01 -3.428786853631056886e+01
4.972867876838496670e+01 4.399210848735572910e+01 -4.721745458683997754e+01
7.391360120420856106e+01 3.919837826460576480e+01 -7.891636859135361703e+01
6.226367183315073106e+01 4.039635643638639095e+01 -5.611535161042075259e+01
3.240946934833167603e+01 6.601948594609898358e+00 -3.058838804063303130e+01
7.766803623384275213e+00 -2.013638354082002380e+01 -1.550611960068418149e+01
6.505228847721962637e+00 -2.733644289145432182e+01 -1.829514411579417654e+01
1.518055624988500796e+01 -2.292779269639675377e+01 -1.899549749500791407e+01
1.961548474368767714e+01 -2.627619667877157994e+01 -2.302805227328421367e+01
1.159755400442603879e+01 -2.820583623531372552e+01 -2.037925031397741193e+01
1.545576995287114030e+01 -2.934305576380538838e+01 -2.427140795937080853e+01
2.817096397043245659e+01 -3.730974976920128938e+01 -3.249635744681204130e+01
5.282590563931591099e+00 2.016837698178328697e-01 -6.398447238917326363e-01
6.147401292891117031e+00 7.239876149615636969e+00 1.244458072168065810e+00
5.838232757323951461e+01 5.909782896136871244e+01 -4.388372893872193004e+01
1.962896270523606645e+01 2.410368715126905315e+01 -3.020266636501463964e+01
1.945546104893908890e+01 1.953388597544722272e+00 -1.678232552636662334e+01
1.999606046647914326e+01 5.793812717518979305e+00 -1.877121560820378576e+01
5.217634295503892616e+01 7.337292537497472900e+00 -3.882503385499106230e+01
5.801284742369751335e+00 1.609352874917751919e+01 -2.961859294425095879e+00
4.336333729852503893e+01 6.671871397975152718e+01 -3.257355355080985504e+01
5.222210192178376786e+01 6.430374270386798230e+01 -3.790538611902231736e+01
6.425622366540821417e+01 8.145374560865549540e+01 -6.511943418053645871e+01
1.446535246819215992e+01 6.037502235391747263e+01 -2.647395340808549946e+01
2.381043529959629979e+01 5.095928123095116291e+01 -3.756557184963133977e+01
3.250809503777396969e+01 -3.102329519382010758e+01 -3.407374416537870587e+01
6.634312076908364020e+01 -2.430434955208872339e+01 -9.420846039095997071e+01
1.460091519579821728e+01 -1.969616371680165567e+00 -1.913331795923128809e+01
9.438440559456235945e+00 -3.939660536436806026e+00 -1.852355141488493473e+01
2.434425581315447218e+01 -3.153902571874268190e+01 -3.272863514678824259e+01
2.128054850972637269e+01 -3.085721532486432395e+01 -3.079109647242583137e+01
5.585303449590330871e+01 6.903432350291117814e+01 -4.127484967390925874e+01
1.938225702188897870e+01 -1.147741875125030786e+00 -2.029123356255674437e+01
3.120527923424010552e+01 6.603925396042285456e+01 -2.864116183492893342e+01
3.237438462922297333e+01 7.182389939393894451e+01 -2.748962449076089243e+01
3.782348339797261616e+01 9.734858659493751531e+01 -3.987484104240444083e+01
6.010377107526975493e+01 7.533960012738108958e+01 -5.132138736938603074e+01
3.441437523971736567e+01 8.471844944293036406e+01 -3.313021043115143272e+01
6.234072590917018175e+01 6.225588082635893272e+01 -4.983029093172319079e+01
6.650983085156917696e+01 6.524209355695829515e+01 -6.272535040402858186e+01
7.277716656789175786e+00 -2.418090361609328909e+01 -1.606184630770183475e+01
1.323659502273217115e+01 -2.611108595230413343e+01 -1.926562895518977570e+01
1.759466259861518722e+01 -2.791152350754927269e+01 -2.302380451414538598e+01
1.286425546785032559e+01 -3.160969276890693180e+00 -2.055732295909555774e+01
2.265985453758993984e+01 -3.135358875548770996e+01 -3.167512380132708572e+01
2.084249948636405136e+01 -3.241665642348832677e+01 -2.788194089596781566e+01
2.067284694380502330e+01 -3.025662494387958290e+01 -3.062847451273366062e+01
1.175342625102108585e+01 3.024180761304930409e-01 -1.018535961517334876e+01
1.408096598755252238e+01 -2.899616362235960310e+01 -2.528434992320823227e+01
1.019836304549186501e+01 -2.869336723665953315e+01 -2.288166867431408846e+01
5.660049341419092883e+00 -2.861118959368335979e+01 -2.096211332750734968e+01
9.370583963959781215e+00 -4.817464766855855629e+01 -2.767441072057308205e+01
8.647158859421823607e+00 -4.227159015187448432e+01 -2.080449511052772849e+01
8.139181012571070184e+00 -3.814426632524048699e+01 -1.968540640237479877e+01
7.396444308611054730e+00 -3.425036088438861981e+01 -2.088532653718443299e+01
6.715868060128705963e+00 -3.163181543355118919e+01 -2.192489194445859013e+01
1.566396367456898098e+01 -3.103242038195622499e+01 -2.600785865126389496e+01
1.672442471400890796e+01 -3.204281043547739927e+01 -2.495541330945572511e+01
1.829891738982888327e+01 -3.399142339653593581e+01 -2.395321217221451704e+01
1.978943620583494933e+01 -3.637553589495902884e+01 -2.508404760813504097e+01
2.574516240329884553e+01 -1.852068803111420436e+01 -2.570942666169425195e+01
7.345257114118633979e+01 9.618643733822958453e+00 -1.052366885249792432e+02
1.804358001957885804e+01 -3.094350972655793086e+01 -2.866749997556046381e+01
1.926465630460823064e+01 -3.148067674844022790e+01 -2.793188794679267062e+01
7.557818166943421012e+00 -6.819716047885623134e+00 -1.808259144156803089e+01
1.706431762255077800e+01 -5.279028707385732488e+00 -2.491319686456404625e+01
8.426730694205136984e+00 -5.433866857731044497e+00 -1.816747237448750951e+01
2.647484913788213134e+01 2.002579079570255871e+01 -3.227760779436540872e+01
3.725087416255144745e+01 1.539698964202331055e+01 -3.427252890061086532e+01
2.085016576875993621e+01 2.720425281917631999e+00 -2.236371770705496331e+01
5.402470748547980151e+01 9.115556826319340189e+01 -5.153069764027979005e+01
5.008808020639236958e+01 8.224063996198592008e+01 -4.163388033996309190e+01
4.572704453454726803e+01 7.241071865841684030e+01 -3.385131948232160681e+01
2.365791569585294241e+01 -4.146429378713774128e+01 -2.984497753519998042e+01
1.652316765038698776e+01 6.974295555078995790e+01 -2.411589715701123282e+01
1.800648129843774115e+01 8.450773361424857910e+01 -2.816048983443995368e+01
2.009315875822393238e+01 1.000107016074343278e+02 -3.304659788127613496e+01
4.677763897025860729e+01 3.702519192017351202e+01 -4.313681941111622820e+01
6.208604025547394656e+01 3.000151062674581226e+01 -5.258306932204659745e+01
1.936327861803453487e+01 3.931953812307875040e+01 -3.950398428434571230e+01
5.526011918081709240e+01 4.899448502929282512e+01 -4.670626490457021163e+01
1.511072248603097457e+01 2.868870648671228096e+01 -2.801396119187458922e+01
1.596292260837734034e+01 4.570096277386561212e+00 -1.046259342637672596e+01
6.888583702322416968e+01 2.551595711663939881e+01 -5.973122481017747276e+01
5.760897074356314818e+01 2.471790318115142071e+01 -4.626741488386525702e+01
4.909136744191170010e+01 2.189848233162412328e+01 -3.986537078800868983e+01
3.638833525346884556e+01 2.310084265002754833e+01 -3.700528832924329947e+01
2.711443924870499345e+01 2.604835436636907886e+01 -3.557110758160975195e+01
2.021142561518973579e+01 2.934449344322689868e+01 -3.398738163616507535e+01
6.178766844206053932e+00 3.789950869382240484e+01 -2.180650367882613239e+01
6.744370075533390718e+01 1.059881781373184850e+01 -5.719949845917608400e+01
6.073423224218048233e+01 5.046605398385133867e+01 -5.019091525844917356e+01
3.214357166277604705e+00 -3.304937197110789704e+00 -3.677638731702383534e+00
1.859719400409750278e+01 1.707320025410779252e+01 -2.715456559220841726e+01
7.521962414458316459e+01 3.993224605760017454e+01 -1.014046926311234955e+02
1.509213381129797860e+01 3.313835937483182192e+01 -3.322177295894613280e+01
2.140012751861285523e+01 2.326261031786623246e+00 -2.877532882687359006e+01
5.184172271994347625e+01 4.374737755569525888e+01 -4.853403302494463389e+01
1.627883040287800398e+01 9.239814929008286271e+00 -1.299031565611652361e+01
7.115860754873122573e+01 -6.952927013534010214e+00 -1.016697605579086172e+02
1.930470058042019943e+01 4.203092767299959576e+01 -4.121268002046871004e+01
1.135028705184391207e+01 1.349601049187123003e+01 -6.794707317862239471e+00
5.243567560321250198e+01 -4.200283346882644508e+01 -5.791309422072131952e+01
5.253570145956948068e+01 -4.879111943544130270e+01 -6.998606759939204380e+01
7.358636234598724002e+01 9.907670430806861717e+00 -8.116897157048981626e+01
6.024239731457315372e+01 -3.246330377114410481e+01 -6.663551173053798493e+01
7.035224412439595199e+01 5.316459019112546258e+01 -7.277168019043270419e+01
2.711763055313906179e+01 -6.392792904886592709e+01 -3.815476988260768820e+01
2.495693197430305599e+00 -4.619181130145380898e+00 -1.224951858487899692e+01
2.436467390844969216e+01 1.192562096388987847e+01 -2.945549008817582148e+01
6.787342256077721458e+01 3.923694420671746741e+01 -6.275362024247943538e+01
4.098848001065449864e+01 3.982358650529796762e+01 -4.075080928464062424e+01
3.531095102919408646e+01 3.913717237134298443e+01 -3.906657781398636331e+01
2.258842802114713422e+01 -3.380959065212762482e+01 -2.895882191448741239e+01
6.544148106219574856e+01 -3.074490390784149874e+00 -5.861103728138160562e+01
1.553146151857485613e+01 -7.302648909218385143e+01 -4.004349665743811215e+01
3.477473072396375642e+01 -6.369913835520756606e+01 -5.277694537298830824e+01
4.302612588466440258e+01 -5.768367672349639719e+01 -6.012315172560774812e+01
2.970161469359340600e+01 3.947322320974323873e+01 -3.878570470043098339e+01
2.447941121108938844e+01 4.058665360323079341e+01 -3.972778388221026802e+01
2.104696014875905163e+01 4.129177314346532768e+01 -4.117582820389738885e+01
6.543780893644165531e+01 5.201775628763165571e+01 -5.702232053890198671e+01
2.489522280325286019e+01 4.647083817737081546e+01 -3.868356565414809012e+01
3.055778245496068024e+01 4.826645805306231551e+01 -3.773740451676565044e+01
3.631548490474581570e+01 4.871860539010457103e+01 -3.817649882946643913e+01
4.213486075418069277e+01 4.780824041080614251e+01 -3.981261106131471905e+01
4.581841735850550634e+01 4.621632168032235199e+01 -4.198798709328214329e+01
7.397064717028395364e+01 5.603215258596402748e+01 -9.124404371982804207e+01
4.484023061627607376e+01 4.096190264267083592e+01 -4.299762515159390830e+01
2.023230275189354543e+01 -1.450640985388590387e+01 -2.325890322196962501e+01
1.487636407892580515e+01 -8.726013744565688235e-01 -1.685010053805622476e+01
8.577592575404473507e+00 -1.187244332521871115e+01 -1.796437526021471598e+01
4.413019620788394803e+01 -5.076418583539366125e+01 -5.137006865219791507e+01
3.601605259046132090e+01 -5.739948404662487036e+01 -4.513736207199300310e+01
1.582528481139352650e+01 -6.892520726731699199e+01 -3.202786880856623242e+01
5.984481490517749336e+01 -3.845648448785441076e+01 -8.267075163166212803e+01
2.100911617089187544e+01 4.385298760540196383e+01 -4.018832365251322614e+01
1.051896067578359251e+01 2.669876515332542155e+01 -1.911814336275989845e+01
2.593289459425229637e+01 -6.902945281692868207e+01 -4.508917574122110494e+01
7.106891754630807156e+01 -5.198598276734599288e+00 -7.953008952211033034e+01
1.168816887129768034e+01 -3.121956764214980851e+01 -2.372321267481192208e+01
1.276322864354187381e+01 -3.305590984230046558e+01 -2.257306959409958580e+01
1.398294194717334094e+01 -3.605734570034406516e+01 -2.148225649027681428e+01
1.502183654393251011e+01 -3.977194412045112415e+01 -2.246851830559662488e+01
1.741132442917895062e+01 -4.534708433554267515e+01 -2.774402440459009611e+01
1.876714022958630324e+01 -3.023291481814736059e+01 -2.769597715514974112e+01
2.080142069154674900e+01 -2.988113850677606820e+01 -2.764360434047853232e+01
2.283673374069231699e+01 -2.889046931425992426e+01 -2.769769797458756244e+01
3.003966138292241439e+01 -2.430336851850482560e+01 -2.953279855935386422e+01
5.642458227449586872e+01 -7.196386493098342108e+00 -4.506635944282400175e+01
1.060727267843036792e+01 3.377945649907338321e+01 -2.538058084834497663e+01
1.417691091598607755e+01 4.724060580945346999e+01 -3.665301289931780104e+01
1.810820929662830281e+01 4.594249729462300991e+01 -3.911630278158062168e+01
1.739987558157083924e+01 -2.926759445223420997e+01 -2.835793208629951323e+01
5.683025896539075461e+01 -2.336569312579761970e+01 -5.421119284923667436e+01
8.442119160193261251e+00 4.789393894115454486e+01 -2.857948371755977490e+01
2.179022119108834232e+01 -5.141395298120383472e+01 -3.165344857800776879e+01
5.928134754623088476e+00 3.032268238161656271e+01 -1.501482539493527213e+01
1.474344490123882245e+01 1.554510517738390440e+01 -1.886450173264994845e+01
1.199353097486446984e+01 -5.507902725080532491e+01 -2.863196909516527455e+01
3.549379052361813791e+01 -3.951310802616364271e+01 -3.685553007916688273e+01
2.699800896247704429e+01 -2.964716753306638086e+00 -3.005878562578578084e+01
2.945392713106283722e+01 -4.636060405095545178e+01 -3.430476144386837234e+01
4.241593180256902684e+01 -1.484687276471588824e+00 -3.280297105865734153e+01
3.306439196150260784e+01 -9.619529235825060809e+00 -3.040276865914513849e+01
4.744184828013872846e+01 -1.258655841710170442e+01 -3.713444033322330284e+01
1.457211822646658561e+01 -6.266835162601090303e+01 -2.883091921522635204e+01
1.828064456511294722e+01 1.148164638686115246e+01 -2.335826880421910090e+01
4.167088090178128112e+01 -4.396006902303310682e+01 -4.350695797691459887e+01
3.379024841357555431e+01 -5.120010219841532972e+01 -3.964756715283598254e+01
4.014725950863867610e+01 -3.122676456737685413e+01 -3.767048539361149295e+01
6.326248220515043386e+01 -1.465522769837974337e+01 -6.050765422455374676e+01
4.874141586910390345e+01 -3.146701002824385185e+01 -4.466865869781423726e+01
6.725609865555074407e+01 -1.926113224887500408e+01 -7.601871217901897637e+01
3.764088648433396855e+01 -1.887203512309026721e+01 -3.270525426501438915e+01
1.450663144917203873e+01 2.201369229941668593e+01 -2.345170268922576895e+01
1.381481369506450463e+01 1.403178830923579978e+00 -8.965693671783650842e+00
1.747008444703028118e+01 -3.467647962876442280e-01 -1.597107674572055735e+01
1.141335049895071663e+01 6.226424526913454827e+00 -4.461737362472841362e+00
1.961730762857850863e+01 5.373319386466520342e+01 -3.466632264125667007e+01
3.029785138315412496e+01 5.786499680697984616e+01 -3.387485986431526186e+01
3.953651357831301283e+01 5.868503889343296720e+01 -3.454408674254578671e+01
4.716959826426920444e+01 5.760491691928164215e+01 -3.731156356132451890e+01
5.250188388008050566e+01 5.459238308188439248e+01 -4.146751357705267793e+01
5.637441960074804825e+01 4.215255120266230193e+01 -5.123748570463992991e+01
7.478399876333531893e+01 2.466717284913815789e+01 -8.030260583236515970e+01
5.155318409421051484e+01 3.190829966220762515e+01 -4.541647408395212437e+01
4.484203545717576844e+01 2.970468883488711143e+01 -4.134066185978137042e+01
3.608159035649300961e+01 2.970277170779096210e+01 -3.847633849290721031e+01
2.770352860583408372e+01 3.132404437754754767e+01 -3.711654517504641149e+01
2.126989297506750276e+01 3.364486382359370964e+01 -3.719611335724373191e+01
1.679985639764993266e+01 3.598050176083273755e+01 -3.677303978094037973e+01
7.440528177679671273e+01 2.490342154005113429e+01 -1.055536188916112650e+02
1.704401196320548095e+01 -2.191441110168748541e+00 -1.921883558582208096e+01
1.045867031307099460e+01 2.033396053247652446e+01 -1.382573801189097651e+01
9.623322411548759447e+00 1.123322218928134220e+00 -3.798182737348010374e+00
6.127659989986328881e+00 -2.140243084040067689e+00 -6.336394740071800591e+00
9.471501147974731083e+00 3.375643274113998560e-02 -6.999635234011593710e+00
1.516004000964831100e+01 -4.239448417588277174e+00 -2.131205501648939205e+01
5.130830222070025037e+00 -2.797057883856447713e+00 -4.597181420260813667e+00
4.395273949907617883e+00 -4.173171319249759925e+00 -1.224858654277550585e+01
1.695035643026553274e+01 4.156250338718587756e+01 -4.023034791416763056e+01
1.321703781420437451e+01 3.986597770482466530e+01 -3.616955452095201196e+01
1.117695208434441412e+01 3.871808677988082081e+01 -3.174454122941003220e+01
4.800619935593444865e+01 4.498644464395261622e+01 -4.430895737573256099e+01
5.144094312453022155e+01 4.804724060869828861e+01 -4.466748724361315226e+01
