7.175163982970161891e-02 3.906923557155293736e+01 -1.854363177959809050e+01
-4.822098817483963273e+01 3.983475092339791246e+01 -4.369770063728203979e+01
-7.765509903101591727e-02 5.889897332320066425e+01 -2.329686416489616718e+01
-1.386136837497864427e-01 6.907232172080961163e+01 -2.186408701959599199e+01
-2.667680641546413822e-01 1.006687512499736954e+02 -2.878893216487061224e+01
-7.191077954223895574e+01 6.665506948987685121e+01 -7.609562439445690529e+01
-2.910959663273378339e+01 3.259282900187102427e+01 -3.615872660347569223e+01
-3.593791023174829036e+01 3.209845472393912758e+01 -3.684425620456316608e+01
-4.216585047838802325e+01 3.286482036078044899e+01 -3.893673630895572302e+01
-5.017422711756241682e+01 3.727421374889563310e+01 -4.486539622946598627e+01
-2.320470196244573557e+01 3.456834907762013387e+01 -3.722609698804551925e+01
-3.752944662351868743e+01 5.312045090426325089e+01 -3.442687737899513678e+01
-3.029906720685031374e+01 5.234403477654115022e+01 -3.419590510713758391e+01
-4.422389290112961646e+01 5.197514120057051201e+01 -3.689201704195193798e+01
-4.874245587948834668e+01 4.915267327854360957e+01 -3.958446461178553477e+01
-5.028909177219080817e+01 4.199727159579889957e+01 -4.610375317848366450e+01
-7.381305000763714474e+01 3.643420066785532896e+01 -7.822025992280141793e+01
-6.241936816435688939e+01 3.820252133911956349e+01 -5.545369827032086363e+01
-5.948826137017900351e+01 5.806745288086261780e+01 -4.302243643223761183e+01
-4.454940170598966631e+01 6.699892748963681299e+01 -3.171139492643994373e+01
-5.341480394388322139e+01 6.405463140498721941e+01 -3.722784732911642891e+01
-6.611945350962206192e+01 7.980355830225677494e+01 -6.300230697881055164e+01
-1.505330149547614127e+01 6.087604751747434761e+01 -2.534607208555495816e+01
-2.394412595091458940e+01 4.943076240000630861e+01 -3.590506847863458262e+01
-5.743855227857011414e+01 6.885147397546822390e+01 -4.025562995312396453e+01
-3.219468831034630085e+01 6.661174432421049119e+01 -2.747841206004351378e+01
-3.353439321240784210e+01 7.260389522316648936e+01 -2.609662577301885023e+01
-3.952585494473783712e+01 9.711434784783752150e+01 -3.709664576860436114e+01
-6.186608731420685814e+01 7.435034575976723659e+01 -4.965925238932852182e+01
-3.589506893348805505e+01 8.490166160441442855e+01 -3.086176643451892332e+01
-6.358620313612703967e+01 6.114124337529203501e+01 -4.873313176662495749e+01
-6.787374135589661250e+01 6.345069446511577382e+01 -6.118249874739866812e+01
-5.602652514356363866e+01 9.023680906159573567e+01 -4.913815826519325469e+01
-5.194803793817901294e+01 8.194655101139390752e+01 -3.965977038753273831e+01
-4.722183313843591890e+01 7.280481939696662153e+01 -3.255352344549449128e+01
-1.736203488291940999e+01 7.071548998246433371e+01 -2.271538891431919538e+01
-1.913864957973202863e+01 8.480843611252636549e+01 -2.575515276197505798e+01
-2.144342740979331552e+01 1.000865323367641082e+02 -3.014703339667606130e+01
-4.736422894919382998e+01 3.442624324886524789e+01 -4.211195619686574787e+01
-1.933286660517905631e+01 3.667676709810679370e+01 -3.811322947314205578e+01
-5.581950479792451603e+01 4.715236204036993684e+01 -4.581432595978807143e+01
-6.128105361199587264e+00 3.715288704262908936e+01 -2.095524409666435872e+01
-6.129866866620965737e+01 4.870761750885747432e+01 -4.917456075261440418e+01
-7.514729271782960041e+01 3.675561561762278728e+01 -1.006734918061187756e+02
-5.214063177825018869e+01 4.156270140000314939e+01 -4.759337710122754572e+01
-1.910103090272716031e+01 3.963439541572309821e+01 -3.967801109024103567e+01
-7.101745584060432748e+01 5.076509421758619567e+01 -7.158837362833868667e+01
-6.787923139153772922e+01 3.687836800910581303e+01 -6.206096913048115482e+01
-4.201149046313255297e+01 3.681174858893065505e+01 -3.936787038023005181e+01
-3.629973983215156608e+01 3.585602316774278364e+01 -3.762178357268982865e+01
-2.088930687622407856e-01 8.431681449855787491e+01 -2.433477744835838763e+01
-3.038504881902060362e+01 3.616193928602104535e+01 -3.738388702438658129e+01
-2.478164897853823945e+01 3.747695231057277709e+01 -3.831906480823279537e+01
-2.101122333284819632e+01 3.850937134189749145e+01 -3.973918447787107056e+01
-6.603857836334248077e+01 5.012248039748131845e+01 -5.610470328184291589e+01
-2.512774859033839547e+01 4.553142805117089154e+01 -3.709383195616400997e+01
-3.102439356255711544e+01 4.804673190346316147e+01 -3.635698536071203790e+01
-3.706576109910881911e+01 4.871392674924661748e+01 -3.671160833913979360e+01
-4.302662522227896602e+01 4.752372755811373395e+01 -3.853056948356339007e+01
-4.665854971063408385e+01 4.531647843839235179e+01 -4.068973262606689900e+01
-7.474132636425538578e+01 5.309046755192037637e+01 -9.001783462790280055e+01
-4.577800600666063247e+01 3.828425648528204306e+01 -4.171038475887998942e+01
1.753454828715156344e-02 4.883986149358576512e+01 -2.325340902139808463e+01
-2.090550436023980296e+01 4.200246234561850400e+01 -3.866762017684982311e+01
-1.420420240423239377e+01 4.591611893540420652e+01 -3.508791033982262775e+01
-1.808733509428927633e+01 4.401641898300794509e+01 -3.760004263724328410e+01
-8.508419102750945484e+00 4.734677553726299948e+01 -2.725073532492119810e+01
-1.994591434925028395e+01 5.284509700254952946e+01 -3.301494375802990078e+01
-3.087039981522512377e+01 5.720568912994608013e+01 -3.249227059502890569e+01
-4.018628355319351186e+01 5.796991779717222215e+01 -3.345582955414606374e+01
-4.782385346973891416e+01 5.662813101809298644e+01 -3.634702346754985314e+01
-5.319128783196774179e+01 5.320405236965743967e+01 -4.051091888716840828e+01
-5.663621848769611233e+01 3.993351142653274621e+01 -5.054066598317776027e+01
-1.676366951071225486e+01 3.927613465786340186e+01 -3.880393583253310652e+01
-1.303032842837440164e+01 3.810181267169789265e+01 -3.493426933429305592e+01
-1.095661165136211501e+01 3.739202259678057061e+01 -3.078803568909243538e+01
-4.867197041061412222e+01 4.361630541054683619e+01 -4.308772036826944429e+01
-5.194242520232690907e+01 4.610841315682036878e+01 -4.347980449113956780e+01
4.769903334673128370e+01 3.986489278055388041e+01 -4.367154042176731821e+01
7.166291016426674787e+01 6.683140003573150523e+01 -7.618196446742611272e+01
2.887498455085268745e+01 3.261505363759169285e+01 -3.619849782409927030e+01
3.567054585553030677e+01 3.221614500026221606e+01 -3.689045097403226237e+01
4.183768791965264455e+01 3.304317440018540708e+01 -3.900272879966939144e+01
4.962409039384704101e+01 3.739681938064346411e+01 -4.491510298969171799e+01
2.305351806153401029e+01 3.459749067491543428e+01 -3.728136467715868463e+01
3.687751990050808359e+01 5.297500218054138088e+01 -3.448174752736772319e+01
2.967372526102701613e+01 5.226412621742003495e+01 -3.424183337396785021e+01
4.351897639590100653e+01 5.177151699977066812e+01 -3.696516421012278641e+01
4.807074616862224303e+01 4.902939348308053269e+01 -3.957573620879644238e+01
4.972714181412276702e+01 4.199727159579889246e+01 -4.610375317848367160e+01
7.362973950775433707e+01 3.678087456262092303e+01 -7.828109609779293976e+01
6.191966771758373511e+01 3.844809105754207224e+01 -5.544722146239099914e+01
5.861548137643553957e+01 5.791293002382740696e+01 -4.296080108219339166e+01
4.370063815577265132e+01 6.666872320753222425e+01 -3.153418780140637168e+01
5.250712727041286598e+01 6.376271762272988752e+01 -3.707140237109816638e+01
6.554735014234174173e+01 7.992085926913183869e+01 -6.305332749719079999e+01
1.470567520262825312e+01 6.079280705904844950e+01 -2.530991684347186421e+01
2.354007814839758339e+01 4.942008051500528865e+01 -3.599594249595305229e+01
5.644587202235034340e+01 6.849637599081110295e+01 -4.010572216384920097e+01
3.147523759255464171e+01 6.640128019659471192e+01 -2.736791557930566654e+01
3.273989329606054355e+01 7.237651507115248251e+01 -2.601194124746365688e+01
3.868273582456968285e+01 9.711381751017141539e+01 -3.711443833602789510e+01
6.110630724541027092e+01 7.432883091944931664e+01 -4.956450448336912729e+01
3.516168900741835301e+01 8.485748265571571380e+01 -3.085779576896501553e+01
6.276891225119669571e+01 6.097117500604475282e+01 -4.871860844414799629e+01
6.734704617913058655e+01 6.350096414330880634e+01 -6.116382269818515738e+01
5.519669707426186989e+01 9.030654329595343199e+01 -4.913829699932598771e+01
5.107253261315688064e+01 8.183790204955228376e+01 -3.957744790168515436e+01
4.628304313172753837e+01 7.251475865518000319e+01 -3.236876364050950627e+01
1.683052295840786172e+01 7.059567409042924169e+01 -2.268680290201443839e+01
1.855471484684061423e+01 8.478189370740345510e+01 -2.577035608187503968e+01
2.077523231596361342e+01 1.000967709717028669e+02 -3.013012413017262503e+01
4.686789842801983497e+01 3.459954020485090354e+01 -4.207289350384316862e+01
1.920933611173718347e+01 3.670909180462790289e+01 -3.822211219936634308e+01
5.514908301966361392e+01 4.707481331463660723e+01 -4.581536653933872572e+01
6.273907849905001832e+00 3.715040517667238618e+01 -2.096674283364772506e+01
6.067048228216556538e+01 4.877802706696308377e+01 -4.924119417302907920e+01
7.543533352820924165e+01 3.708428293234744899e+01 -1.007845970997090319e+02
5.158997296067622784e+01 4.154434004416308568e+01 -4.763681313917557247e+01
1.892467280113723049e+01 3.959813476565211232e+01 -3.982483284089500586e+01
7.080627039645298737e+01 5.098066799476279698e+01 -7.167435307745384421e+01
6.746383323309451896e+01 3.716335518719743902e+01 -6.209032107009516466e+01
4.163457849043305714e+01 3.691320965425236267e+01 -3.938784517413478881e+01
3.598399444446917528e+01 3.591348482556767863e+01 -3.767944690619729897e+01
3.011489146073794743e+01 3.623470074990482459e+01 -3.741748044202495294e+01
2.459253861741047231e+01 3.748554776789811172e+01 -3.841927217037234499e+01
2.087844819599474988e+01 3.848421769871411158e+01 -3.985020614005227202e+01
6.551786631541591532e+01 5.022647739560046887e+01 -5.605695628025003430e+01
2.470153620890465973e+01 4.550977527906310627e+01 -3.718382173644464928e+01
3.044831036443169126e+01 4.799639516005120043e+01 -3.642818760706340697e+01
3.638022637728041531e+01 4.861086355422914096e+01 -3.681603949292962596e+01
4.230734453392982886e+01 4.741726894638764378e+01 -3.851785865940309606e+01
4.596319685560411727e+01 4.527995658586920058e+01 -4.071706881697568292e+01
7.482239279231926332e+01 5.339544555884994992e+01 -9.012293461670253691e+01
4.534330940889599049e+01 3.838524499858497308e+01 -4.173624161457883019e+01
2.064461354609461452e+01 4.198640213279470856e+01 -3.877488033502552156e+01
1.411400180662563031e+01 4.590539856252161854e+01 -3.515303182625225276e+01
1.786598460027718005e+01 4.403656670353058900e+01 -3.772282155410641735e+01
8.495568361565151605e+00 4.732226345397619838e+01 -2.725292852602188631e+01
1.962030391203732194e+01 5.280978710651965713e+01 -3.305209352910485876e+01
3.029409981923756945e+01 5.707028235256291282e+01 -3.246685384722747614e+01
3.952489001943309432e+01 5.778623880677294267e+01 -3.338202406496151298e+01
4.715143043661366562e+01 5.644727347312961285e+01 -3.631570227722716027e+01
5.246094436368397851e+01 5.305617404158856232e+01 -4.051990474401112152e+01
5.605321499383915551e+01 4.004277215421591762e+01 -5.052979089055499884e+01
1.669296767143991644e+01 3.922789752081395420e+01 -3.887937215084824061e+01
1.304239691655500266e+01 3.808478465944858726e+01 -3.498067477769939160e+01
1.101145683724415214e+01 3.737273630354486897e+01 -3.080375878925132938e+01
4.805058066025558361e+01 4.359959567631381105e+01 -4.315697237461965585e+01
5.131534265629931468e+01 4.604388120495614345e+01 -4.351121332077550363e+01
