-2.546872153812127504e-01 3.964502188459514542e+01 -1.941143720381928617e+01
-4.801526429450353106e+01 4.211396845302850522e+01 -4.491292458047574598e+01
-3.787509388813798950e-01 6.820537180504763342e+01 -2.321480105653463610e+01
-8.893804403178455775e-01 1.004759748461994349e+02 -3.160513097316144737e+01
-7.127954422120181732e+01 6.860462629960112224e+01 -7.778436098042834601e+01
-2.893848330272075486e+01 3.567383255692391941e+01 -3.769802431447942581e+01
-3.546479345605803957e+01 3.513425720686851861e+01 -3.822561290299827164e+01
-4.171964868911442892e+01 3.544729871222158124e+01 -4.018485381978489812e+01
-5.013087957468493272e+01 3.955993662565352764e+01 -4.584831924421050786e+01
-2.347135257127802532e+01 3.746492068035728806e+01 -3.859934419235602121e+01
-3.767293247355217289e+01 5.416291421035989373e+01 -3.584596303828797659e+01
-3.063684356047158275e+01 5.348011495493006606e+01 -3.575677248966233890e+01
-4.424167618618705689e+01 5.323340858848886370e+01 -3.806331143515280502e+01
-4.867189006027599163e+01 5.077393950906105147e+01 -4.072975488895087182e+01
-5.029737970770732858e+01 4.399210848735572910e+01 -4.721745458683997754e+01
-7.379985621989125377e+01 3.877825560254675707e+01 -7.888082735475850882e+01
-6.245429036833930780e+01 4.008094541786926612e+01 -5.608270791029710978e+01
-5.891268540581676660e+01 5.907299324928226270e+01 -4.382149595922098229e+01
-4.407409597267135837e+01 6.689484479444067233e+01 -3.249124710009030537e+01
-5.287302491104847491e+01 6.443489953469344300e+01 -3.782734029977244461e+01
-6.535613774714815349e+01 8.097204757690592203e+01 -6.502999346593476560e+01
-1.512006181002399430e+01 6.051372674472045077e+01 -2.646639745127661669e+01
-2.451265738523275672e+01 5.093318623724843519e+01 -3.754086619642997391e+01
-5.664110969372560334e+01 6.918799369259805587e+01 -4.112298988581896708e+01
-3.195664249178935279e+01 6.619978353804000903e+01 -2.846979696697312789e+01
-3.318407410035165839e+01 7.197269243667744831e+01 -2.728816636196924961e+01
-3.942582200329027131e+01 9.704695990931736560e+01 -3.978504332717982805e+01
-6.103943464116661488e+01 7.513494386158386362e+01 -5.115628922753607810e+01
-3.565800204592786571e+01 8.460827603211514258e+01 -3.296926522610849020e+01
-6.292798764756672369e+01 6.218390875423278885e+01 -4.973667675487330087e+01
-6.718984470815885857e+01 6.493582326598034626e+01 -6.263417749497372711e+01
-5.540232142823170847e+01 9.068482513285069047e+01 -5.143074487079999102e+01
-5.120803144323329548e+01 8.208957036331885604e+01 -4.145849879975595798e+01
-4.662547391439243682e+01 7.255421372819523640e+01 -3.371142254900355084e+01
-1.730438044145015652e+01 6.988962054074033858e+01 -2.401113012450178275e+01
-1.926699039038205186e+01 8.442516918291320849e+01 -2.802725400046760029e+01
-2.176089024334068256e+01 9.981654293680693968e+01 -3.296680316744581063e+01
-4.708005068300519014e+01 3.685203594997499010e+01 -4.317308561647680420e+01
-1.994750653876620206e+01 3.932693752474420990e+01 -3.956262768419451703e+01
-5.570276657680126675e+01 4.894165500506422717e+01 -4.673077021060956326e+01
-6.863418602000530200e+01 2.509852283880000456e+01 -5.971878646231628096e+01
-6.604222796880717894e+00 3.786955639435533527e+01 -2.186322584982691808e+01
-6.679829952702209539e+01 1.020740716776623458e+01 -5.724010799128564031e+01
-6.109440741079254877e+01 5.028965847663019417e+01 -5.005873861996059304e+01
-7.518727164560154108e+01 3.949542518190786922e+01 -1.014463821921265207e+02
-5.230239405361908211e+01 4.373121121047814341e+01 -4.851398182328034636e+01
-1.995431451018344404e+01 4.207355126119425393e+01 -4.130331854597582719e+01
-7.073850561879511645e+01 5.274433806676406533e+01 -7.269416245061643167e+01
-6.791325132133835041e+01 3.885905294510461516e+01 -6.270862140110232019e+01
-4.148889416920916773e+01 3.973390796735488095e+01 -4.079271465094791438e+01
-3.578162355155740215e+01 3.906503851509105374e+01 -3.913394441166148852e+01
-1.173332081653608583e+01 -7.296840458638286009e+01 -4.004279442633904296e+01
-6.367943017159234387e-01 8.397432248997193938e+01 -2.668887771448883939e+01
1.928684433721093772e+00 -7.443555953376340995e+01 -3.816943518218627673e+01
-3.023316179917901536e+01 3.942368469529109376e+01 -3.888974869778861887e+01
-2.505178079401115099e+01 4.055607948934098061e+01 -3.985652087043678904e+01
-2.166319814174622849e+01 4.130709212715514411e+01 -4.129125451665489521e+01
-6.575128511073927484e+01 5.172229269347649705e+01 -5.693010231260122112e+01
-2.552685585461706452e+01 4.653581255702479069e+01 -3.875571668120831248e+01
-3.120005825482280315e+01 4.836612947867035928e+01 -3.780715623905759060e+01
-3.700852866696639154e+01 4.886558713668764398e+01 -3.813397926163325025e+01
-4.280942161398304791e+01 4.792807577121063645e+01 -3.985522722781699656e+01
-4.646827126716256373e+01 4.625600901380946794e+01 -4.197127083463208663e+01
-7.441896475947056899e+01 5.552557182317207918e+01 -9.124439718746052108e+01
-4.535602218756041282e+01 4.087061766640314886e+01 -4.299954614743258929e+01
-2.488437355212227420e-01 4.911781809063796800e+01 -2.437544250757939324e+01
-3.254820344683486155e+01 -5.728562978883368118e+01 -4.497126250332097896e+01
-2.166408627383092877e+01 4.388564173820434888e+01 -4.031930716092460187e+01
-2.211148630021433803e+01 -6.894075730128012935e+01 -4.508605937007667563e+01
-5.518691972125746759e+01 -7.566034100575749655e+00 -4.514685389261115489e+01
-1.480540093910259891e+01 4.731077214149196664e+01 -3.659242437027938877e+01
-1.882371372261900078e+01 4.597247628111011153e+01 -3.918155618341751989e+01
-5.488578634110910315e+01 -2.358230345678435924e+01 -5.417132701691898689e+01
-8.946580003967770978e+00 4.793393681346059054e+01 -2.858432646496522267e+01
-4.604011958571680907e+01 -1.294891084056643571e+01 -3.714070149238215635e+01
-4.642690983291804940e+01 -3.170065556719808697e+01 -4.467362986578439887e+01
-2.032887318776604957e+01 5.380872189783681137e+01 -3.462072726577613935e+01
-3.098830304399304580e+01 5.795748530218549632e+01 -3.382164532319156081e+01
-4.014946577455780385e+01 5.874843378212838729e+01 -3.451634314713270868e+01
-4.776974664125155812e+01 5.766613285540270084e+01 -3.729020554353529349e+01
-5.302759024073685623e+01 5.458880318177995861e+01 -4.139673589661557429e+01
-5.665516614518129757e+01 4.198911560960667799e+01 -5.125159133728173089e+01
-1.759423070595175531e+01 4.162207322492040618e+01 -4.031517610817057573e+01
-1.372367060916132786e+01 3.990035545686878748e+01 -3.621604938201186741e+01
-1.159250239203749366e+01 3.872460043092190318e+01 -3.175791950365545802e+01
-4.861339236528051089e+01 4.502317971242993622e+01 -4.424715297453182217e+01
-5.195515968422779451e+01 4.804585963333818199e+01 -4.459448674566576898e+01
